Optimize time:1.867165599796507
Begin Prob:-27027.949786412442
End Prob:-26131.03474089133
Substitution parameters back:[0.2760992647159413, 0.18842944767362763, 0.22179323197207884, 0.3136780556383522, 5.745228625788468]
Substitution parameters hot:[0.1632272925952765, 0.33753822511725123, 0.3487646199458929, 0.15046986234157944, 7.0823451913379945]
Transition parameters:[0.9997400931870377, 0.6571803567656862, 0.001066040854390544]
hscale parameters:6.149257320800535
Trees:
(4:798.374077874967,(1:798.3585613267588,(2:798.374077874967,3:798.374077874967):798.374077874967):798.374077874967);
(4:798.0515931261533,(2:793.6471750975246,(1:798.374077874967,3:798.374077874967):798.374077874967):798.3620819003421);
(4:798.374077874967,(3:798.374077874967,(1:798.374077874967,2:798.374077874967):798.374077874967):798.374077874967);
(4:4909.4076431100175,(1:4909.312227862355,(2:4909.4076431100175,3:4909.4076431100175):4909.4076431100175):4909.4076431100175);
(4:4907.424601407528,(2:4880.340701601117,(1:4909.4076431100175,3:4909.4076431100175):4909.4076431100175):4909.333876775235);
(4:4909.4076431100175,(3:4909.4076431100175,(1:4909.4076431100175,2:4909.4076431100175):4909.4076431100175):4909.4076431100175);

Position, Posteriors1, Posteriors2, Posteriors3, Posteriors4, Posteriors5, Posteriors6,
0, 0.7377036438446524, 0.1312546929121034, 0.1304887501182683, 0.0001843136044400222, 0.00018429945550123237, 0.0001842991497268637,
1, 0.7381169498858847, 0.13125269327207478, 0.13048623352050973, 4.80394604144331e-05, 4.804146613337796e-05, 4.804148079375908e-05,
2, 0.7383318716814536, 0.1312105656144733, 0.13044499534515552, 4.189061252541618e-06, 4.188696624433779e-06, 4.188687257604295e-06,
3, 0.7384656284916499, 0.13114900203762034, 0.1303843182980147, 3.5012640136803544e-07, 3.500673086014254e-07, 3.5006597305925844e-07,
4, 0.7385569911123547, 0.13110267328066155, 0.13033885808409992, 4.922441291239521e-07, 4.921847827057393e-07, 4.921834399073913e-07,
5, 0.7386652690850622, 0.13104821223433924, 0.13028627490506808, 8.09633185604568e-08, 8.095350684979976e-08, 8.095329860936841e-08,
6, 0.7387785446046136, 0.13099070917306685, 0.1302306890230501, 1.8766494546122064e-08, 1.876445618839118e-08, 1.8764413106387498e-08,
7, 0.7389094645011595, 0.13092406080730185, 0.13016598764262113, 1.6205942134757277e-07, 1.6204466382753117e-07, 1.620443470825819e-07,
8, 0.7390169777502045, 0.13086937885940197, 0.13011321492397407, 1.4252896119966963e-07, 1.4251908593001377e-07, 1.4251895709988412e-07,
9, 0.7390898553009952, 0.13082892213358213, 0.13007462658416127, 2.1982428334151125e-06, 2.1984165963553723e-06, 2.198422627771262e-06,
10, 0.7391874103397388, 0.13078264101966605, 0.13002848355548655, 4.880890392333661e-07, 4.880483384728136e-07, 4.880476109938434e-07,
11, 0.7393026930488458, 0.1307249525693914, 0.12997091998983462, 4.778590065481598e-07, 4.778157116714258e-07, 4.778148220744181e-07,
12, 0.7394242171183271, 0.13066413890972634, 0.12991138544838843, 8.58690051606565e-08, 8.587428844114519e-08, 8.587431974014308e-08,
13, 0.739564879817678, 0.1305923286629278, 0.12984257682341205, 7.126792768963317e-08, 7.126189755878348e-08, 7.126176369606556e-08,
14, 0.7397196723238777, 0.1305134875019629, 0.12976677436619427, 2.163609810351029e-08, 2.1633023628534356e-08, 2.1632955037159754e-08,
15, 0.7398569197205334, 0.13044241529679293, 0.12969875767392566, 6.355118462221857e-07, 6.354454512644134e-07, 6.354439584665679e-07,
16, 0.7400172222287378, 0.1303611006199185, 0.12962060184648366, 3.581747327657155e-07, 3.5811164387494946e-07, 3.581102699406909e-07,
17, 0.7401595077338253, 0.13028775640693252, 0.12955033431720017, 8.003022043871054e-07, 8.001665116042305e-07, 8.0016352545926e-07,
18, 0.7402770641520802, 0.13022533060088712, 0.12949091163829163, 2.2311246185830906e-06, 2.2307892179777243e-06, 2.2307819490007174e-06,
19, 0.7404051245045432, 0.13015821183841364, 0.1294268871121104, 3.258807034722349e-06, 3.258416753300323e-06, 3.2584088070891103e-06,
20, 0.7404971866763748, 0.13011526529349027, 0.12938695886818033, 1.9610754115732658e-07, 1.9607366853812726e-07, 1.9607296707706771e-07,
21, 0.7405676336799815, 0.13007754838563174, 0.12935228227533072, 8.449827177876288e-07, 8.448862620731491e-07, 8.448842145079361e-07,
22, 0.7406528771279125, 0.13003298269946922, 0.12931141768731955, 9.072639709668347e-07, 9.071587216458467e-07, 9.071564205443373e-07,
23, 0.740747044722001, 0.12998500309806849, 0.12926720995810764, 2.471313637007561e-07, 2.4709375917822124e-07, 2.470929745528254e-07,
24, 0.7408426989225501, 0.1299346135651378, 0.12922062806666512, 6.862324695605081e-07, 6.861546470570952e-07, 6.861530779774106e-07,
25, 0.7409278338886215, 0.12989075845099948, 0.12918055462056913, 2.8407362614531147e-07, 2.840311226148365e-07, 2.8403019434167996e-07,
26, 0.7409961642326752, 0.1298541771948222, 0.12914815067959684, 5.023706619588088e-07, 5.023098307672977e-07, 5.023084728940562e-07,
27, 0.7410814415504637, 0.12981044116172402, 0.1291075344301038, 1.940034361127252e-07, 1.9397591318761662e-07, 1.9397534639240998e-07,
28, 0.7411521978557158, 0.1297734122674806, 0.129073574779561, 2.7142064726502845e-07, 2.7138612445498985e-07, 2.713853872680011e-07,
29, 0.7411873292086967, 0.12975472136748745, 0.12905787789940104, 2.3540769259485557e-08, 2.3537939302309258e-08, 2.3537879069104826e-08,
30, 0.7412405051569451, 0.1297265681082645, 0.12903274998095426, 5.861849408897731e-08, 5.8613495619298384e-08, 5.8613388642341706e-08,
31, 0.7413048284146733, 0.1296929163357041, 0.12900212516064827, 4.305734342443724e-08, 4.306146087044657e-08, 4.3061537483935056e-08,
32, 0.7413505016071195, 0.12966794899153053, 0.12898100004909785, 1.8280448147082644e-07, 1.8281934116167438e-07, 1.8281984017223848e-07,
33, 0.7414123222105378, 0.12963583976833865, 0.1289513136900938, 1.7448476655155404e-07, 1.7446805117491442e-07, 1.7446772862964378e-07,
34, 0.7414886764407089, 0.12959532848283528, 0.12891325245832, 9.139482962995553e-07, 9.138793784559631e-07, 9.1387801054322e-07,
35, 0.7415829810334928, 0.1295466509198289, 0.12886737204653678, 9.983244615636464e-07, 9.983822973329637e-07, 9.983843672253213e-07,
36, 0.7416563117758369, 0.1295098764798386, 0.12883335269608542, 1.527210835018154e-07, 1.5270980016426588e-07, 1.527096110162332e-07,
37, 0.7417332823870025, 0.12947003074530203, 0.12879629716103022, 1.2960814484323014e-07, 1.2959649595436593e-07, 1.2959623665310775e-07,
38, 0.7418273302216045, 0.12942159442078932, 0.12875102592449447, 1.6176713843166786e-08, 1.6174813311000598e-08, 1.6174770033276543e-08,
39, 0.7419377439465439, 0.12936473427811573, 0.12869738163236652, 4.6413631010549126e-08, 4.641010601327135e-08, 4.6410010129205936e-08,
40, 0.742064428628609, 0.12929806711469088, 0.12863401443042233, 1.1629139668423715e-06, 1.163001030616794e-06, 1.1630019109895484e-06,
41, 0.7422077765693186, 0.12922454437434475, 0.1285646452167266, 1.0110011687249975e-06, 1.0109630459022818e-06, 1.0109622823747129e-06,
42, 0.7423170851440056, 0.12916685009524959, 0.12851098738303984, 1.6920998643766307e-06, 1.6921796123692712e-06, 1.6921826844389451e-06,
43, 0.7424266810500989, 0.12911080687227458, 0.12845826054364387, 1.416948980566766e-06, 1.4168356068718247e-06, 1.4168335437144695e-06,
44, 0.7425256527259467, 0.12906151200121235, 0.1284122616279648, 1.9092615248718854e-07, 1.9090078808938865e-07, 1.909002399053047e-07,
45, 0.7426392042500393, 0.1290033198181161, 0.1283574115817788, 2.1146455534848048e-08, 2.1143270902201926e-08, 2.1143200898159324e-08,
46, 0.7427370996019685, 0.12895209409121938, 0.12830954696984626, 4.1949999721891313e-07, 4.194606017001117e-07, 4.194597692084411e-07,
47, 0.7428527966597599, 0.1288933688085679, 0.1282531904796843, 2.143994359892399e-07, 2.143695762687236e-07, 2.1436893562902915e-07,
48, 0.7429807411877257, 0.12882777328865705, 0.1281899804001833, 5.014531366228724e-07, 5.013802681911552e-07, 5.013786570523091e-07,
49, 0.7430741000339421, 0.1287791736508177, 0.12814372111683855, 1.0015043609736466e-06, 1.0013940267656784e-06, 1.0013916045555015e-06,
50, 0.7431429392949274, 0.1287445579413034, 0.12811218234793495, 1.0649885227587573e-07, 1.0650310662371737e-07, 1.0650329875365688e-07,
51, 0.7431925632258912, 0.12871830968222903, 0.1280889100865892, 7.203601379808603e-08, 7.202841544089191e-08, 7.202825949264146e-08,
52, 0.7432295044590363, 0.12869845819716583, 0.1280720112657424, 8.3885983143816e-09, 8.387707840062862e-09, 8.38768942940019e-09,
53, 0.7432528843611862, 0.1286851866007166, 0.12806175824503863, 5.663085079207057e-08, 5.6623272104096006e-08, 5.6623115433109403e-08,
54, 0.7432470896575517, 0.12868510981271897, 0.1280647258206583, 1.0246731167595923e-06, 1.0245595251916672e-06, 1.0245569503172124e-06,
55, 0.7432590339533695, 0.12867737591657238, 0.12805946042663668, 1.3763621245921212e-06, 1.3762134582479396e-06, 1.376210139808941e-06,
56, 0.7432814216134583, 0.1286664259663076, 0.128050953409147, 3.9939383032461204e-07, 3.993518534290704e-07, 3.993510668468584e-07,
57, 0.7433124254678126, 0.12864571791182683, 0.12803270309736697, 3.0507213874441227e-06, 3.050939801163711e-06, 3.0509476604115402e-06,
58, 0.7433678692350576, 0.12861998755852985, 0.12800770690014618, 1.4784944116675514e-06, 1.4784488046288355e-06, 1.4784488418592657e-06,
59, 0.7434334394948134, 0.12858467541204618, 0.12797311343051423, 2.9234344180202123e-06, 2.9236544359938988e-06, 2.9236622305042426e-06,
60, 0.7435234007358589, 0.1285444646707421, 0.12793147896486054, 2.182506657773543e-07, 2.1823377192570419e-07, 2.1823350643017058e-07,
61, 0.7436284313820031, 0.1284923095645796, 0.12787784602069766, 4.7074076226173456e-07, 4.706913733311525e-07, 4.7069028581095677e-07,
62, 0.7437494745064893, 0.12843280339449187, 0.12781742161518572, 9.986712081484571e-08, 9.98523010911578e-08, 9.985198688834513e-08,
63, 0.7438867300098845, 0.1283629318368634, 0.1277465600420706, 1.2591540569901673e-06, 1.2590224027900605e-06, 1.259019651257618e-06,
64, 0.7440418224062537, 0.12828474412186086, 0.1276680270733777, 1.8019340743005773e-06, 1.801776692827108e-06, 1.8017734632937356e-06,
65, 0.7442112150096142, 0.1282018661424985, 0.12758475382451356, 7.213465060661003e-07, 7.213812799675862e-07, 7.213828539692127e-07,
66, 0.7444008842364915, 0.12810912522918572, 0.12748939030873413, 1.9978142929696435e-07, 1.99766791220882e-07, 1.997665570136034e-07,
67, 0.7445673125154831, 0.12802700427834945, 0.1274053604650077, 1.0728513691034492e-07, 1.0727175818229768e-07, 1.0727147731997668e-07,
68, 0.744716400713032, 0.1279534286741061, 0.12732995598792426, 7.124237302081422e-08, 7.123531148549036e-08, 7.123516266392299e-08,
69, 0.7448771891988011, 0.1278740692949959, 0.12724867763570305, 2.0987618212237234e-08, 2.0985054493609505e-08, 2.098499937940009e-08,
70, 0.7450002696589335, 0.1278133715641639, 0.1271862357977013, 4.06924516487766e-08, 4.0687695927333575e-08, 4.068758998560288e-08,
71, 0.7451289684762101, 0.12774986934089883, 0.1271209923074392, 5.6328075236462383e-08, 5.631895218780648e-08, 5.6318745585305905e-08,
72, 0.745279729882821, 0.12767373157459774, 0.12704299809335215, 1.17996459036778e-06, 1.1797908067652646e-06, 1.179786908294809e-06,
73, 0.7454408146651564, 0.12759068493018402, 0.1269580037182944, 3.498900885917536e-06, 3.498446071283742e-06, 3.4984360623926535e-06,
74, 0.7455769829046974, 0.12752356853957292, 0.1268898596574397, 3.1963039372800676e-06, 3.1958507259366097e-06, 3.1958410189226598e-06,
75, 0.7456779728664036, 0.12747081468532392, 0.1268362439613213, 4.9894780442659885e-06, 4.989058708766555e-06, 4.989048472453082e-06,
76, 0.7457590105501859, 0.12743201364277124, 0.12679655956405567, 4.1383343368860395e-06, 4.1385035061196e-06, 4.138502966339522e-06,
77, 0.7458560969775431, 0.12738760561248094, 0.12675195558219984, 1.4469980849199042e-06, 1.4469644193718838e-06, 1.446962018693811e-06,
78, 0.7459637040403252, 0.1273278355148727, 0.1266919664189713, 5.497250405064226e-06, 5.497934712667737e-06, 5.497941256159818e-06,
79, 0.7460885391851149, 0.12726245845617296, 0.12662711700199025, 7.294210303991236e-06, 7.295118114056588e-06, 7.295126887113293e-06,
80, 0.7462439238419531, 0.12719083187004532, 0.12655780889170293, 2.47802150706165e-06, 2.478237501844531e-06, 2.4782381050270334e-06,
81, 0.7464095770817496, 0.12710443301990038, 0.1264755772967118, 3.4708340666890405e-06, 3.470439644355136e-06, 3.4704292720227447e-06,
82, 0.7465849777909094, 0.12701007958679517, 0.1263854949307471, 6.482899586256235e-06, 6.4819565362521785e-06, 6.4819355457692866e-06,
83, 0.7467236008620317, 0.12694246855627142, 0.12632189916118108, 4.010635985779647e-06, 4.009949589561445e-06, 4.009934804114517e-06,
84, 0.7468271122724162, 0.12688954417893208, 0.12627284439331385, 3.499790454515429e-06, 3.499240535295655e-06, 3.49922847586762e-06,
85, 0.7469074244684081, 0.12685174852770265, 0.1262387430341929, 6.944437460401281e-07, 6.943141877869369e-07, 6.943113834572577e-07,
86, 0.7469698134181959, 0.12681942969467402, 0.12621004307157166, 2.376671091715767e-07, 2.376245991150133e-07, 2.37623684835161e-07,
87, 0.7470183615336206, 0.1267932995164965, 0.12618748979843342, 2.827743878133218e-07, 2.82741794213457e-07, 2.8274110173232894e-07,
88, 0.7470761952608347, 0.12676292061801148, 0.1261606792658131, 6.799281101689392e-08, 6.798418291537247e-08, 6.798399001153152e-08,
89, 0.7471487712082527, 0.12672491413694587, 0.12612627080410183, 1.4318080665887788e-08, 1.4316621586224252e-08, 1.4316590690598787e-08,
90, 0.7472370271261521, 0.12667888338307787, 0.1260838886536995, 6.66506552455797e-08, 6.664478722498003e-08, 6.66446659581966e-08,
91, 0.7473087781099689, 0.12664099818134633, 0.1260500651575401, 5.2554307678438296e-08, 5.254843775419686e-08, 5.2548314411391226e-08,
92, 0.7473834606380613, 0.12660140579388648, 0.1260145654548948, 1.8908559344372584e-07, 1.8906392488626737e-07, 1.8906343522769145e-07,
93, 0.7474674476686579, 0.1265574362773129, 0.12597470945573352, 1.352468019559112e-07, 1.3522731128235037e-07, 1.3522687101760707e-07,
94, 0.7475606926358899, 0.12650837715250296, 0.1259297858568346, 3.8118397108133023e-07, 3.811360599342889e-07, 3.8113498764969085e-07,
95, 0.7476324385488193, 0.126469791630695, 0.1258952580820543, 8.370130775120059e-07, 8.369133070191263e-07, 8.369110577883309e-07,
96, 0.747714917984764, 0.12642746353922915, 0.12585700112189924, 2.0550571847108047e-07, 2.054741559146494e-07, 2.0547347033791878e-07,
97, 0.747782890809096, 0.1263916539625812, 0.12582519374179868, 8.687087872256732e-08, 8.685913631164665e-08, 8.685889004702654e-08,
98, 0.7478533917297435, 0.12635399267832115, 0.12579156594495441, 3.496071342933008e-07, 3.4957044081335093e-07, 3.4956966410011784e-07,
99, 0.7479400003148056, 0.1263074272451072, 0.1257494407404411, 1.0436448378639914e-06, 1.043577824662358e-06, 1.0435768085790292e-06,
100, 0.7479979541641156, 0.1262740244989317, 0.12572040822938266, 2.5372893196897874e-06, 2.5374544627339486e-06, 2.537460215240063e-06,
101, 0.7480627740603188, 0.1262422729772323, 0.12569360548147832, 4.488791085466146e-07, 4.4884917627027003e-07, 4.4884871659829087e-07,
102, 0.7481332291972081, 0.1262049969219722, 0.12566126385296914, 1.6972537791131003e-07, 1.6970155553628535e-07, 1.697010759868923e-07,
103, 0.7482077046906046, 0.12616460379330996, 0.12562586621699404, 6.081909925013549e-07, 6.081049840815032e-07, 6.081031841611198e-07,
104, 0.7482514307994921, 0.1261394136609119, 0.12560552352483417, 1.2104551448349363e-06, 1.2103300343260933e-06, 1.2103275686146346e-06,
105, 0.7483037064515593, 0.1261095359027065, 0.12558050483772643, 2.0839392683578606e-06, 2.083982839123552e-06, 2.0839853698021716e-06,
106, 0.7483370021068917, 0.12609067415699934, 0.1255664604761005, 1.9542619471306796e-06, 1.954050020706002e-06, 1.954045612783295e-06,
107, 0.7483805492281682, 0.12606625425592408, 0.12554686095363154, 2.111697188972138e-06, 2.1114850173513838e-06, 2.111480109929883e-06,
108, 0.7483947658867472, 0.12605563819290871, 0.12554101137782953, 2.861205910802616e-06, 2.8612166442987647e-06, 2.8612151912276066e-06,
109, 0.7484097453231384, 0.12604544713529528, 0.1255367738187895, 2.677853153293806e-06, 2.6774872525054543e-06, 2.677478521943408e-06,
110, 0.7484031979663609, 0.1260436868532045, 0.12554101461411588, 4.033756137724178e-06, 4.032963142780452e-06, 4.032945192476519e-06,
111, 0.748363181156759, 0.12605440103106302, 0.12555794153161365, 8.159519346196266e-06, 8.157946765707192e-06, 8.157911372318221e-06,
112, 0.7483184040889677, 0.1260498566585501, 0.12555943091846436, 2.4105225957378046e-05, 2.4101146665387407e-05, 2.4101056691610745e-05,
113, 0.7482956264904502, 0.1260444765372197, 0.12555990707954523, 3.3332995388725965e-05, 3.332804851158406e-05, 3.332794477328225e-05,
114, 0.7483085517379716, 0.12603893381974285, 0.12556008450793205, 3.081217572242948e-05, 3.080846001262315e-05, 3.080839489805414e-05,
115, 0.7482868825828495, 0.12604257371074393, 0.1255695381776855, 3.366846367676411e-05, 3.366806733537816e-05, 3.366809413592812e-05,
116, 0.7483021119509621, 0.12604750255818098, 0.125578171457816, 2.407295826772362e-05, 2.4070111268816733e-05, 2.407006176224029e-05,
117, 0.7483179256359315, 0.12604483016789017, 0.12557909784531876, 1.9383956675632435e-05, 1.938077816684432e-05, 1.9380712164779772e-05,
118, 0.7483503357934279, 0.12603492151125908, 0.12557235846701884, 1.412940132857035e-05, 1.4126987969798015e-05, 1.4126936984632774e-05,
119, 0.7483958551086176, 0.12601843738218446, 0.12555962822721164, 8.693876800353437e-06, 8.69226908852406e-06, 8.692234083667376e-06,
120, 0.7484435562827455, 0.12599857225422503, 0.12554204993270837, 5.274154177407837e-06, 5.273246658287697e-06, 5.27322672853179e-06,
121, 0.748505386514704, 0.12597112454571874, 0.12551781632253617, 1.8907388105781251e-06, 1.8904891408591294e-06, 1.8904842293871165e-06,
122, 0.7485751121864406, 0.12593368636046615, 0.12548359640943352, 2.5346017221915285e-06, 2.5347659489807354e-06, 2.5347721785311375e-06,
123, 0.748646455026831, 0.12589728422273383, 0.12544951017120462, 2.249751336579837e-06, 2.2499586079461527e-06, 2.2499659687135557e-06,
124, 0.7487401150173253, 0.12585258883062753, 0.1254046409895468, 8.847842262210587e-07, 8.847376695221105e-07, 8.847369952684658e-07,
125, 0.7488441042696192, 0.12580182679115942, 0.1253536722795687, 1.3191340499056462e-07, 1.3192012083877312e-07, 1.3192022135332165e-07,
126, 0.7489264831618219, 0.1257601246984289, 0.1253126757414293, 2.385137564942745e-07, 2.3849009121926366e-07, 2.384895464921536e-07,
127, 0.7490190006396494, 0.12571383627470023, 0.12526705701693294, 3.505814198435333e-08, 3.505244004444745e-08, 3.505231269552161e-08,
128, 0.7490961444858134, 0.12567368692040035, 0.1252276622175526, 8.352217675585924e-07, 8.351240469571089e-07, 8.351218783369873e-07,
129, 0.7491516502881285, 0.1256462723506265, 0.12520111242102297, 3.213796358140654e-07, 3.2132718452690747e-07, 3.21326042531049e-07,
130, 0.7492206102512323, 0.12561053424218216, 0.1251662215689703, 8.777681409931633e-07, 8.776320407661589e-07, 8.776289653132026e-07,
131, 0.749301793598576, 0.12556656964323937, 0.12512233826445404, 3.0995287617159306e-06, 3.0990332831888486e-06, 3.0990220517436267e-06,
132, 0.7493893624738328, 0.12551573048756184, 0.1250715480102458, 7.786915390219877e-06, 7.785616163676895e-06, 7.785586759835258e-06,
133, 0.7495049790678089, 0.12545889531420457, 0.12501527673476207, 6.950253795504378e-06, 6.94887432422311e-06, 6.948843465346509e-06,
134, 0.7496259740556491, 0.12539912762324842, 0.12495610089743105, 6.266375708701446e-06, 6.265082610303811e-06, 6.26505385622965e-06,
135, 0.7497527385750881, 0.12533615140221502, 0.12489209703139274, 6.338199929440814e-06, 6.336952598755795e-06, 6.336925104535686e-06,
136, 0.7498855437726151, 0.12527087627113337, 0.12482580418274797, 5.925780072249624e-06, 5.924555007527936e-06, 5.924528512007283e-06,
137, 0.7499753568178935, 0.12522575493210508, 0.12477979389219453, 6.365191467465993e-06, 6.364136841001415e-06, 6.364114330884477e-06,
138, 0.7500469189682385, 0.12519415443669177, 0.12474728469322688, 3.880728622145742e-06, 3.8801355867692444e-06, 3.88012251078441e-06,
139, 0.7501334433944034, 0.12515512464076126, 0.12470814775355656, 1.0945560414233095e-06, 1.0943715387110354e-06, 1.0943674432106486e-06,
140, 0.7501962713803602, 0.125125071011461, 0.12467803391025625, 2.0761902053086487e-07, 2.07580839327088e-07, 2.0757998399382593e-07,
141, 0.7502725890893839, 0.1250869579943718, 0.12463982254615737, 2.0984179637693213e-07, 2.098027632757498e-07, 2.0980190566630467e-07,
142, 0.7503146132207625, 0.1250615374128495, 0.1246143508866837, 3.1661186661760154e-06, 3.165724848529171e-06, 3.1657159010513065e-06,
143, 0.7503683838149551, 0.12503333471880507, 0.12458606028083544, 4.073768061533064e-06, 4.073252949004133e-06, 4.0732412112712326e-06,
144, 0.7504539075969644, 0.12499652569728618, 0.12454915693261308, 1.3629579612545703e-07, 1.362739775506897e-07, 1.3627348244663126e-07,
145, 0.7505476195986284, 0.12494991425136341, 0.12450241506059156, 1.6721295775620138e-08, 1.6718742967193507e-08, 1.6718685946260185e-08,
146, 0.7506267396835411, 0.12490990160173178, 0.12446236997812264, 3.2929344808775644e-07, 3.2925616241419866e-07, 3.2925532969554494e-07,
147, 0.7507118275203559, 0.12486762533383648, 0.12442008185379871, 1.5480328934555046e-07, 1.5478050763335337e-07, 1.5477999045234003e-07,
148, 0.7508082802215987, 0.1248192041348668, 0.1243716058527278, 3.029803493163925e-07, 3.029438612285162e-07, 3.029430308730317e-07,
149, 0.7509197135565354, 0.124763164518526, 0.12431469015888941, 8.10338187693276e-07, 8.102521900900038e-07, 8.10250228903403e-07,
150, 0.751058349236016, 0.12469511814244842, 0.12424571774335237, 2.713452957584145e-07, 2.7130328514918506e-07, 2.7130233995942857e-07,
151, 0.7512070142238141, 0.12462102409134779, 0.12417062690955384, 4.44653243040973e-07, 4.4459762876355935e-07, 4.4459642653900465e-07,
152, 0.7513705062773433, 0.12453996380987278, 0.12408849314681655, 3.4531398577023153e-07, 3.4526416681599076e-07, 3.4526306495845823e-07,
153, 0.7514962014933984, 0.12447771213824298, 0.12402534651542776, 2.463349764704554e-07, 2.462982036622391e-07, 2.4629739297270505e-07,
154, 0.7516037197415463, 0.1244234698698875, 0.12397073701104028, 6.908707326766398e-07, 6.907930086338688e-07, 6.907913522982304e-07,
155, 0.7517004804031019, 0.12437584737026061, 0.1239228072478519, 2.8804683287555036e-07, 2.8800484826202546e-07, 2.880039609370422e-07,
156, 0.751800965464899, 0.12432461921764286, 0.12387128920116294, 1.0417993136283895e-06, 1.0416985291064763e-06, 1.0416963033973437e-06,
157, 0.7518824715727739, 0.12428539467830238, 0.12383191088286825, 7.398843808166966e-08, 7.397791291540299e-08, 7.397768645974299e-08,
158, 0.7519778298986393, 0.12423744361865689, 0.1237837671518152, 3.194931713859547e-07, 3.1945810886624725e-07, 3.1945732958244233e-07,
159, 0.7520793970141171, 0.12418713390457214, 0.12373328445298058, 6.124045551850866e-08, 6.123256718171867e-08, 6.12323916907873e-08,
160, 0.7521857264109062, 0.12413412742962501, 0.12368012229572785, 7.648230571803372e-09, 7.64747640173603e-09, 7.647460680070235e-09,
161, 0.7522766456780968, 0.1240886830699819, 0.12363462681686443, 1.4505646225975763e-08, 1.4504178647253589e-08, 1.4504147700142225e-08,
162, 0.7523840132104325, 0.12403486088036138, 0.12358071454301107, 1.3682524930078186e-07, 1.3680976969131708e-07, 1.3680944182903993e-07,
163, 0.7524737098079385, 0.12398923851614058, 0.12353551784871493, 5.11010357912035e-07, 5.109483831581676e-07, 5.109469889265633e-07,
164, 0.7525728291425232, 0.12393880001538118, 0.12348547579945861, 9.647881955680208e-07, 9.646680216404261e-07, 9.646653385495472e-07,
165, 0.7526777513553853, 0.12388634019469912, 0.12343343312394178, 8.248786550260356e-07, 8.247633702855568e-07, 8.247607938895812e-07,
166, 0.7527896032009518, 0.123831431669392, 0.12337738394589325, 5.267994287348227e-07, 5.267307595355841e-07, 5.267292073029312e-07,
167, 0.7529113060158933, 0.12377157287540176, 0.12331632695166721, 2.644339573988426e-07, 2.64396268027404e-07, 2.643954132051343e-07,
168, 0.7530489156961642, 0.12370382990003405, 0.12324653046674366, 2.4102877727672354e-07, 2.4098999751193875e-07, 2.409891185999863e-07,
169, 0.7532092955049917, 0.1236234997139194, 0.12316400800991785, 1.0653638327637127e-06, 1.065238426507812e-06, 1.0652356206479417e-06,
170, 0.7533401724890532, 0.12356011493913024, 0.1230985545724505, 3.8572683104806133e-07, 3.8567026734010813e-07, 3.8566898834757316e-07,
171, 0.7534859621627985, 0.12348822296881044, 0.12302514359656237, 2.234738584563961e-07, 2.2343224600715518e-07, 2.234313053740011e-07,
172, 0.7536523918879454, 0.12340089315332554, 0.1229361610137021, 3.517978817704727e-06, 3.517521540280578e-06, 3.517511346865665e-06,
173, 0.7538499586598251, 0.1233044950885808, 0.12283802286623896, 2.5077328993658816e-06, 2.5073637073305255e-06, 2.507355800749906e-06,
174, 0.7540164555791318, 0.12322131468694518, 0.12275325764006023, 2.990604330234142e-06, 2.9902809654253857e-06, 2.990274921304003e-06,
175, 0.7541703689744973, 0.1231460372788586, 0.12267650106090283, 2.363842810686431e-06, 2.363953133994689e-06, 2.363958154402876e-06,
176, 0.7543526935637705, 0.12305998429152468, 0.12258591614512293, 4.6833212836473324e-07, 4.6836639637879346e-07, 4.6836778824798443e-07,
177, 0.7545573382113289, 0.12296116060144875, 0.12247939893099195, 7.005000726133124e-07, 7.004129041404231e-07, 7.004111621732828e-07,
178, 0.7547893967217709, 0.12284456518918203, 0.12235447659861692, 3.853872997350219e-06, 3.853347512431002e-06, 3.853335627975127e-06,
179, 0.7550617698490109, 0.12271095262481192, 0.12221193308348213, 5.11501840017233e-06, 5.114255098815555e-06, 5.11423777782051e-06,
180, 0.7553538476563871, 0.12257091481281161, 0.12206267235961926, 4.1884524249615865e-06, 4.187900748741888e-06, 4.187888179615179e-06,
181, 0.7556734687037188, 0.12242197241922201, 0.12190409582297149, 1.5405903896080178e-07, 1.5403005512192668e-07, 1.5402940985470316e-07,
182, 0.7559569267609243, 0.12228422955635616, 0.12175735165803801, 4.970734953030274e-07, 4.970080858029385e-07, 4.970066930253147e-07,
183, 0.7561930234446221, 0.12216964880275671, 0.12163468146046112, 8.818634946814086e-07, 8.81746745822999e-07, 8.817441415297646e-07,
184, 0.7564611335218093, 0.12204064400292623, 0.1214970733406914, 3.8278337326324783e-07, 3.8270877151755217e-07, 3.8270715000437747e-07,
185, 0.7567321433237536, 0.12190761843368934, 0.1213553285686489, 1.6364366449769088e-06, 1.6361536933445043e-06, 1.6361478826852553e-06,
186, 0.7569746609907709, 0.12177954040246619, 0.1212186949463839, 9.035205061662294e-06, 9.033774895350223e-06, 9.033744598732765e-06,
187, 0.757201181301895, 0.12166258396628093, 0.12109362736318902, 1.4203758137641883e-05, 1.4201364139577866e-05, 1.4201309581188952e-05,
188, 0.7574364798951004, 0.12153104224923975, 0.12095340642689234, 2.6359619801453538e-05, 2.6355483000118126e-05, 2.6355384293818702e-05,
189, 0.7577302649925158, 0.1213911167427716, 0.12080449579934195, 2.4709355614932575e-05, 2.470612610345173e-05, 2.4706041363761497e-05,
190, 0.7579772679089435, 0.12126210412594576, 0.12066696819141655, 3.1219733694117255e-05, 3.1219568907438174e-05, 3.121953116804377e-05,
191, 0.7582774623958071, 0.12112758628933164, 0.12052525785078913, 2.323249424148294e-05, 2.3230047423481892e-05, 2.322998023272437e-05,
192, 0.7586146017070686, 0.12097654256212935, 0.12036653354843324, 1.4108304206055688e-05, 1.4106490593471273e-05, 1.4106446180953704e-05,
193, 0.758981713925943, 0.12081202854147033, 0.12019266181061812, 4.532043498920173e-06, 4.531377990435279e-06, 4.531362567503688e-06,
194, 0.7592900890240145, 0.12066690642508447, 0.12003901926213381, 1.3282486397953902e-06, 1.328053333121392e-06, 1.328048896455732e-06,
195, 0.7596208985285142, 0.12050782456502493, 0.11986974374263089, 5.10788433746763e-07, 5.107182526131177e-07, 5.107167875906965e-07,
196, 0.7598959959643317, 0.12037530529389964, 0.11972820859414018, 1.6308512579089196e-07, 1.6306203994451282e-07, 1.6306152757495505e-07,
197, 0.7601914528209972, 0.12023237878824483, 0.11957583316581963, 1.1143640666773199e-07, 1.1142387893923146e-07, 1.1142362688849771e-07,
198, 0.7604618432724326, 0.12010175105536573, 0.11943623321853272, 5.717606130259948e-08, 5.716896068079279e-08, 5.716881966069685e-08,
199, 0.7606816172729285, 0.11999499417180962, 0.11932139506407514, 6.642187273297873e-07, 6.641667049139031e-07, 6.641656626400839e-07,
200, 0.7609096052093003, 0.11988531150280712, 0.11920355233487388, 5.099955838234313e-07, 5.100048824074341e-07, 5.10005559772553e-07,
201, 0.7611069604246754, 0.1197860865534909, 0.11909646782660374, 3.4950132954848858e-06, 3.4946221912906717e-06, 3.494613783433598e-06,
202, 0.7612796050909768, 0.11970364629106171, 0.1190068399929587, 3.3028422014862702e-06, 3.3024237570690565e-06, 3.3024147966776054e-06,
203, 0.7614387915734191, 0.11963149426286471, 0.1189277677060277, 6.485795846926171e-07, 6.484671188175225e-07, 6.48464619230085e-07,
204, 0.761617485494337, 0.11954605006375517, 0.11883505220187432, 4.704779440792329e-07, 4.704089935621816e-07, 4.70407490027557e-07,
205, 0.7618191117782165, 0.11944900617398842, 0.11872979168734975, 6.965316947761807e-07, 6.964403582593982e-07, 6.964382974998017e-07,
206, 0.7620373014229427, 0.11934380785686984, 0.11861605094876553, 9.463526245122361e-07, 9.462361457512476e-07, 9.462335363841568e-07,
207, 0.7622789084307332, 0.11922868087732014, 0.11849100909560753, 4.669146876288105e-07, 4.6686645193530976e-07, 4.6686547403491495e-07,
208, 0.7624766318221872, 0.1191344834492959, 0.1183878760639825, 3.358886195077787e-07, 3.359134497229835e-07, 3.3591428996743226e-07,
209, 0.7626730767357274, 0.11904063941167246, 0.11828557145616092, 2.371353539398512e-07, 2.3715753126790583e-07, 2.3715827224618302e-07,
210, 0.7628679112497588, 0.11894805051236795, 0.1181837610781643, 9.207682478733046e-08, 9.206880116542316e-08, 9.206863489718956e-08,
211, 0.7630760053019392, 0.11884887541437197, 0.11807505712849022, 2.0403931327026123e-08, 2.0401893647153152e-08, 2.0401849635539515e-08,
212, 0.763307335196274, 0.11873805571947954, 0.11795418652701213, 1.4052940299254103e-07, 1.4054046443629926e-07, 1.4054082396857088e-07,
213, 0.7635114146130372, 0.11864083577740524, 0.11784743653897425, 1.0404841122097356e-07, 1.0403899589927194e-07, 1.0403881982358571e-07,
214, 0.7636961428096155, 0.11855304349753329, 0.11775050554572507, 1.0240631788046026e-07, 1.023969988570063e-07, 1.0239680307992731e-07,
215, 0.7638601518109915, 0.11847506597678926, 0.11766430955077023, 1.572300016783286e-07, 1.5724228205007817e-07, 1.5724266827470032e-07,
216, 0.7640232278254567, 0.11839820100058393, 0.11757847370156992, 3.2177425199855866e-08, 3.217510131464105e-08, 3.217504601776009e-08,
217, 0.7641681673333616, 0.1183287280779702, 0.11750039624631786, 9.024297213401877e-07, 9.024843843168148e-07, 9.024850512176504e-07,
218, 0.7643135445135663, 0.1182597175791515, 0.11742418383419684, 8.51091548268231e-07, 8.510191639450802e-07, 8.510174872577914e-07,
219, 0.7644703726305101, 0.11818512624958818, 0.11734218245838526, 7.726314594729496e-07, 7.725433751547067e-07, 7.725413681958679e-07,
220, 0.7646487009909858, 0.11810144313192505, 0.11724948330057837, 1.2388988308948282e-07, 1.2387130728537153e-07, 1.2387089064575935e-07,
221, 0.7648295133664812, 0.11801553020711843, 0.11715450363095947, 1.5062917452347553e-07, 1.5061189940432035e-07, 1.5061150613207783e-07,
222, 0.7650339505131685, 0.117918455995227, 0.11704736227357873, 7.676536076380407e-08, 7.675504966214146e-08, 7.675481987698119e-08,
223, 0.7652451940708137, 0.11781770249623005, 0.11693641247605603, 2.300213721214403e-07, 2.2999552353712184e-07, 2.299949536636866e-07,
224, 0.7654270718067326, 0.11773146214416978, 0.11684063518034023, 2.766691380662488e-07, 2.766266763743577e-07, 2.7662577406563434e-07,
225, 0.7655657595367354, 0.11766041628636302, 0.11676062330561018, 4.400307134369801e-06, 4.399815833158885e-06, 4.3998041964627385e-06,
226, 0.7657281717190416, 0.11757967662748026, 0.11667054045149239, 7.2038428647501595e-06, 7.203216694781294e-06, 7.203200574491867e-06,
227, 0.7659242035686498, 0.11749145041740351, 0.11657258908732972, 3.9186055850464855e-06, 3.918688546963474e-06, 3.918686089553737e-06,
228, 0.7661354792104583, 0.11739137088538218, 0.11646393822764874, 3.070390915898037e-06, 3.0701741297388456e-06, 3.07016790131429e-06,
229, 0.7663847633088586, 0.1172752838487148, 0.11633866855804344, 4.278192448391628e-07, 4.2776133715260505e-07, 4.277600277449013e-07,
230, 0.7666366644481363, 0.11715417454997895, 0.11620827633137111, 2.9461049223062007e-07, 2.945583942869862e-07, 2.945572524198743e-07,
231, 0.7668658852804147, 0.11704333773003765, 0.11608856499993647, 7.371016645702062e-07, 7.369726356599851e-07, 7.369697351088111e-07,
232, 0.7671075762590545, 0.11692194562397812, 0.11595782978815423, 4.21620323433672e-06, 4.215596313291049e-06, 4.215582723539726e-06,
233, 0.7673210242446464, 0.11681966778954919, 0.11584706687921059, 4.0805499239849715e-06, 4.079803943631074e-06, 4.0797871524314035e-06,
234, 0.7675597594761605, 0.11670629431731443, 0.11572331073642082, 3.5453819563615587e-06, 3.544581197053844e-06, 3.5445632888585582e-06,
235, 0.7678238458614614, 0.11657082245529145, 0.11557644721299341, 9.629085221403914e-06, 9.627239259261733e-06, 9.627199033479273e-06,
236, 0.7680285094502299, 0.1164507550747194, 0.11544571727856119, 2.5008360341258163e-05, 2.5004484242699904e-05, 2.5004403283283422e-05,
237, 0.7682628762061069, 0.1163162193648591, 0.11530052234768279, 4.013080762820018e-05, 4.0125217644580526e-05, 4.0125105466690366e-05,
238, 0.7684563706735941, 0.11622510263968469, 0.11520062105224001, 3.930433648925576e-05, 3.930021004785627e-05, 3.9300137517123326e-05,
239, 0.7686132899132812, 0.1160961616169816, 0.1150613225557242, 7.64064362748517e-05, 7.640920696314232e-05, 7.640932054356465e-05,
240, 0.7688062875519251, 0.11599758390254139, 0.11495434632593074, 8.059458504556983e-05, 8.059334809966681e-05, 8.059333226469061e-05,
241, 0.7689884199097579, 0.1159200527728618, 0.11486912101779603, 7.413141840816606e-05, 7.413691231351244e-05, 7.41370133854991e-05,
242, 0.7692469940869783, 0.1158567114276987, 0.11479915430220097, 3.237775818339889e-05, 3.2380692464664255e-05, 3.2380779658423277e-05,
243, 0.7694131521445563, 0.11579661017184784, 0.1147331827029982, 1.901855219040215e-05, 1.901774435740733e-05, 1.9017732239802786e-05,
244, 0.769583780218415, 0.115733822632298, 0.114664513180303, 5.961475663892779e-06, 5.960776942767168e-06, 5.960761806834204e-06,
245, 0.7697531993240408, 0.11565712657356174, 0.11458216937938581, 2.501430352267841e-06, 2.5011738497011525e-06, 2.501167905971982e-06,
246, 0.7699199369881772, 0.1155742019206929, 0.11449354045352601, 4.106438099616325e-06, 4.106622399402171e-06, 4.106623945821705e-06,
247, 0.7700547908026453, 0.11551397671305026, 0.11442853878638198, 8.976320710711989e-07, 8.975573838977443e-07, 8.975556857109843e-07,
248, 0.7701684518756081, 0.11546009048531719, 0.1143700495939438, 4.6906636719650196e-07, 4.69013783146402e-07, 4.6901264755520496e-07,
249, 0.7702502378001673, 0.11542203113185573, 0.11432762986208536, 3.342204406312539e-08, 3.341651646552754e-08, 3.341639503733802e-08,
250, 0.7703173370597902, 0.11538994156887247, 0.11429133479712698, 4.6190852794852315e-07, 4.6185792146752053e-07, 4.6185684073687865e-07,
251, 0.770375067784078, 0.11536363801429568, 0.1142609171627597, 1.253728945603671e-07, 1.253572226229435e-07, 1.2535690506419448e-07,
252, 0.7704197332699548, 0.11534347643424755, 0.11423669906656156, 3.009604377200963e-08, 3.0091116784266593e-08, 3.009100653835088e-08,
253, 0.770450602724386, 0.11532870679805937, 0.11421796927561322, 9.068238189280134e-07, 9.067133845179524e-07, 9.067107955858498e-07,
254, 0.7704972976329358, 0.1153068259520742, 0.11419234603711864, 1.1765589447168415e-06, 1.176434307406821e-06, 1.1764311895067515e-06,
255, 0.7705602321898666, 0.11527764915744683, 0.11415963519229023, 8.274945995221087e-07, 8.275055544024354e-07, 8.275049699784147e-07,
256, 0.7706369998600565, 0.11524050481800326, 0.11411982411035751, 8.901684963405691e-07, 8.900463031095404e-07, 8.90043435134406e-07,
257, 0.7707116824759787, 0.11518393086433261, 0.11406033293251526, 1.4685660236605087e-05, 1.4683579860934435e-05, 1.4683533340072937e-05,
258, 0.770821900725834, 0.11512820035100868, 0.11400171947389193, 1.6061324441136237e-05, 1.6058614830727957e-05, 1.605855526243469e-05,
259, 0.7709227520183201, 0.11508218879263708, 0.11395289002756877, 1.4057418158621962e-05, 1.4055415981962088e-05, 1.4055371093025299e-05,
260, 0.7710668655559272, 0.11503217019778544, 0.11389925139248154, 5.707015030673603e-07, 5.706009440337129e-07, 5.705986773601857e-07,
261, 0.7712045565490012, 0.11496577794234367, 0.11382924129096861, 1.4110042106954077e-07, 1.4108222389634626e-07, 1.41081845956007e-07,
262, 0.7713468274777124, 0.11489617292114111, 0.11375600256905868, 3.3200479480762403e-07, 3.3203756278866385e-07, 3.3203862676698684e-07,
263, 0.7714669960469026, 0.1148370985701888, 0.11369339746120315, 8.356089341280367e-07, 8.356795760968099e-07, 8.356819930105696e-07,
264, 0.7716115681516101, 0.114768665275256, 0.11361850426449759, 4.2047812270217833e-07, 4.20442195207842e-07, 4.2044152825911766e-07,
265, 0.7717323416665715, 0.11471146702437422, 0.11355516262334855, 3.4260490073917013e-07, 3.425666700916387e-07, 3.4256587297717457e-07,
266, 0.7718209450176341, 0.1146704253370338, 0.11350832027436202, 1.028165222135962e-07, 1.0280101998482265e-07, 1.028006826658388e-07,
267, 0.7718777829122806, 0.11464347215887433, 0.11347579561268033, 9.828241666412341e-07, 9.82771245552942e-07, 9.827699496537844e-07,
268, 0.7719404780356736, 0.11461436069843109, 0.11343977396679726, 1.7953680558957e-06, 1.7954887513147174e-06, 1.7954902539251301e-06,
269, 0.7719810445118571, 0.11459934593977, 0.11341915372683711, 1.516316676532487e-07, 1.5161824291975918e-07, 1.5161791751149968e-07,
270, 0.7720360106596533, 0.11457423053443021, 0.11338836943549321, 4.6284191588341486e-07, 4.6278609496758415e-07, 4.627848601839655e-07,
271, 0.7720997805660197, 0.11454550929588089, 0.11335396698234096, 2.47423714205358e-07, 2.473867194067226e-07, 2.473859588985341e-07,
272, 0.7721499756157623, 0.11452276795789922, 0.113325622671771, 5.443118136571898e-07, 5.442425447445989e-07, 5.442410774069756e-07,
273, 0.7722055760582447, 0.11449793485905589, 0.11329518408227696, 4.347079265765518e-07, 4.3466613588080084e-07, 4.3466545321722275e-07,
274, 0.7722471097794869, 0.11447864853558941, 0.11327034521910692, 1.2984555044152353e-06, 1.2985232435428739e-06, 1.298525968741049e-06,
275, 0.7723027710233911, 0.11445451656887441, 0.11323964065500854, 1.0236480059024941e-06, 1.0235704366757895e-06, 1.0235689805541255e-06,
276, 0.772376761792549, 0.11442223738289904, 0.11320065693921441, 1.1431654567898959e-07, 1.1430147555633552e-07, 1.1430115108500356e-07,
277, 0.7724519567090391, 0.1143881343559798, 0.11315985807448972, 1.6632413489880568e-08, 1.6630762870358847e-08, 1.6630727126629815e-08,
278, 0.772546465833025, 0.11434430382002184, 0.11310912484558035, 3.484263450946541e-08, 3.484563713458996e-08, 3.4845673219158206e-08,
279, 0.772658785453088, 0.11429096344078488, 0.1130501696171731, 2.6841701628461052e-08, 2.6838301818675272e-08, 2.6838224157691856e-08,
280, 0.7727876503770901, 0.11422876771794752, 0.11298213905876762, 4.806574965405263e-07, 4.806071615834386e-07, 4.80606045844824e-07,
281, 0.7729227725630214, 0.11416442055929711, 0.11291192678585159, 2.930715090959171e-07, 2.930243916758457e-07, 2.93023367309309e-07,
282, 0.7730802218772894, 0.11408766936929365, 0.11282900200757902, 1.0353752491254553e-06, 1.0351992479930622e-06, 1.0351953275903387e-06,
283, 0.7732118405981858, 0.11402139227861863, 0.11275682082919504, 3.3154587040224137e-06, 3.314935607952167e-06, 3.314923894576548e-06,
