Optimize time:1.8021491016944249
Begin Prob:-26206.647278090164
End Prob:-25352.85407223111
Substitution parameters back:[0.2653270653554959, 0.19586692698343686, 0.21657965351352687, 0.32222635414754036, 4.0042115431518335]
Substitution parameters hot:[0.163144853908484, 0.33403495907402675, 0.3492912973285153, 0.15352888968897377, 4.124016667614719]
Transition parameters:[0.9983153386488304, 0.0010593187904125217, 0.001066040854390544]
hscale parameters:3.229309684042028
Trees:
((2:579.7971281257172,4:596.2602873384561):601.0365537512249,(1:535.5718049659972,3:674.5611063991821):599.2876653550388);
(1:633.7112560853717,(4:616.7319075652299,(2:606.3973423522499,3:646.2663381430236):558.9773460408891):591.1977881794413);
(1:588.2819990689433,(2:481.0609438766563,(3:487.09461250282885,4:616.4893091021926):612.3281413154848):614.3457021666537);
((2:1872.3444806361351,4:1925.5091201117586):1940.9331634920775,(1:1729.5272162765632,3:2178.3667133729837):1935.2854612579652);
(1:2046.4498961629286,(4:1991.61832155811,(2:1958.2448100354698,3:2086.994144235646):1805.110956729955):1909.1607425520974);
(1:1899.7447565409418,(2:1553.4947646752848,(3:1572.9793492000845,4:1990.8348959920897):1977.3971965615506):1983.9125253563745);

Position, Posteriors1, Posteriors2, Posteriors3, Posteriors4, Posteriors5, Posteriors6,
0, 0.08451878074353446, 0.4938871312205785, 0.4213680478700468, 7.426273083829728e-05, 7.586142314178281e-05, 7.5916430167746e-05,
1, 0.08418450354601306, 0.4942008094051554, 0.42150069445653965, 3.8672521992359566e-05, 3.767543675210921e-05, 3.764504862160817e-05,
2, 0.084023815959445, 0.4944281669217279, 0.421544110467437, 1.276331817947117e-06, 1.3154516336598968e-06, 1.3152860362246536e-06,
3, 0.084079715609491, 0.49448364895397817, 0.42143626344888974, 1.2682414982371607e-07, 1.2280755137324264e-07, 1.2277180707215775e-07,
4, 0.083753164598901, 0.4947366939571882, 0.42150898676410753, 3.789487073549149e-07, 3.8820632746871915e-07, 3.8793940587397455e-07,
5, 0.08363692408875859, 0.4948877973430363, 0.42147313313183166, 7.254695943478426e-07, 7.098930598658477e-07, 7.104881477546225e-07,
6, 0.08365238154928809, 0.4949897016479782, 0.4213574485694426, 1.539690307777687e-07, 1.5739689611957086e-07, 1.5728042620135135e-07,
7, 0.08383313937083037, 0.49500506064155936, 0.42116154715007986, 8.374215779652651e-08, 8.476522487487276e-08, 8.474377064200651e-08,
8, 0.08425802295289042, 0.4948960629275873, 0.42084518342518074, 2.42847533827836e-07, 2.441750193486116e-07, 2.4408696841679635e-07,
9, 0.08498651922178274, 0.494624279471568, 0.4203695869927615, 6.444541063259038e-06, 6.586136401835488e-06, 6.5840488877289125e-06,
10, 0.0860535037369378, 0.4941984328097032, 0.4197174392832963, 1.0323420202775803e-05, 1.0151830878795995e-05, 1.0149334600303196e-05,
11, 0.08642422757904066, 0.4941294357489328, 0.4194258020678271, 6.855436090754086e-06, 6.840617847014254e-06, 6.838963508377741e-06,
12, 0.08684868074793542, 0.4940237649175484, 0.41909990434478295, 9.260954987545124e-06, 9.19533388657962e-06, 9.194116972397269e-06,
13, 0.08675025195233918, 0.4941799681205917, 0.41902301231020983, 1.5747439946692568e-05, 1.5512722261269066e-05, 1.5507870916701545e-05,
14, 0.08609663632213885, 0.49464530653009253, 0.4192179841155357, 1.3220417860753896e-05, 1.342718539475345e-05, 1.3425846436982245e-05,
15, 0.08565058319383187, 0.4949827382509756, 0.4193036680890217, 2.0921930439509444e-05, 2.1046789105402655e-05, 2.1042163265957685e-05,
16, 0.08545397327786176, 0.49521799453821697, 0.41927637966798503, 1.7149452408830485e-05, 1.725326654048516e-05, 1.7250211892330172e-05,
17, 0.08546918722420109, 0.4953587062362484, 0.419143832737372, 9.321111943569488e-06, 9.47745197803977e-06, 9.475652141808616e-06,
18, 0.08564866281171256, 0.4954060873947942, 0.41892604948613227, 6.5017599880847815e-06, 6.350202427515923e-06, 6.3487614948471155e-06,
19, 0.08600450542980881, 0.4953652953849464, 0.418622834035904, 2.403055476130006e-06, 2.481619815432965e-06, 2.480891513170657e-06,
20, 0.08655779521244243, 0.49521812028759266, 0.418215444477612, 2.9302023828672303e-06, 2.8552629396006043e-06, 2.8549728019090024e-06,
21, 0.0873712065133861, 0.49494154326723777, 0.4176801829266884, 2.3260256945839827e-06, 2.371566397136602e-06, 2.370116974124824e-06,
22, 0.08848400488467666, 0.494515831725324, 0.41699307617431763, 2.347681663086964e-06, 2.369115660606303e-06, 2.3708341739936514e-06,
23, 0.08998854300792376, 0.4939034306813338, 0.416107568429602, 1.545191533380345e-07, 1.5194331247267469e-07, 1.518301199006828e-07,
24, 0.0907620471021373, 0.4936457016115458, 0.4155914009870857, 2.8568128063809913e-07, 2.825571129121991e-07, 2.8247358511535577e-07,
25, 0.09115214633516842, 0.4935778600188806, 0.415267940344033, 6.910568098290908e-07, 6.814831326501525e-07, 6.811739098646091e-07,
26, 0.09160034009427431, 0.4934814341867873, 0.4149181214409369, 3.4410702478198764e-08, 3.514395580272064e-08, 3.513419622389432e-08,
27, 0.09235434458481488, 0.49323154032211847, 0.4144140729606103, 1.429937503545527e-08, 1.4125086656838601e-08, 1.411995397979896e-08,
28, 0.09278349641313448, 0.4931426907364059, 0.4140730959507132, 2.4169168172308365e-07, 2.3785293572239142e-07, 2.3776723634513786e-07,
29, 0.09267867521889431, 0.4933280472088243, 0.4139924291745483, 2.8492481952508705e-07, 2.8198993879356107e-07, 2.8189446622101577e-07,
30, 0.0920514947175674, 0.4937936792971311, 0.41415443116442124, 1.3300873751675688e-07, 1.3113868230838485e-07, 1.3108610087670126e-07,
31, 0.09149141380468176, 0.4942219083778834, 0.4142862517495011, 1.4138067188913756e-07, 1.4257686157267981e-07, 1.4252440911685573e-07,
32, 0.09120958060634031, 0.4944942278543473, 0.41428697762773925, 3.0283478553226094e-06, 3.093387271481e-06, 3.0925872673647382e-06,
33, 0.09110531949183447, 0.4946742919830885, 0.4142078112120075, 4.2412792983727e-06, 4.168762673004418e-06, 4.167682482444859e-06,
34, 0.09063021313624944, 0.49505426615973364, 0.41430427762985916, 3.763457377663894e-06, 3.740472135412565e-06, 3.7395514388963963e-06,
35, 0.09034786043210252, 0.49533008488651536, 0.4143114654513834, 3.540240005429544e-06, 3.5250777184006104e-06, 3.5243214944098684e-06,
36, 0.09025853080391036, 0.49550306981770964, 0.41423105696382057, 2.4805981454612335e-06, 2.4313488002060593e-06, 2.430880039270061e-06,
37, 0.08958788215057699, 0.4959861725136572, 0.414418822636228, 2.337847883298764e-06, 2.392944931891496e-06, 2.392317679133101e-06,
38, 0.08913614132228723, 0.49635206622196365, 0.4145094496034133, 7.935484390700939e-07, 7.749734498154374e-07, 7.747421856404186e-07,
39, 0.08831704052867691, 0.49693574364799414, 0.41474707501124397, 4.6246676431177284e-08, 4.749459349947806e-08, 4.7481590787416376e-08,
40, 0.08781474023272043, 0.49734448603282444, 0.4148403522944905, 1.4257608811482997e-07, 1.3966921423312794e-07, 1.3960693244568135e-07,
41, 0.08689579927360298, 0.4979811769034071, 0.41512250475584994, 1.7110507129048237e-07, 1.7422705788455114e-07, 1.741495852522648e-07,
42, 0.08623285149801067, 0.4984763882514645, 0.41529069741003416, 2.087099746282087e-08, 2.119788270049579e-08, 2.118700277189632e-08,
43, 0.08586363987973568, 0.49880983293448106, 0.41532629897471274, 7.725652255800895e-08, 7.566292639221508e-08, 7.570580184400839e-08,
44, 0.08509403781028242, 0.4993405476602602, 0.4155640136210466, 4.6018245337177625e-07, 4.706609812694609e-07, 4.7047705240393563e-07,
45, 0.08461029364030752, 0.4997233624215051, 0.41566341672847823, 9.88394183261883e-07, 9.69805120515009e-07, 9.694207042537958e-07,
46, 0.08364383936373898, 0.500371281768602, 0.4159840447220069, 2.7941151798482846e-07, 2.7761505686182096e-07, 2.775301957240081e-07,
47, 0.08276153706413554, 0.5009712239085218, 0.41626652140880477, 2.4199739664803304e-07, 2.380716423899993e-07, 2.3796243118366755e-07,
48, 0.08086517520665747, 0.5021310307255138, 0.41700370642533974, 2.9016795337167753e-08, 2.952515830192474e-08, 2.9514801130014418e-08,
49, 0.07958719316654017, 0.5029464870445934, 0.4174659869115351, 1.0990192004838378e-07, 1.1171345001897193e-07, 1.1167560338576304e-07,
50, 0.07871131697281687, 0.503536666323614, 0.4177437217596266, 2.7671947640685927e-06, 2.764591965371921e-06, 2.7635688716287085e-06,
51, 0.07803570755430651, 0.503986292763722, 0.417901270427804, 2.6047839467124103e-05, 2.5342361763718376e-05, 2.5339463781955466e-05,
52, 0.07680780085982523, 0.5047475560147713, 0.418317686302602, 4.156784792241088e-05, 4.270833100113139e-05, 4.268105672841154e-05,
53, 0.076022483411028, 0.5052883801762869, 0.41855560645379103, 4.51377779079357e-05, 4.417941543905815e-05, 4.4213179526878333e-05,
54, 0.07539838547419983, 0.5057517586448781, 0.4187570960854782, 3.100697490866811e-05, 3.088837689094397e-05, 3.086486033745629e-05,
55, 0.0748531356377782, 0.5061939703213078, 0.4189372095619309, 5.158466602315602e-06, 5.263383420693982e-06, 5.26304706831119e-06,
56, 0.07449962524340721, 0.506494936356868, 0.4189999157813055, 1.8699600278630125e-06, 1.826937557818447e-06, 1.8261396718391024e-06,
57, 0.07367997736916697, 0.5070480544979907, 0.4192717722198924, 6.592723975172445e-08, 6.521060461282845e-08, 6.519157995045968e-08,
58, 0.07250574103725298, 0.5077917102753161, 0.41970184213864653, 2.326864370588347e-07, 2.3717970183525465e-07, 2.370997997992496e-07,
59, 0.07172508289850774, 0.5083097928743338, 0.4199474554038243, 5.910214960445955e-06, 5.880643440908783e-06, 5.878380780056304e-06,
60, 0.07101592671697392, 0.5087918492160776, 0.4201651787390136, 9.131867591935424e-06, 8.957479144773627e-06, 8.956394969476676e-06,
61, 0.07053836987129242, 0.5091481720093318, 0.42028054583687335, 1.0790899873754822e-05, 1.1062436276757391e-05, 1.1059360257182442e-05,
62, 0.07033779929221282, 0.5093537324351795, 0.4202695166156661, 1.3140715382798452e-05, 1.2906737737629171e-05, 1.2904619934260336e-05,
63, 0.0697608060682728, 0.5097976796534694, 0.42041900742717153, 7.529259957609766e-06, 7.4900880756483314e-06, 7.487920662476706e-06,
64, 0.0693932377000944, 0.5101276192448095, 0.42047629077490334, 9.381563649984878e-07, 9.573879523064543e-07, 9.571546410156066e-07,
65, 0.06924515805735398, 0.5103300105862337, 0.4204238978921527, 3.1605398926674554e-07, 3.089534079890905e-07, 3.0887447207190284e-07,
66, 0.06914176946723474, 0.5105066308548438, 0.4203500491426674, 5.185514954856035e-07, 5.162720638637583e-07, 5.161275976430613e-07,
67, 0.06857691429466524, 0.5109313912199394, 0.42048945740424204, 7.562937675792601e-07, 7.40726436052419e-07, 7.404749915654499e-07,
68, 0.06820012694371874, 0.5112542836742627, 0.42054357348660865, 6.603027998639519e-07, 6.781171587980031e-07, 6.778895104988687e-07,
69, 0.06798904536380558, 0.5114874957700488, 0.42052166412569175, 6.110046588927227e-07, 5.921240864370802e-07, 5.920289771974099e-07,
70, 0.06782289917826295, 0.5116934479011558, 0.42047702159575767, 2.180168481691358e-06, 2.226207473258413e-06, 2.225365012752635e-06,
71, 0.06789634370957169, 0.511776282949013, 0.42032538143571624, 6.735604432324386e-07, 6.594111587232055e-07, 6.593518891562863e-07,
72, 0.06810831341354448, 0.5117827555011346, 0.4201049546057179, 1.3324570380331232e-06, 1.3226754989338525e-06, 1.3217634781987036e-06,
73, 0.06811179565307261, 0.5119095146769026, 0.41996657123698206, 4.0675308659557616e-06, 4.024457072059106e-06, 4.0268596875741235e-06,
74, 0.06822369732957385, 0.5119739167980959, 0.41979726846580123, 1.714037207363824e-06, 1.7024184569891122e-06, 1.70136487731194e-06,
75, 0.06792361432415046, 0.5122539047810097, 0.41982102547801586, 4.901581952743495e-07, 4.828940132538146e-07, 4.827810112704351e-07,
76, 0.0672995943118155, 0.5127076861690113, 0.4199924330804341, 9.430779942367513e-08, 9.62905913889454e-08, 9.625512727965469e-08,
77, 0.0669538709294867, 0.5130078976507348, 0.4200381148199444, 3.938182476668504e-08, 3.882339218091914e-08, 3.8810053401534594e-08,
78, 0.06637838357488579, 0.5134303414149624, 0.42018733967440325, 1.323851140997055e-06, 1.3061927278828475e-06, 1.305704787913979e-06,
79, 0.06599051294754023, 0.5137507148069597, 0.42025102696766536, 2.5925084901618018e-06, 2.576914437033277e-06, 2.576269145921211e-06,
80, 0.06565255118076897, 0.5140452709164348, 0.4202946400366437, 2.5353279664083975e-06, 2.50188590502312e-06, 2.501068257759006e-06,
81, 0.06537294356688865, 0.5143130222541414, 0.42031237207444416, 5.44957702894265e-07, 5.588574553434457e-07, 5.587077981034522e-07,
82, 0.06530636946570577, 0.5144624228210267, 0.42022935665730515, 6.253625452023329e-07, 6.13167689179738e-07, 6.129435734190752e-07,
83, 0.06538459186175252, 0.5145362541279975, 0.4200779966026024, 3.884083058125664e-07, 3.8476627613929246e-07, 3.846515969688387e-07,
84, 0.06505627232799474, 0.5148254948412029, 0.4201179717762973, 8.606290688468139e-08, 8.772513723074614e-08, 8.768674857590303e-08,
85, 0.06494608205112462, 0.5149961142672146, 0.4200576831344234, 4.06491855600998e-08, 4.016594840185174e-08, 4.015163959012917e-08,
86, 0.06446605220490621, 0.5153645109287466, 0.4201679978645965, 4.859364644829872e-07, 4.768438959401348e-07, 4.766426260163769e-07,
87, 0.06326414213452267, 0.5161290046517569, 0.4206043737880677, 8.179710049845154e-07, 8.31035123951757e-07, 8.308443414548688e-07,
88, 0.0623598893094873, 0.5167289192974882, 0.42090780929260363, 1.1230428353415609e-06, 1.1299183048606976e-06, 1.129560946453549e-06,
89, 0.061702544315860704, 0.5171922360702078, 0.4211004468939337, 1.5748069200754927e-06, 1.5994091056205632e-06, 1.5989283317962447e-06,
90, 0.06128258850136741, 0.5175184424319375, 0.42119596654067865, 1.0101376707428696e-06, 9.965371087702783e-07, 9.962767841397735e-07,
91, 0.06051048374940483, 0.5180338193816814, 0.42145120241216194, 1.519298197408824e-06, 1.4880004879707745e-06, 1.4875852030907348e-06,
92, 0.05924281223235865, 0.5188163039739014, 0.42192751228494724, 4.395437411415728e-06, 4.488912448009881e-06, 4.487587101952856e-06,
93, 0.058405637557574205, 0.5193703695892669, 0.42221618062572525, 2.636843364638576e-06, 2.5880600640498197e-06, 2.587748703585863e-06,
94, 0.056936029255886166, 0.5202684052055843, 0.42278867471235754, 2.304385153710457e-06, 2.2939592154382717e-06, 2.2929057285069426e-06,
95, 0.05584462341698095, 0.5209582855317016, 0.42319430792419455, 9.354079192012264e-07, 9.236740496463045e-07, 9.244712231773014e-07,
96, 0.054956574935446735, 0.5215530675589114, 0.42349011005268805, 8.130582662543721e-08, 8.33114611961377e-08, 8.325902126052985e-08,
97, 0.054394726153977634, 0.5219650366153016, 0.4236389135699878, 4.4592155193639373e-07, 4.391685971207308e-07, 4.3899520934439606e-07,
98, 0.054025945706903986, 0.5222712615669971, 0.4237026812684075, 3.756776303309653e-08, 3.716150436347932e-08, 3.714940603203544e-08,
99, 0.05343785582495417, 0.5226949697346137, 0.42386554288569395, 5.469058881491758e-07, 5.426201515111268e-07, 5.424530016857107e-07,
100, 0.05290447833150439, 0.5230848063738669, 0.4240010006054911, 3.2728279501801302e-06, 3.2218312381536385e-06, 3.220452627549543e-06,
101, 0.05166015249027789, 0.5238760646823407, 0.4244613011808398, 8.176486897677267e-07, 8.322971600951141e-07, 8.321279917892369e-07,
102, 0.050716126855559734, 0.5244969606052812, 0.4247842999835365, 8.632708765172234e-07, 8.750068950271434e-07, 8.74703834666946e-07,
103, 0.05001339315871323, 0.5249844913728197, 0.4249992574766111, 9.604334310405386e-07, 9.490926213087799e-07, 9.488939951903997e-07,
104, 0.048529447352008, 0.5259021290359832, 0.42556450086629294, 1.320459032796291e-06, 1.3015833974484482e-06, 1.3011289063019642e-06,
105, 0.04715851888101001, 0.5267587839448804, 0.4260823839666089, 1.0502036319024424e-07, 1.0432087579973933e-07, 1.0429210524310212e-07,
106, 0.04527511712137409, 0.5278947577221096, 0.4268266436242731, 1.1733059358906872e-06, 1.1545341100281564e-06, 1.1541195512782918e-06,
107, 0.043532460100870356, 0.5289544850658131, 0.42751139290909046, 5.573462497373389e-07, 5.525862012027633e-07, 5.524177551994613e-07,
108, 0.040627485876117336, 0.5306566912145172, 0.4287156715887175, 5.1290108384461974e-08, 5.02383413052668e-08, 5.021958141724141e-08,
109, 0.0366888141496005, 0.5329287163841587, 0.430379802910895, 8.768998620365361e-07, 8.95192708896925e-07, 8.948926584292851e-07,
110, 0.0336490357496106, 0.5347025545263552, 0.43164472499548806, 1.2433793781255942e-06, 1.2211004959542983e-06, 1.2206785903000513e-06,
111, 0.03134432299265101, 0.5360695282993369, 0.43258587061126696, 9.164282682051049e-08, 9.345806439434593e-08, 9.342518189298644e-08,
112, 0.02973098337945954, 0.5370501973583668, 0.43321765489840847, 3.8502974889155103e-07, 3.899412585170404e-07, 3.8982178298051754e-07,
113, 0.028483272548484036, 0.5378279867391633, 0.4336864756017626, 7.513401767329117e-07, 7.573215392553332e-07, 7.568789809532996e-07,
114, 0.027523849940031136, 0.538445679150309, 0.43402650772355883, 1.3063115249432114e-06, 1.3281599297966502e-06, 1.3291462884235723e-06,
115, 0.026879739317910097, 0.5388986322604082, 0.43421960372718565, 6.836406418578643e-07, 6.709620922320771e-07, 6.705225353065313e-07,
116, 0.02555523592211375, 0.5397266759946335, 0.4347177100617292, 1.2696310539689818e-07, 1.2576037691258416e-07, 1.2572559268965613e-07,
117, 0.024493345598563417, 0.5404084699049577, 0.4350976732046534, 1.727347751509034e-07, 1.695318615974009e-07, 1.6945418174006743e-07,
118, 0.022840167525264625, 0.5414166639234205, 0.4357427117381767, 1.4984052064601152e-07, 1.5372362765332194e-07, 1.5367830586938723e-07,
119, 0.021671387237950628, 0.5421560850354388, 0.436170558938518, 6.682988136473463e-07, 6.505484524844466e-07, 6.503705127947471e-07,
120, 0.019748988006594952, 0.5433110234650032, 0.43693502190195144, 1.6298830320260134e-06, 1.668865542381798e-06, 1.6683069031751062e-06,
121, 0.018373589197540872, 0.5441819808256472, 0.437440937993154, 1.1839946546060236e-06, 1.1544060058876473e-06, 1.1540141240432782e-06,
122, 0.017338442156382347, 0.544861966844142, 0.43779842401851793, 3.8369469416050935e-07, 3.9189454183718344e-07, 3.9182248436578486e-07,
123, 0.01654148563364954, 0.5454073637744437, 0.4380492886417867, 6.16938808335501e-07, 6.228471580869585e-07, 6.225931338245279e-07,
124, 0.01600652047933077, 0.5458083870720081, 0.4381840246457209, 3.524314381775655e-07, 3.57933271831042e-07, 3.57869539645479e-07,
125, 0.015606981354108882, 0.5461326006662722, 0.43825745315314946, 9.9422778869277e-07, 9.856758324250432e-07, 9.853525020957827e-07,
126, 0.014988881903131043, 0.546561932020559, 0.43843880929081214, 3.5091058249277136e-06, 3.4345518494241905e-06, 3.4335587656571212e-06,
127, 0.013943009246893448, 0.5472293036944973, 0.4388148469347718, 4.220917911525525e-06, 4.310446022420553e-06, 4.3091860235082985e-06,
128, 0.013253506317485137, 0.547705745534177, 0.4390401715794296, 1.9121714202773384e-07, 1.9292232341413174e-07, 1.9285822249396278e-07,
129, 0.01278366700286147, 0.5480530114733039, 0.43916276730056614, 1.8681946186401263e-07, 1.8395239513335418e-07, 1.8387879681001756e-07,
130, 0.012031211106234094, 0.5485549473181908, 0.43941314949537924, 2.3350260264843343e-07, 2.2954429622654494e-07, 2.294635000572836e-07,
131, 0.01078737520241127, 0.5493275142234688, 0.43988485101156505, 8.565674112577678e-08, 8.718104915604902e-08, 8.715181717537147e-08,
132, 0.009906209401366932, 0.5498996617206724, 0.44019370467651603, 1.4055940006679197e-07, 1.4205497538843303e-07, 1.4201483296635947e-07,
133, 0.009230540835422595, 0.5503570604429778, 0.4404108840277231, 4.998168635341253e-07, 5.077763574573253e-07, 5.075277723927391e-07,
134, 0.008715081551913256, 0.5507264135393094, 0.44055840410111313, 3.4276058575233495e-08, 3.3484981768218036e-08, 3.3475539031796866e-08,
135, 0.007854876566310159, 0.5512843286687571, 0.4408607556653239, 1.302300498407323e-08, 1.3255485295603746e-08, 1.3248605086677297e-08,
136, 0.007255473338773128, 0.5516970143479057, 0.4410474872883933, 8.592889254348217e-09, 8.432692960182586e-09, 8.428536480553381e-09,
137, 0.006432715136312727, 0.5522320639772393, 0.44133504520723926, 5.813553627878207e-08, 5.8997326330418963e-08, 5.89745892096487e-08,
138, 0.005867270925429685, 0.5526236649905512, 0.4415085605050747, 1.6665562384443818e-07, 1.6870921979517384e-07, 1.686449279813981e-07,
139, 0.005476207094265501, 0.5529167935703574, 0.44160381567846546, 1.0555831519878715e-06, 1.0644223616766307e-06, 1.0640816912568738e-06,
140, 0.0051810074603903375, 0.5531558278484747, 0.44165580054580955, 2.4310287097732343e-06, 2.4672039983487994e-06, 2.4663424032785622e-06,
141, 0.004982189565384614, 0.5533601224450985, 0.44165628645631366, 4.7324240664362705e-07, 4.644872541314713e-07, 4.6423207703425193e-07,
142, 0.004831873276358062, 0.5535343116010766, 0.44163197941241006, 6.170095901687593e-07, 6.093164606185032e-07, 6.098088810526366e-07,
143, 0.004722784123481705, 0.5537026655108804, 0.44157449427589357, 1.901540409422852e-08, 1.875711800880394e-08, 1.874234685781475e-08,
144, 0.0045456282457720844, 0.5539067437899391, 0.44154758372558206, 1.469431342813779e-08, 1.498872176181861e-08, 1.4982093669931535e-08,
145, 0.00444035922596379, 0.554069866528564, 0.44148927867192794, 1.671381736352583e-07, 1.644629739687973e-07, 1.6439965402185166e-07,
146, 0.004172927167143811, 0.5543220450559841, 0.44150484515162214, 6.008914637203884e-08, 6.150542853986701e-08, 6.145717654199864e-08,
147, 0.003996394913622499, 0.5545209779888332, 0.441479512995818, 1.0458592548847552e-06, 1.033897147427899e-06, 1.0347678140319344e-06,
148, 0.0038569798147734457, 0.5547157299357361, 0.44142444280900733, 9.547936037130183e-07, 9.468329227688644e-07, 9.462379665657604e-07,
149, 0.0037661415348803186, 0.5548831244534349, 0.44134995602770677, 2.6156754460556033e-07, 2.584340579753625e-07, 2.5840554676535365e-07,
150, 0.0036854117642936956, 0.5550430681504002, 0.44127051462940653, 3.3767863783084813e-07, 3.341598215575689e-07, 3.3403887008341043e-07,
151, 0.0034655786829217855, 0.5552792853206887, 0.4412542493876221, 2.9688153192787794e-07, 2.95101233159266e-07, 2.9504645949109467e-07,
152, 0.0033004024888253418, 0.5554819374032302, 0.4412131865662695, 1.505395262133458e-06, 1.484584299041573e-06, 1.4839862177934134e-06,
153, 0.002975278752422038, 0.5557587650092641, 0.44126577686991764, 5.901714921910197e-08, 6.039398437898738e-08, 6.037817486121904e-08,
154, 0.002756458278229734, 0.5559729077788695, 0.4412705034787652, 4.4148697881672505e-08, 4.337751991649308e-08, 4.3360645525637204e-08,
155, 0.0025905141032178214, 0.5561565293253835, 0.4412527989161428, 5.201232913528814e-08, 5.304530472811975e-08, 5.302102526984321e-08,
156, 0.0024700031063445327, 0.5563144447920163, 0.44121532895805726, 7.572356677526403e-08, 7.394065522744556e-08, 7.39004396614766e-08,
157, 0.0023593316419491645, 0.5564661176289717, 0.44117390694762115, 2.1154542967647884e-07, 2.162510423270868e-07, 2.1640803016743927e-07,
158, 0.0022910345128018574, 0.5566032881846935, 0.44110492350962976, 2.552750572031547e-07, 2.4953912531534925e-07, 2.4940036789875575e-07,
159, 0.0021059900556784383, 0.5568041196615566, 0.4410890982860801, 2.6143075107586276e-07, 2.6553334428795386e-07, 2.65453502523731e-07,
160, 0.0019680121976978168, 0.5569768163032995, 0.4410516394290797, 1.1695331396037452e-06, 1.1816461914321206e-06, 1.1813136875708367e-06,
161, 0.0018873804856430587, 0.5571172209734073, 0.4409909809511627, 1.4642591990484285e-06, 1.477062741111057e-06, 1.4766900578913917e-06,
162, 0.0018433258637200003, 0.5572473561885182, 0.4409072623758991, 6.781828286241697e-07, 6.890098523583111e-07, 6.888039469906219e-07,
163, 0.00182390815218508, 0.5573622217502141, 0.44081234464688507, 5.161647047798819e-07, 5.049442989692379e-07, 5.047635926720133e-07,
164, 0.0018299571381409651, 0.5574622693002566, 0.440707420982394, 1.1611153223433894e-07, 1.1847515467689084e-07, 1.1841381815663589e-07,
165, 0.0018698868174227867, 0.5575426540844827, 0.4405869471513292, 1.6900606325812576e-07, 1.7162388915672722e-07, 1.7174129834510854e-07,
166, 0.00194266232914622, 0.5576019300364122, 0.44045518950751, 7.372593544490027e-08, 7.243442194057632e-08, 7.238920710308982e-08,
167, 0.0020224955972611485, 0.5576570032669459, 0.44032043885207517, 2.1064417317760006e-08, 2.0822754937835893e-08, 2.0817849059582762e-08,
168, 0.0020625401769262665, 0.5577311859576349, 0.4402045868896632, 5.672296888000535e-07, 5.602752317629472e-07, 5.598912587404786e-07,
169, 0.0021334198066016194, 0.5577881247198435, 0.4400756672661066, 9.364730875693301e-07, 9.257953892152833e-07, 9.263622851715328e-07,
170, 0.0021491493659777554, 0.5578722504892851, 0.4399774141513937, 3.9927132006990544e-07, 3.936931486396771e-07, 3.934514058725074e-07,
171, 0.002107914078269233, 0.557985592054839, 0.4399063772868336, 3.837910015599615e-08, 3.931687533963162e-08, 3.930761605842921e-08,
172, 0.0021005159302792797, 0.5580799337273101, 0.4398186754020844, 2.948283020499533e-07, 2.9032199405111733e-07, 2.9021244799633387e-07,
173, 0.002048489635285823, 0.5581863578541115, 0.4397623188735087, 9.48379981313264e-07, 9.429805626806808e-07, 9.426988175200642e-07,
174, 0.0019357811151484467, 0.5583222141830199, 0.4397319441313842, 3.398244862472042e-06, 3.331904586577312e-06, 3.330845162939201e-06,
175, 0.0017041041066635089, 0.5585088868861879, 0.43977814725711917, 2.918639487612494e-06, 2.972108349131853e-06, 2.9714241376460556e-06,
176, 0.0015543996080733785, 0.5586492277985908, 0.43978906722259264, 2.4270932406657743e-06, 2.439639725924391e-06, 2.4390620227543495e-06,
177, 0.0014421072793348905, 0.5587704958555326, 0.4397853206049133, 6.845137628141451e-07, 6.961826472103625e-07, 6.959895228787006e-07,
178, 0.0013717526651985145, 0.5588644945528332, 0.4397607994319978, 9.939441572544831e-07, 9.800680615178374e-07, 9.797620686156453e-07,
179, 0.0013276392828763257, 0.5589429055956411, 0.4397259467575185, 1.1807099694180858e-06, 1.1641745427617776e-06, 1.163902515749441e-06,
180, 0.0013061839757033554, 0.5590085231212338, 0.43968293079965065, 7.742489641486452e-07, 7.942457934304683e-07, 7.940320470603667e-07,
181, 0.001304334251051827, 0.5590627367463582, 0.4396311657272199, 6.003361509718587e-07, 5.818405660060882e-07, 5.815207630365241e-07,
182, 0.00130614521456045, 0.559112111347368, 0.4395762041139637, 1.8223451997336217e-06, 1.8581244268434889e-06, 1.8592753443989911e-06,
183, 0.0013322000818429664, 0.5591450256303352, 0.4395221647537928, 2.027484899246426e-07, 2.036601059950891e-07, 2.0354383237542262e-07,
184, 0.0013877486767173589, 0.5591589505248487, 0.4394508398843548, 8.156481566080758e-07, 8.229574561909171e-07, 8.227274697452949e-07,
185, 0.0014693568987556838, 0.5591580578884654, 0.43936718990079476, 1.7815440425065372e-06, 1.8074493093683688e-06, 1.8067386792553572e-06,
186, 0.0016043447408414702, 0.5591316706186356, 0.43926318575036877, 2.6967842057646384e-07, 2.647270102108675e-07, 2.6490589272074307e-07,
187, 0.0016731761937906408, 0.5591198567452043, 0.4392063450440959, 2.0880223429621898e-07, 2.068727818244099e-07, 2.0676383959217514e-07,
188, 0.001686278480308461, 0.5591367882288341, 0.43917670714114065, 7.623036985989433e-08, 7.518517240460876e-08, 7.515513505084035e-08,
189, 0.0017040966627047908, 0.5591505872304006, 0.4391452803027769, 1.192627019447462e-08, 1.2152712321932795e-08, 1.2147015916177811e-08,
190, 0.0017556794102292692, 0.559145198006924, 0.4390990053283837, 3.9573224692240725e-08, 3.90585359769141e-08, 3.904365990737385e-08,
191, 0.0018333674744605405, 0.5591248079405239, 0.43904157551946493, 8.40903648161753e-08, 8.271966256539572e-08, 8.267894929974804e-08,
192, 0.0018596004663311836, 0.5591309390293766, 0.4390094187747831, 1.420722491211017e-08, 1.3975438896091537e-08, 1.3970200968887927e-08,
193, 0.0018331838865098564, 0.559164278852005, 0.4390025175302081, 6.79069819974337e-09, 6.6848768407754055e-09, 6.681522642738034e-09,
194, 0.001770486457032482, 0.5592163140006045, 0.43901305928659334, 4.751312315416806e-08, 4.658839823459509e-08, 4.657754881481011e-08,
195, 0.001625270283870769, 0.5593107491683661, 0.43906156051220757, 8.006173673868638e-07, 8.102261623731362e-07, 8.096152243940927e-07,
196, 0.001517676045125153, 0.5593829868715612, 0.43909245535931946, 2.2795160679763638e-06, 2.3003883427597575e-06, 2.3022427670427603e-06,
197, 0.0014423783448011117, 0.5594419682531293, 0.43910841732324746, 2.397606087311709e-06, 2.420193162035425e-06, 2.418703654999865e-06,
198, 0.001392582019208347, 0.5594881797240139, 0.4391149798534626, 1.415391750884169e-06, 1.421709437769454e-06, 1.4217282578849734e-06,
199, 0.0013647847461938744, 0.5595183172536048, 0.4391088108929947, 2.6696600760808e-06, 2.709471710205032e-06, 2.708400840525296e-06,
200, 0.0013636691464516844, 0.5595319786949811, 0.43910367795782407, 2.293531856614562e-07, 2.2265207536541457e-07, 2.2262060752733227e-07,
201, 0.001332535010391883, 0.5595559096992364, 0.43910865652963604, 9.55139690520149e-07, 9.722704734495853e-07, 9.71777380910572e-07,
202, 0.0013310622914234037, 0.5595667188153164, 0.4391018515524523, 1.21730725654563e-07, 1.2297021392290558e-07, 1.2306922572708972e-07,
203, 0.0013569944091651727, 0.5595628872105298, 0.43908007152607126, 1.597921211479735e-08, 1.5656386058112534e-08, 1.5647737957921714e-08,
204, 0.0013374972945786, 0.5595823734334782, 0.4390800960727645, 1.1069398069244638e-08, 1.1281768352479e-08, 1.1277472660146275e-08,
205, 0.0013471611910212309, 0.5595849038139042, 0.4390676847180667, 8.451615387955611e-08, 8.311569134913185e-08, 8.30757249609925e-08,
206, 0.001324620583141488, 0.5596185330754634, 0.43905674449114995, 3.46120452608182e-08, 3.3844867987437165e-08, 3.3824459124862705e-08,
207, 0.0012514597516137974, 0.5596778417448574, 0.43906941764161445, 4.2134026147952444e-07, 4.2981802246781444e-07, 4.301369305881801e-07,
208, 0.001207181336828801, 0.5597297436266543, 0.43906000852561794, 1.0292750298520315e-06, 1.019052190026763e-06, 1.0186171915100503e-06,
209, 0.0011845846971445385, 0.5597694290911591, 0.4390428301422653, 1.0651214389759613e-06, 1.0457956234784056e-06, 1.0455850000230213e-06,
210, 0.001105208975467771, 0.5598376669769795, 0.4390520604663313, 1.6621886783747741e-06, 1.7011817740119591e-06, 1.7006433080395995e-06,
211, 0.0010553484374131422, 0.5598984626225239, 0.43904204269494024, 1.4015512217371523e-06, 1.3727463576913482e-06, 1.3723827891590483e-06,
212, 0.0010240494060902243, 0.5599503905554654, 0.43902516829832633, 1.314622550431034e-07, 1.3037360519513153e-07, 1.30341396562263e-07,
213, 0.0009445184782003303, 0.5600251411020527, 0.43902921884376045, 3.750903996755347e-07, 3.7351066106986913e-07, 3.734133627272743e-07,
214, 0.0008844073227007627, 0.5600858340629937, 0.43902101372320695, 2.9546287497339397e-06, 2.8958178625045124e-06, 2.894884090566513e-06,
215, 0.0007321526408755535, 0.5602011781946994, 0.4390614968311893, 1.692784097702956e-06, 1.740400177944961e-06, 1.7395863476376332e-06,
216, 0.0006151866373279239, 0.5602951325316572, 0.4390854330231986, 1.439325158488632e-06, 1.403862951344283e-06, 1.4050586110911067e-06,
217, 0.0005198025356603568, 0.5603954586255773, 0.4390837785363557, 3.20174203689892e-07, 3.2039371475014296e-07, 3.2017366634033593e-07,
218, 0.00044411399388279854, 0.560483052895896, 0.43907143429970563, 4.7186374855552225e-07, 4.637364921744489e-07, 4.6364950406890015e-07,
219, 0.00038411983423214906, 0.5605584838192726, 0.43904858565237503, 2.9201113074814767e-06, 2.945865552349119e-06, 2.945159103378309e-06,
220, 0.00034384533935556894, 0.5606373134329415, 0.43900709510050395, 3.876119339839252e-06, 3.935723351623645e-06, 3.9347234444077275e-06,
221, 0.00032066942641246636, 0.560711188406504, 0.4389613699531723, 2.2902958867068448e-06, 2.241545525045355e-06, 2.2408119564788027e-06,
222, 0.0003058592842731764, 0.5607794015856765, 0.4389140445486085, 2.330913609407533e-07, 2.310064369482696e-07, 2.3092375578006032e-07,
223, 0.0002973841384352632, 0.5608411549794277, 0.43886128843162503, 5.659888012898316e-08, 5.815148645580505e-08, 5.8138595184801885e-08,
224, 0.0003000267560529239, 0.5608955512479441, 0.4388018110354144, 8.843881349815262e-07, 8.636468534319812e-07, 8.633636081357707e-07,
225, 0.0003114369881696668, 0.5609437749404742, 0.43873975714309144, 1.656984556813955e-06, 1.6874956241833212e-06, 1.6868833730707324e-06,
226, 0.00033859626565275455, 0.5609851499253278, 0.4386746557379353, 5.303028692384179e-07, 5.341814526454248e-07, 5.340198375116948e-07,
227, 0.00037645370315621425, 0.5610191281271979, 0.4386041488322055, 8.906836742086257e-08, 9.036825417400516e-08, 9.033333782307889e-08,
228, 0.00043294992298293023, 0.5610429060347032, 0.43852401869355756, 4.228440034089108e-08, 4.175392304836206e-08, 4.174089043476298e-08,
229, 0.0004664905030641344, 0.5610760292698432, 0.4384534500912214, 1.3575624048638575e-06, 1.3367713727270363e-06, 1.336233041377319e-06,
230, 0.00046608992255432394, 0.5611133601243139, 0.4384197697877224, 2.5683431183180274e-07, 2.619091650634465e-07, 2.618554993936489e-07,
231, 0.0004757729398625048, 0.5611433002782604, 0.4383804857447061, 1.4540088668646766e-07, 1.4806084197129816e-07, 1.4800660731976697e-07,
232, 0.0005019051689460005, 0.5611624917166568, 0.4383338373509874, 5.96786236146195e-07, 5.847962561058546e-07, 5.84612496640283e-07,
233, 0.00054246081317996, 0.5611734515281854, 0.438282634959589, 4.762853629621389e-07, 4.884911371090698e-07, 4.883565530783878e-07,
234, 0.000599032910825778, 0.5611745305714204, 0.4382242814611887, 7.275930192799482e-07, 7.140899503705593e-07, 7.138114459766656e-07,
235, 0.0006589477681684641, 0.5611743288345363, 0.4381662768548, 1.4989568688036105e-07, 1.4856953772897572e-07, 1.485153109341287e-07,
236, 0.000722600335668956, 0.5611709563078556, 0.4381064054361838, 1.2633255502646328e-08, 1.2865522451437291e-08, 1.2859839664396228e-08,
237, 0.0008164093098692577, 0.5611516897237899, 0.43803187936324084, 7.416545384543672e-09, 7.314190011563488e-09, 7.311279042234162e-09,
238, 0.0008717081348187313, 0.5611519689953076, 0.437976181621359, 4.770390187499379e-08, 4.700276048252895e-08, 4.6979094705990676e-08,
239, 0.0009311023110921686, 0.5611496967213374, 0.4379191473877171, 1.8264323601819676e-08, 1.7880698416119248e-08, 1.7873778117616944e-08,
240, 0.0009480554079159065, 0.5611689834316995, 0.43788257155942617, 1.2793709726878192e-07, 1.3105522066820723e-07, 1.310450185136873e-07,
241, 0.0009877600120256002, 0.5611704888736643, 0.43782977437793924, 4.0351072328499625e-06, 3.972842011548485e-06, 3.96922230359607e-06,
242, 0.0010469389475537833, 0.561159038928686, 0.4377652762679813, 9.586693784582211e-06, 9.57531769060003e-06, 9.58428172305669e-06,
243, 0.0010463841371228134, 0.5611890427126729, 0.43772590876246, 1.3085946248464132e-05, 1.2792722699121068e-05, 1.2786155878811477e-05,
244, 0.0010501906903335688, 0.5612225672483852, 0.4376869431321042, 1.3198857094034768e-05, 1.3551320762283492e-05, 1.3549183312012664e-05,
245, 0.001079167599125472, 0.5612658551078914, 0.437637199639202, 6.043115472187179e-06, 5.868078765805467e-06, 5.866889247896747e-06,
246, 0.001065233871929887, 0.5613236310340232, 0.43760210695959373, 2.951661111723595e-06, 3.039059084190498e-06, 3.037841628851089e-06,
247, 0.0010796882272193096, 0.5613641199418393, 0.4375550677820429, 3.8186296901986274e-07, 3.71202826911074e-07, 3.714072298880447e-07,
248, 0.0010603626735798345, 0.56140323811124, 0.43753575242301124, 2.1689950931399907e-07, 2.151213546063414e-07, 2.1519300943494704e-07,
249, 0.00099836947873627, 0.5614476983816741, 0.4375537174720288, 7.08955214722844e-08, 7.211425571992855e-08, 7.208060501055517e-08,
250, 0.0009564410733514175, 0.5614808028727489, 0.43756263751232366, 3.925150792588178e-08, 3.986530307089064e-08, 3.984769078563e-08,
251, 0.0009377367436644419, 0.5615016053753525, 0.43756055605760086, 3.4430596342980154e-08, 3.391539653417488e-08, 3.390153019773383e-08,
252, 0.0009341911047829524, 0.5615131624263857, 0.43755260788237105, 1.316703374107644e-08, 1.2925339327232396e-08, 1.2920243468582688e-08,
253, 0.0008907978685580618, 0.5615452566819297, 0.43756385697128375, 2.9296963822499894e-08, 2.9808075627441593e-08, 2.9795711840349266e-08,
254, 0.000870929272540228, 0.5615649859011622, 0.43756404553845935, 1.341818515815421e-08, 1.3148314133462682e-08, 1.3144194585300654e-08,
255, 0.0008202687283128101, 0.5616000645193161, 0.437578837498336, 2.729755238241507e-07, 2.7840954859009876e-07, 2.7828870262576744e-07,
256, 0.0007977165018522245, 0.5616190787419237, 0.4375827659939491, 1.4923603587414215e-07, 1.4502032822260003e-07, 1.4492372846641316e-07,
257, 0.0007445628711107397, 0.5616482402593385, 0.43759669069926777, 3.44820687303946e-06, 3.5279023981769966e-06, 3.530481786276495e-06,
258, 0.0007151067792783153, 0.5616815973837825, 0.4375953693714325, 2.6875681298337373e-06, 2.6206054012695216e-06, 2.618712773253135e-06,
259, 0.00068805262261873, 0.5617147768262832, 0.43759544095085634, 5.626656612463336e-07, 5.836864801374402e-07, 5.836687082742991e-07,
260, 0.0006792566043113013, 0.5617322277862403, 0.4375814878028121, 2.3833267185970607e-06, 2.322829221535263e-06, 2.322071762377352e-06,
261, 0.0006830966338963753, 0.5617419766313162, 0.4375607473708641, 4.6756244804646726e-06, 4.752737449161809e-06, 4.751422458124667e-06,
262, 0.0007052131331149548, 0.5617402008677287, 0.4375456053321791, 2.9781771160743434e-06, 3.0019060922984005e-06, 3.0010073842145368e-06,
263, 0.0007419652401040141, 0.5617314177402231, 0.43752554300023655, 3.621733715379625e-07, 3.561809484016534e-07, 3.560850291411088e-07,
264, 0.0007931492890908264, 0.5617111982103544, 0.43749540360726846, 8.389648807385878e-08, 8.272558237531206e-08, 8.269307934349016e-08,
265, 0.0008621259113991531, 0.5616798907955532, 0.4374574415483487, 1.797081815030408e-07, 1.8125228868335545e-07, 1.8120361862242234e-07,
266, 0.0009656369766260389, 0.5616286915101221, 0.4374016250624492, 1.330020032089391e-06, 1.3586173023831821e-06, 1.3582323846160944e-06,
267, 0.0011198809396721133, 0.5615516116167276, 0.43732259977325033, 1.994462257742753e-06, 1.9570214127712386e-06, 1.9566056000415347e-06,
268, 0.0012849151394468026, 0.5614697567266255, 0.4372408421348048, 1.5000094645920225e-06, 1.493416184851758e-06, 1.4929946669515757e-06,
269, 0.001498194015730454, 0.5613632710667964, 0.4371372194122926, 4.4215364808878083e-07, 4.3692918844826106e-07, 4.3684200029810286e-07,
270, 0.0017266533976797477, 0.5612462053474921, 0.43702540188536065, 5.847923861603965e-07, 5.776014361152256e-07, 5.773992132481012e-07,
271, 0.0020210572668871436, 0.5610951470310584, 0.4368834257087129, 1.2186703238021517e-07, 1.2429315034860086e-07, 1.2425551842943985e-07,
272, 0.0024005899420697363, 0.5608978983537505, 0.436701449072224, 2.086249151348684e-08, 2.1098405936589884e-08, 2.1090029855807267e-08,
273, 0.002929034295776141, 0.5606214238584462, 0.43644899199271275, 1.8167135332427306e-07, 1.8433837396044113e-07, 1.8426358856345736e-07,
274, 0.0036130341151906593, 0.5602618031731745, 0.43612482135379754, 1.1271284037149612e-07, 1.1454969815626958e-07, 1.1451584266845521e-07,
275, 0.004492159649392149, 0.5597978617979236, 0.43570931766280224, 2.225219714794123e-07, 2.1943823131379138e-07, 2.193489114901443e-07,
276, 0.005114442113165528, 0.5594860788712978, 0.4353982394505976, 4.183076835601669e-07, 4.1089597633180167e-07, 4.107799869867627e-07,
277, 0.0054180693458650495, 0.5593417140201203, 0.4352386530825357, 5.127904571015057e-07, 5.256746696066564e-07, 5.255035171383668e-07,
278, 0.0058192392928365175, 0.5591442901098878, 0.43503342045719107, 1.0307930264377914e-06, 1.0100352679716692e-06, 1.0097280992132465e-06,
279, 0.00625966173730735, 0.5589298446874942, 0.4348097734603926, 2.4176352580552213e-07, 2.394364838229153e-07, 2.393304189719813e-07,
280, 0.006734777440859788, 0.5586952495388455, 0.4345692985107712, 2.255841096001242e-07, 2.2457074431545808e-07, 2.2477127519423282e-07,
281, 0.007033804049253594, 0.5585738993580704, 0.4343883430828433, 1.336238534229074e-06, 1.3090822601785633e-06, 1.308601389007401e-06,
