Optimize time:1.8984137237734264
Begin Prob:-26301.735671231934
End Prob:-25556.479885640958
Substitution parameters back:[0.2641154832187221, 0.1979213767635981, 0.22091880355814142, 0.31704433645953845, 0.9949545899052212]
Substitution parameters hot:[0.1647587069640759, 0.33998698876096556, 0.34913967224796866, 0.14611463202698988, 0.8896799057459126]
Transition parameters:[0.9982442158456281, 0.8999046922696774, 0.001066040854390544]
hscale parameters:3.668909449242836
Trees:
(3:618.034370715906,(1:583.5925514091267,(2:617.9604977495576,4:618.034370715906):618.034370715906):618.034370715906);
(3:618.034370715906,(4:618.034370715906,(1:583.5925514091267,2:583.5925514091267):583.5925514091267):583.5925514091267);
(3:762.0128817620669,(2:618.034370715906,(1:618.034370715906,4:618.034370715906):618.034370715906):618.0352802609849);
(3:2267.512142676437,(1:2141.1482263726807,(2:2267.241109452158,4:2267.512142676437):2267.512142676437):2267.512142676437);
(3:2267.512142676437,(4:2267.512142676437,(1:2141.1482263726807,2:2141.1482263726807):2141.1482263726807):2141.1482263726807);
(3:2795.756262341611,(2:2267.512142676437,(1:2267.512142676437,4:2267.512142676437):2267.512142676437):2267.515479714972);

Position, Posteriors1, Posteriors2, Posteriors3, Posteriors4, Posteriors5, Posteriors6,
0, 0.47470863790125956, 0.20876498763329504, 0.30639666799376164, 0.003467249384725838, 0.003330601144267296, 0.003331856595640745,
1, 0.4748824852621196, 0.2095789888037728, 0.3078506657695393, 0.0026180131206898724, 0.002534440404755612, 0.0025354072957677943,
2, 0.4750471865395877, 0.21162962811595665, 0.31101139659703503, 0.0008005536530286144, 0.0007554079457175953, 0.000755827804058775,
3, 0.4730734013749672, 0.21332096332510594, 0.3135556947600663, 1.576418292813851e-05, 1.709076238399628e-05, 1.708625236403179e-05,
4, 0.4721733704510461, 0.21360979836519242, 0.3142008560922381, 4.911386618098608e-06, 5.532080246983393e-06, 5.5322810195344975e-06,
5, 0.4715871467385441, 0.21371834628237232, 0.3146819645358221, 3.859998297137617e-06, 4.342045771531803e-06, 4.341054279178248e-06,
6, 0.4723958818627007, 0.21317171441104926, 0.31443154607946705, 2.753974870254024e-07, 2.914589402398885e-07, 2.91444053262695e-07,
7, 0.47227707818547965, 0.21306761989345888, 0.3146550757251799, 6.897576232665913e-08, 7.898698105230276e-08, 7.888859810983258e-08,
8, 0.4732176957054933, 0.21244989794617475, 0.314327326005962, 1.6612030026593156e-06, 1.7105268958123415e-06, 1.7092682567247874e-06,
9, 0.4751859367325786, 0.2113621437347997, 0.3134516629680743, 7.788120874433922e-08, 8.972474534938805e-08, 8.961613847156802e-08,
10, 0.4792383422903463, 0.2092590734695695, 0.3115021895950519, 1.2226874846184292e-07, 1.3657333733128456e-07, 1.3645807591265984e-07,
11, 0.4880971134460872, 0.2047822618802872, 0.3071204231355265, 6.816422488507427e-08, 6.702138280543608e-08, 6.700826810735771e-08,
12, 0.49221454898301137, 0.20261623021020875, 0.30516814284371196, 3.398097679636341e-07, 3.6953699630296634e-07, 3.6927165501837404e-07,
13, 0.5012109894404464, 0.19801350849395596, 0.3007662630144384, 3.127876356366159e-06, 3.055890256004409e-06, 3.0559423850330527e-06,
14, 0.5053108817677654, 0.19586344815357837, 0.2988234589662693, 7.07394581576697e-07, 7.523590647107467e-07, 7.520153970852863e-07,
15, 0.5141507175996315, 0.19137877346972748, 0.29446792222305496, 8.903156239681605e-07, 8.483743436253033e-07, 8.486759250619292e-07,
16, 0.5190231438313139, 0.18889999627782475, 0.29207443324711996, 8.562941051853235e-07, 7.852498097512911e-07, 7.857607677627904e-07,
17, 0.5216425334392634, 0.1875478553085156, 0.29080685573816245, 9.871160996332775e-07, 8.841534937596509e-07, 8.849049256377539e-07,
18, 0.5228164833338043, 0.18683791346345383, 0.2903399920967131, 1.9969185948770706e-06, 1.806436458107295e-06, 1.8084130989280436e-06,
19, 0.5228996074851635, 0.18658617399681435, 0.290429575337705, 2.909910127138559e-05, 2.7755970360089736e-05, 2.778877062124106e-05,
20, 0.5225408544908868, 0.186502414996646, 0.2907255980966573, 8.038959037137176e-05, 7.53178313772041e-05, 7.542565747507418e-05,
21, 0.5221247851172031, 0.1861955339634839, 0.29087976346178535, 0.00027998461666661366, 0.0002598728406542346, 0.00026006065983850247,
22, 0.5206259022683561, 0.18644467124200748, 0.29178354596447686, 0.0003978893367691917, 0.00037387888543388275, 0.000374112963160824,
23, 0.5175509275150909, 0.18746535675190562, 0.29382967050220193, 0.0003970273295227046, 0.0003784049249413499, 0.0003786136366156855,
24, 0.5131239199915424, 0.1890523260097707, 0.29674829425584465, 0.0003687017798974781, 0.0003532927611584366, 0.00035346586255725497,
25, 0.5068578159196812, 0.19130592017421028, 0.300726052562993, 0.00038104037158200526, 0.0003645038767242034, 0.00036466775939135817,
26, 0.49784588448612177, 0.1946017436280826, 0.3063137443475579, 0.0004276283233007488, 0.0004054214768507249, 0.0004055784053732018,
27, 0.4785418598383094, 0.20182691088327612, 0.3186492058490973, 0.00033857931318763813, 0.0003216712833817045, 0.00032177350105137587,
28, 0.4404498627506213, 0.2165155629197313, 0.3425028768473179, 0.00017786593575777653, 0.00017691975141004515, 0.00017691246504714098,
29, 0.38789430887654014, 0.23676100107493225, 0.37509289528762374, 7.955921145228391e-05, 8.61541276331306e-05, 8.608209178511604e-05,
30, 0.3149466190992995, 0.264331715299672, 0.42034496361325496, 0.00011467448210453824, 0.0001311008806805635, 0.0001309272942055552,
31, 0.27768038326968864, 0.2764506266700954, 0.4409646862187635, 0.0015748652500581482, 0.0016653700372008537, 0.0016640692232191522,
32, 0.22316467869568457, 0.29347099595101866, 0.4694185839350191, 0.004505827034605335, 0.0047221043212238, 0.004717810733014593,
33, 0.2008109047820386, 0.2996507762423037, 0.479986603196342, 0.0064092328983500835, 0.006574315641004577, 0.006568167913168569,
34, 0.19147129995700604, 0.30322343946363756, 0.48544485808762766, 0.00658515299633322, 0.0066401948538395645, 0.006635055311350089,
35, 0.17285623123823884, 0.31159295943339266, 0.49761560780084607, 0.005949655568836083, 0.005995109229529554, 0.0059904373996503,
36, 0.1326476855387056, 0.3300754119078959, 0.5242714822803002, 0.004216620530665762, 0.00439666271946822, 0.004392137689670404,
37, 0.11816768046667801, 0.33992311928847846, 0.5383642023477392, 0.0011118294591518712, 0.0012181045249991104, 0.0012150645791065414,
38, 0.10696651759651733, 0.345273377131644, 0.5466567214271404, 0.0003457102188540721, 0.0003792084931646785, 0.0003784657984453157,
39, 0.09125939229235805, 0.35171856143168423, 0.5564433627241765, 0.00018201657447680845, 0.00019847267972786286, 0.0001981949606236863,
40, 0.07041615274565677, 0.36018703102645866, 0.5690907273067068, 9.741972007869768e-05, 0.00010435811951585813, 0.00010431174069476472,
41, 0.050067093812668856, 0.3683922858361309, 0.5815338657413925, 1.9789120372111502e-06, 2.389421172171208e-06, 2.3869383323056486e-06,
42, 0.03994575541144408, 0.37229137207064233, 0.5877570128978719, 1.7982494792726817e-06, 2.0310319175148924e-06, 2.0309976149378537e-06,
43, 0.031096279263877574, 0.37573410209624836, 0.5931569349950339, 4.045477348490514e-06, 4.3204215694396295e-06, 4.31840598822044e-06,
44, 0.026662117517476762, 0.37751517711983984, 0.5958200722168029, 8.42338239205547e-07, 8.95873079383126e-07, 8.95596685381821e-07,
45, 0.020488034539057308, 0.38005032966075797, 0.5994614425654091, 5.864953124944191e-08, 6.765755014466867e-08, 6.759202146710117e-08,
46, 0.017421406126060978, 0.38124459205402184, 0.6013309168602275, 1.0160627191185987e-06, 1.0348279323949898e-06, 1.0347315584088272e-06,
47, 0.013115378683202485, 0.38297539459516394, 0.6038920862829492, 5.7006133074592886e-06, 5.7206492580686585e-06, 5.719838562107308e-06,
48, 0.0071359748110045315, 0.38563979153878064, 0.6072238889085998, 1.0723408230629745e-07, 1.191375469324908e-07, 1.1903140464124817e-07,
49, 0.004436305895985252, 0.3868112794567332, 0.6087523764356082, 1.1964845233474923e-08, 1.3460068308709029e-08, 1.344772149158642e-08,
50, 0.003219061995307592, 0.38730915160932616, 0.6094717562317703, 9.431392731032924e-09, 1.0702077057144014e-08, 1.0694031655212357e-08,
51, 0.0025932083968558963, 0.38756300703375135, 0.6098436615724857, 3.8293161008870347e-08, 4.2695983029333563e-08, 4.2666472165172495e-08,
52, 0.0023065075098110768, 0.3876806745349526, 0.6100123744952914, 1.457014229508207e-07, 1.492204772273213e-07, 1.4919505172077076e-07,
53, 0.0018983745414133848, 0.3879236542860129, 0.6101776303468427, 1.0743467161469281e-07, 1.1703304672075112e-07, 1.1701825274045142e-07,
54, 0.0015721590810681369, 0.3880915340486212, 0.6103354321267308, 2.6697977988637087e-07, 3.0445385718481657e-07, 3.039699600232482e-07,
55, 0.0013659897118053132, 0.38820431206930855, 0.6104264231356581, 1.024928168845938e-06, 1.1258343483031778e-06, 1.1249802893956506e-06,
56, 0.00120926054954353, 0.3883358048533524, 0.6104496469509632, 1.642035472678972e-06, 1.8242174671436112e-06, 1.8220528496586342e-06,
57, 0.001115209380174728, 0.3884337565201282, 0.6104332424269805, 5.76660603894397e-06, 6.013378316747321e-06, 6.0123476043548885e-06,
58, 0.000967820599380006, 0.38853143340914914, 0.6104782398602387, 7.352329579007243e-06, 7.577088797557674e-06, 7.577368807458405e-06,
59, 0.0006788061346738938, 0.38870984588135826, 0.6105903617065185, 6.713004914075088e-06, 7.137004882182439e-06, 7.1369232148086996e-06,
60, 0.0004361587129480814, 0.38888623533658595, 0.6106591173383188, 5.831727006843839e-06, 6.3307737060133515e-06, 6.326766277683655e-06,
61, 0.00035388628443721795, 0.3889684326343524, 0.6106681785934986, 2.9495587725453004e-06, 3.279885206140744e-06, 3.27369606004483e-06,
62, 0.0002947872891299942, 0.3889179908832517, 0.6107866612079856, 1.6671422764768406e-07, 1.9748965332192717e-07, 1.97068798250226e-07,
63, 0.00027317986514053817, 0.3888324465727217, 0.6108914024216164, 1.000370884658894e-06, 9.857343418078955e-07, 9.856860157935298e-07,
64, 0.00020297073808906056, 0.3887835073864846, 0.6110133389654736, 5.6436581683615536e-08, 6.358537386190645e-08, 6.353835298257556e-08,
65, 0.0001701378582103493, 0.38872844304230736, 0.6111002133517288, 3.903420578373169e-07, 4.080649979336498e-07, 4.079937337220474e-07,
66, 0.00011619700497113564, 0.38869383691970594, 0.6111888276295263, 3.6176784098661735e-07, 3.8875144627146124e-07, 3.8858285031271526e-07,
67, 0.00010109278092380578, 0.3886453516998907, 0.611253071883207, 1.48907741179189e-07, 1.677437680266486e-07, 1.6763912088376418e-07,
68, 0.00010035699935588819, 0.38860060573387556, 0.6112964375250902, 8.752721982381071e-07, 8.624711048268438e-07, 8.626561817290496e-07,
69, 7.7740521452942e-05, 0.388597436712153, 0.6113230014208507, 6.019798968049544e-07, 6.099127829624492e-07, 6.101127313391755e-07,
70, 6.070498363121541e-05, 0.3886117304165937, 0.6113274032204457, 4.957679164057208e-08, 5.6249104197846994e-08, 5.621448091186671e-08,
71, 5.5607636237203904e-05, 0.38862197390493375, 0.611322318367993, 3.123814055373442e-08, 3.476605468081607e-08, 3.474563123076855e-08,
72, 6.16657830888135e-05, 0.38863872059169846, 0.6112992953310182, 1.0897041432878745e-07, 1.0496434574894258e-07, 1.0502007179550979e-07,
73, 5.00273470390623e-05, 0.38867662194554997, 0.6112730119077873, 1.1400923059979491e-07, 1.126370982551298e-07, 1.1281439491768151e-07,
74, 3.348726036273624e-05, 0.38875850899543946, 0.6112079855613242, 5.865693915218694e-09, 6.4898548408575596e-09, 6.487305749947476e-09,
75, 2.8188756364084044e-05, 0.3888186399328543, 0.6111531540689069, 5.48229279470774e-09, 6.213238912987273e-09, 6.208539535825752e-09,
76, 2.930039253729209e-05, 0.3888616856714984, 0.6111084553018109, 1.8332086533256704e-07, 1.8796608321989697e-07, 1.8800815352592977e-07,
77, 3.086620198129136e-05, 0.3889440010765265, 0.6110250978028884, 1.0838909856989723e-08, 1.237462036061642e-08, 1.2366042102409857e-08,
78, 3.978228841028473e-05, 0.3890085353386523, 0.6109508732068155, 2.654295454799471e-07, 2.7218523598993914e-07, 2.7221437095452915e-07,
79, 4.0160248629754787e-05, 0.3890881173944071, 0.6108712990940122, 1.3621657036847694e-07, 1.4382580488377389e-07, 1.4388486562149468e-07,
80, 4.195115470993685e-05, 0.3891271745486812, 0.6108303556544415, 1.6527151901263837e-07, 1.7704435927909602e-07, 1.7699093029663847e-07,
81, 6.0298881433444914e-05, 0.38916185452726243, 0.610777587004758, 8.467521586553022e-08, 8.7796320922765e-08, 8.778013387743984e-08,
82, 6.791548762672214e-05, 0.3891809496546223, 0.6107508791222371, 8.4287485077956e-08, 8.605604095886013e-08, 8.605724729698424e-08,
83, 6.564902345441568e-05, 0.3891841559667469, 0.610749702454672, 1.6360462223033792e-07, 1.647673030008186e-07, 1.6484941035919187e-07,
84, 5.3266938077450864e-05, 0.3892020015694938, 0.610743076454678, 5.585367305227872e-07, 5.483367194333052e-07, 5.488292949988651e-07,
85, 2.6095312765666695e-05, 0.3892625789863121, 0.6107112852078046, 1.288413210069866e-08, 1.4138721613854416e-08, 1.4134812234174054e-08,
86, 1.3947411449872319e-05, 0.389299130992152, 0.6106869032762723, 5.8621278279383974e-09, 6.563953612585108e-09, 6.559337434482059e-09,
87, 8.311976234224117e-06, 0.389344261588077, 0.6106473598213529, 2.0802384489165587e-08, 2.3244623874380964e-08, 2.3228272215395656e-08,
88, 5.8407174182708796e-06, 0.389399529857707, 0.6105945607944878, 2.1373621415636313e-08, 2.3967243806683074e-08, 2.3949687457099218e-08,
89, 5.065004261040326e-06, 0.389465601417762, 0.6105292871119838, 1.4289592214625607e-08, 1.6426417790731354e-08, 1.641003445466232e-08,
90, 5.769722824171727e-06, 0.3895138326346962, 0.6104785437314589, 5.972737629458806e-07, 6.287372909080812e-07, 6.285602272075329e-07,
91, 9.85219048058493e-06, 0.3895744691919016, 0.6104155794662923, 2.9739222067472908e-08, 3.505515516576186e-08, 3.501664772905814e-08,
92, 1.7235235441600152e-05, 0.3896438991386229, 0.6103381603338884, 2.254318919483711e-07, 2.4034859853125107e-07, 2.4016782318645774e-07,
93, 3.057886515637656e-05, 0.38970913172911253, 0.6102593937787791, 2.9051268736266105e-07, 3.0295230253088757e-07, 3.0281691751054174e-07,
94, 3.5560562912501956e-05, 0.38978376112337454, 0.6101802950009929, 1.2121582142677898e-07, 1.314607788598247e-07, 1.312890779562992e-07,
95, 4.5951791707893255e-05, 0.3898954388302065, 0.6100579954699789, 2.048968283439547e-07, 2.048180674800318e-07, 2.0484394270187485e-07,
96, 4.0191119974146966e-05, 0.3900130134446739, 0.6099455114954554, 4.134005802955367e-07, 4.354594433020708e-07, 4.357306416911109e-07,
97, 3.362500422830513e-05, 0.3901482645668522, 0.6098171586708471, 3.0029206324700155e-07, 3.260528079513159e-07, 3.260638227709404e-07,
98, 1.786059884911321e-05, 0.39029805384192795, 0.6096820976522638, 6.150767859000641e-07, 6.86906089198505e-07, 6.865751393500994e-07,
99, 1.3669793641090381e-05, 0.39044461266596886, 0.609537575460554, 1.2992422870138773e-06, 1.4219903556834274e-06, 1.421495047244879e-06,
100, 1.0871113254995381e-05, 0.3905371733268765, 0.6094486958332488, 1.0005725551124206e-06, 1.1304210705786055e-06, 1.1293805430199468e-06,
101, 1.0320334824871204e-05, 0.3905729438547623, 0.6094125492629276, 1.292238343515446e-06, 1.4479761155302225e-06, 1.4469784809851655e-06,
102, 1.540222084745e-05, 0.39062037897471263, 0.6093630045620602, 3.598930177912203e-07, 4.2764598052462364e-07, 4.2734908114580304e-07,
103, 2.69982738965949e-05, 0.39067447152599427, 0.6092955112988204, 9.715221456036648e-07, 1.0238381576796104e-06, 1.0241858887821489e-06,
104, 3.0272651898943014e-05, 0.39074345657413473, 0.609221492771451, 1.5723098659138343e-06, 1.6025486962539366e-06, 1.6037863504837992e-06,
105, 2.4437278095843442e-05, 0.39085270872565653, 0.6091199490389339, 9.358666074537032e-07, 9.846509670599352e-07, 9.850830643330617e-07,
106, 2.8048693565430378e-05, 0.39097007510527454, 0.6090007748941478, 3.53983303242384e-07, 3.7383344628745e-07, 3.7413208579636494e-07,
107, 3.0388208006778385e-05, 0.39110409065405344, 0.6088644412269385, 3.6027040500933697e-07, 3.601438335289457e-07, 3.601378681921196e-07,
108, 1.9808567599959527e-05, 0.3912701705576204, 0.6087085869217495, 4.6831122075037407e-07, 4.834108182544453e-07, 4.828762708983001e-07,
109, 1.2863838305234063e-05, 0.39133922384789455, 0.6086468644201715, 3.370711438280286e-07, 3.5585818402956377e-07, 3.5560389208747724e-07,
110, 1.2488477469124083e-05, 0.39141789513937997, 0.6085695910030585, 7.846615249586117e-09, 9.092475142541481e-09, 9.081362564823006e-09,
111, 1.5341455559393917e-05, 0.3914806523650794, 0.6085039371923133, 2.1642075172201564e-08, 2.399983874674034e-08, 2.3985248028369938e-08,
112, 2.2867636372878336e-05, 0.3915255633505109, 0.6084472048981157, 1.4734654576645656e-06, 1.445394542365502e-06, 1.4458945707959679e-06,
113, 1.8201957492449375e-05, 0.3915918553030102, 0.6083873155991845, 8.580113350544665e-07, 8.847299108066675e-07, 8.850401722944816e-07,
114, 2.167134140607012e-05, 0.3916667115717332, 0.6083102114717107, 4.630273968530165e-07, 4.712761559571304e-07, 4.719563247694833e-07,
115, 2.111958347138452e-05, 0.3917846818241184, 0.6081930433906518, 3.7969354013661007e-07, 3.879671552495345e-07, 3.88185833355859e-07,
116, 1.3986320737779375e-05, 0.3919132285350558, 0.6080727329337733, 1.6026261427570533e-08, 1.841804957633718e-08, 1.8411724869972837e-08,
117, 1.0814658295498952e-05, 0.39205064584266974, 0.607938269582779, 8.559314265685604e-08, 9.247898103701774e-08, 9.248966751785833e-08,
118, 6.571562819068428e-06, 0.39215395965149435, 0.6078383296988995, 3.600874597622196e-07, 3.899812199403892e-07, 3.896644059671718e-07,
119, 4.376398115516915e-06, 0.39231226841982797, 0.6076830633563892, 8.12380302052089e-08, 1.0571074980246478e-07, 1.0552127703713249e-07,
120, 2.976029522937198e-06, 0.3924520462691864, 0.6075359138605518, 2.7033283454219306e-06, 3.1819603338617715e-06, 3.1791979954789607e-06,
121, 3.0971372130029783e-06, 0.3925891428318265, 0.6073781745252519, 8.966324835689206e-06, 1.0313160150776466e-05, 1.030666643828824e-05,
122, 2.133779853063747e-06, 0.3926757498983062, 0.6072812355351922, 1.2324766069427531e-05, 1.4284462118148612e-05, 1.4272201910881953e-05,
123, 1.8387396809860016e-06, 0.3927796874443033, 0.607178328962306, 1.2008285866000472e-05, 1.407606357497398e-05, 1.4061148058241267e-05,
124, 2.2179770836265674e-06, 0.3928609392003705, 0.6071001188093679, 1.1020215512752463e-05, 1.2859591241977066e-05, 1.284484419082074e-05,
125, 2.1118089460648093e-06, 0.39299953814226973, 0.6069726777226181, 7.694228844477085e-06, 8.994296984050197e-06, 8.98443414254977e-06,
126, 2.760846130993824e-06, 0.3931571351789166, 0.6068395245465322, 1.6492435584518448e-07, 2.077313127842779e-07, 2.07407058212387e-07,
127, 3.5018312889766053e-06, 0.39331448797829976, 0.6066819834386787, 7.883155851432405e-09, 9.760200857624527e-09, 9.745389751746046e-09,
128, 4.5272587889353936e-06, 0.3934571617884348, 0.6065378888759957, 1.3498321347810054e-07, 1.4389055169528553e-07, 1.4384007497297338e-07,
129, 8.547712883764469e-06, 0.39361153453521347, 0.6063798876950607, 9.24618712945923e-09, 1.072921438688229e-08, 1.071837266231614e-08,
130, 1.5920377013070394e-05, 0.3937499279646986, 0.6062334065868181, 2.419080308622645e-07, 2.5192664712860937e-07, 2.5187565865729887e-07,
131, 1.715942864228594e-05, 0.39389892569805024, 0.6060829416835692, 3.1103720208514007e-07, 3.314423738513759e-07, 3.313466939336146e-07,
132, 2.6925755177375888e-05, 0.39405718176936233, 0.6059154243446092, 1.4754916574351386e-07, 1.6062668193802383e-07, 1.6059136630578645e-07,
133, 4.866866838593386e-05, 0.39421819827078597, 0.6057226009698509, 3.61401939541283e-06, 3.458224381208264e-06, 3.46048637994625e-06,
134, 5.955181628239776e-05, 0.3943650078666472, 0.6055408863750211, 1.1794522188373753e-05, 1.1378089075662321e-05, 1.1381966367118846e-05,
135, 5.302632342307237e-05, 0.39455207784621843, 0.6053707703848944, 8.13209645283685e-06, 7.99613820468436e-06, 7.997843641203898e-06,
136, 3.5879636856390425e-05, 0.3947222091066749, 0.6052398539322943, 6.473825104710638e-07, 7.054754659411716e-07, 7.050953528714742e-07,
137, 2.9975251092275634e-05, 0.39487906285232166, 0.6050904518535566, 1.6212228440678416e-07, 1.743064892320368e-07, 1.7424680709712427e-07,
138, 1.5363019936303478e-05, 0.39505016972411494, 0.6049343782448218, 2.6501472852546634e-08, 3.1589705432105774e-08, 3.1555032870717236e-08,
139, 7.36991566684228e-06, 0.3952285327359973, 0.6047621700870474, 6.124893025531705e-07, 6.5789215372807e-07, 6.575119923533742e-07,
140, 5.030427722696871e-06, 0.3953824061541504, 0.6046115191041319, 3.2478470392126473e-07, 3.602439361493996e-07, 3.599151819917222e-07,
141, 5.6296072583644225e-06, 0.39553755425827547, 0.6044563996605372, 1.2557348244912795e-07, 1.4590532975635268e-07, 1.4562186824359035e-07,
142, 5.710815039160425e-06, 0.3957267787338793, 0.6042663563949486, 3.6361089586248344e-07, 3.9568958011969685e-07, 3.953791777650731e-07,
143, 9.602642914065017e-06, 0.39589124147713195, 0.6040989862965918, 5.179378917086273e-08, 5.924325229323615e-08, 5.9173847994874864e-08,
144, 1.7894481448026576e-05, 0.3960556061662509, 0.6039262709224744, 7.721561069941584e-08, 7.593728090462156e-08, 7.590163127364277e-08,
145, 1.4822307271097216e-05, 0.39620507964135, 0.6037798508492912, 7.943633098475823e-08, 8.428245856642654e-08, 8.41094009095627e-08,
146, 1.1970728292296656e-05, 0.39630698716139284, 0.6036809753166821, 2.0416414793492486e-08, 2.3518405837803927e-08, 2.3486937967484024e-08,
147, 1.1986297407216533e-05, 0.396409487185019, 0.6035784006266639, 3.794171029166952e-08, 4.4317963546830116e-08, 4.426116835697058e-08,
148, 1.567785611096235e-05, 0.3965218411632785, 0.6034617181588919, 2.344929633875101e-07, 2.6466430617779554e-07, 2.6429393216693147e-07,
149, 2.4048387673656202e-05, 0.3966298979682422, 0.6033341738046731, 3.947828797578718e-06, 3.967801098526643e-06, 3.964836506770067e-06,
150, 1.9666364013476335e-05, 0.3967225859998424, 0.6032521196078934, 1.7688739056592837e-06, 1.9320112502999283e-06, 1.9277711660156907e-06,
151, 1.6637005092186252e-05, 0.3967330020296973, 0.6032477690427374, 7.851793083648257e-07, 9.051532941275858e-07, 9.02216633254293e-07,
152, 1.445518211262232e-05, 0.3967414630409717, 0.6032403681902877, 1.1698515683997852e-06, 1.273692542300791e-06, 1.2706710492906296e-06,
153, 1.3764820583894902e-05, 0.3966543320185082, 0.6033272699809704, 1.4885394275552148e-06, 1.5736523448762016e-06, 1.5716167112353285e-06,
154, 1.9785739171279728e-05, 0.39656651393756287, 0.6034076767807844, 2.0068430246160934e-06, 2.009144002967311e-06, 2.008183363678536e-06,
155, 1.4262441349408626e-05, 0.39650044396201806, 0.6034850204633252, 8.415296793450423e-08, 9.484182728181787e-08, 9.476906899344859e-08,
156, 1.3243540182635188e-05, 0.3964413279374711, 0.6035446101295646, 2.6171887331146e-07, 2.785962458798291e-07, 2.7871042089200116e-07,
157, 1.0402147975097199e-05, 0.3964003095125314, 0.6035890236074161, 8.148926101283216e-08, 9.199614523614495e-08, 9.187793532582242e-08,
158, 8.140710343996337e-06, 0.39639250590788583, 0.6035988458603792, 1.6087987526088167e-07, 1.7368132833234722e-07, 1.7359226023229423e-07,
159, 1.029711892259117e-05, 0.3963954669234266, 0.6035941938278787, 1.2985244944507401e-08, 1.4896031549071381e-08, 1.4883367972417348e-08,
160, 1.5175711216040533e-05, 0.3964080794602, 0.6035762475642311, 1.660160481683593e-07, 1.659479155443809e-07, 1.659358829681004e-07,
161, 1.0294642992188348e-05, 0.39645587582545555, 0.6035333310315173, 1.5215096451372564e-07, 1.735707658162003e-07, 1.7341512181282278e-07,
162, 8.86738384286509e-06, 0.39651223362280735, 0.6034749731935158, 1.25295400182384e-06, 1.3370662281275614e-06, 1.3364181035958326e-06,
163, 1.2349047789380812e-05, 0.3965453183673851, 0.603438351128048, 1.2840543844848273e-06, 1.349271597051718e-06, 1.3487682331705653e-06,
164, 9.724687639699732e-06, 0.3965559668185376, 0.6034339827969275, 9.902352200629991e-08, 1.1376375622549867e-07, 1.1354546520975702e-07,
165, 6.9646814149325885e-06, 0.39663419571005015, 0.6033584463780047, 1.1392120039789582e-07, 1.400443859476981e-07, 1.399001381090246e-07,
166, 5.674865011230785e-06, 0.3967173449136578, 0.6032630248071196, 4.363728784413253e-06, 4.796231811928161e-06, 4.7960903395757574e-06,
167, 3.980039628921965e-06, 0.3967518990318018, 0.6032264180133935, 5.480774381680991e-06, 6.1118863783515655e-06, 6.110893534520076e-06,
168, 4.5235547716609726e-06, 0.3967847193087056, 0.6031814295249387, 9.25561904839482e-06, 1.0036145971489941e-05, 1.0036485789281836e-05,
169, 3.031099141439948e-06, 0.3968179930129491, 0.603153754577232, 7.79786381909391e-06, 8.713628252308458e-06, 8.710456285290289e-06,
170, 2.9329599802063214e-06, 0.3968688230332665, 0.6031199195257118, 2.336134637068538e-06, 2.9972166069066198e-06, 2.9917659538010623e-06,
171, 3.170777099942986e-06, 0.3968867065525539, 0.6030822180191179, 8.355360857348177e-06, 9.78279082071008e-06, 9.767135276798918e-06,
172, 3.119679560533495e-06, 0.39700059343448707, 0.6029618573638827, 1.0255632330494595e-05, 1.2096378350391152e-05, 1.2078146864827483e-05,
173, 4.505594043879756e-06, 0.3971309787744366, 0.6028340031575193, 8.956030966895259e-06, 1.078754378726031e-05, 1.0769534684121539e-05,
174, 9.107908450929589e-06, 0.39725946463190925, 0.6026974187520574, 1.0107047244082451e-05, 1.1960500397624631e-05, 1.1941792686840958e-05,
175, 7.973654255557484e-06, 0.39735305245645763, 0.6025541054615455, 2.6138317061053664e-05, 2.9382444417464273e-05, 2.9348298687142156e-05,
176, 8.272540082165564e-06, 0.39756079542991013, 0.6023497915016665, 2.482791448366556e-05, 2.8171135151293553e-05, 2.8142109422274334e-05,
177, 1.0065159717175194e-05, 0.39777163707592633, 0.6021527365158792, 2.001967224270001e-05, 2.2778124876727934e-05, 2.2764082754112083e-05,
178, 9.430182021019938e-06, 0.3980298141218921, 0.6019019328080235, 1.8145377697680308e-05, 2.0345073872610512e-05, 2.033306994145205e-05,
179, 1.4089481858376032e-05, 0.39828359564692006, 0.6016392205173636, 2.0109279158915355e-05, 2.149646172309369e-05, 2.1489247685846128e-05,
180, 8.633213661457481e-06, 0.3985923813648849, 0.6013955231539733, 1.0187407894088725e-06, 1.2228085753806948e-06, 1.2213546415788178e-06,
181, 6.593801561092367e-06, 0.39885067924367684, 0.6011384279591648, 1.3194041361171379e-06, 1.490689199138329e-06, 1.4895376146479336e-06,
182, 7.9835557940459e-06, 0.3991226769121739, 0.6008691774102204, 4.6559359707660894e-08, 5.814176188243637e-08, 5.805866242931037e-08,
183, 1.1536360450606042e-05, 0.39937666303148045, 0.6006105726226946, 3.9370254100433336e-07, 4.1750410564437607e-07, 4.1741788040951695e-07,
184, 8.934245126310329e-06, 0.3996454702495756, 0.600343972640463, 5.134166721663869e-07, 5.55146627682171e-07, 5.549390146262767e-07,
185, 1.112729318012195e-05, 0.399925243381413, 0.6000616985330234, 6.224675465084895e-07, 6.545636411107799e-07, 6.543976810238781e-07,
186, 7.217769798404819e-06, 0.4001797190765935, 0.5998128581024359, 6.257775579614133e-08, 7.158800306899151e-08, 7.152147912222254e-08,
187, 5.789373479434529e-06, 0.4004343487456752, 0.5995597863848485, 2.328166448437056e-08, 2.6440804488871152e-08, 2.6414379604965763e-08,
188, 5.968799808406818e-06, 0.40069040723011295, 0.5993035709634483, 1.689893232849183e-08, 1.83911577517738e-08, 1.8357434057644423e-08,
189, 5.206096088470255e-06, 0.40101990798771103, 0.598974710917055, 5.533285675595932e-08, 6.019669369808389e-08, 6.011022243778257e-08,
190, 3.867775418331411e-06, 0.40134949361897265, 0.5986465618730761, 2.3852804542174248e-08, 2.6771818062862856e-08, 2.674857679169544e-08,
191, 3.2397167074264347e-06, 0.401691162793529, 0.5983055802986085, 5.396948466758629e-09, 6.2200261379656575e-09, 6.213810148337886e-09,
192, 2.6989181648560114e-06, 0.40201762219129633, 0.5979792358326329, 1.4169839471025725e-07, 1.5102486277032336e-07, 1.5097403336627804e-07,
193, 3.3706829681594732e-06, 0.40235727962851625, 0.5976392823414217, 2.0820123324681258e-08, 2.3589195815840138e-08, 2.3574869211590037e-08,
194, 4.716602927770917e-06, 0.40267828433601566, 0.5973151065265536, 6.26283015318667e-07, 6.33308628454648e-07, 6.335860387841099e-07,
195, 4.030906613273568e-06, 0.40299357421690885, 0.5969998644079726, 8.219016107898151e-07, 8.547251201093348e-07, 8.544818566690401e-07,
196, 3.7250244341422683e-06, 0.4033674805404686, 0.5966286124883641, 5.445413979202899e-08, 6.410024481984271e-08, 6.403385090458669e-08,
197, 3.495473586832371e-06, 0.40375196406650266, 0.5962430552882112, 4.755012105288939e-07, 5.052688112790752e-07, 5.050412640109396e-07,
198, 5.1880297799973185e-06, 0.40411228878654715, 0.5958823571715209, 5.070197272473165e-08, 5.800456423081509e-08, 5.794730598579753e-08,
199, 8.557161507403437e-06, 0.4044737351652616, 0.5955176777257117, 9.321502953724647e-09, 1.0638643157271061e-08, 1.0632166426488918e-08,
200, 1.4934337226792956e-05, 0.4048185696856175, 0.5951653635285677, 3.777769495161384e-07, 3.775194335897612e-07, 3.7779478962348815e-07,
201, 1.3361279160884404e-05, 0.40523521905891563, 0.5947489280141233, 8.137050628480214e-07, 8.39337667266417e-07, 8.392500513308397e-07,
202, 1.8664329715411843e-05, 0.4056515251795645, 0.5943243654856278, 1.8321919564784259e-06, 1.8066955385408849e-06, 1.8067630410258405e-06,
203, 1.2278552306840963e-05, 0.4060911983940647, 0.593894709944051, 5.909190438556541e-07, 6.116214460153145e-07, 6.112144996733535e-07,
204, 9.09442150883921e-06, 0.40646710497545585, 0.5935236415999725, 4.841959928699056e-08, 5.5647957358941844e-08, 5.558036868068469e-08,
205, 8.099369684239098e-06, 0.40684325070788363, 0.5931485705518071, 2.4231119088810645e-08, 2.7907097299081174e-08, 2.7877462467850566e-08,
206, 8.739571750811301e-06, 0.40723101381771365, 0.5927601243473843, 3.824023544748301e-08, 4.237991016223961e-08, 4.2285628772067315e-08,
207, 8.08479657029001e-06, 0.407511076379112, 0.5924799333946966, 2.8773739217845536e-07, 3.0919714889638735e-07, 3.091379703929586e-07,
208, 6.1595101505495895e-06, 0.40783363857858945, 0.5921594806677377, 2.139386022461684e-07, 2.5409831603825546e-07, 2.5385095450187097e-07,
209, 5.900121266809504e-06, 0.4081612229301983, 0.5918142648042651, 5.885639478655567e-06, 6.365090353093601e-06, 6.362057334084568e-06,
210, 4.2911300204879345e-06, 0.40851636889875687, 0.591457611026851, 6.8244754349082794e-06, 7.455695343256434e-06, 7.449416993662412e-06,
211, 5.056176895578492e-06, 0.40888718957631964, 0.5910898399389742, 5.660836465346727e-06, 6.130916905433789e-06, 6.123195702049885e-06,
212, 5.4481859295677025e-06, 0.40921253513323436, 0.5907815127427977, 1.4558928619348755e-07, 1.7969583078718228e-07, 1.792929648584409e-07,
213, 6.869227043827134e-06, 0.4095129971474615, 0.590479036392143, 3.393164329489032e-07, 3.7952489900205965e-07, 3.7903277059060687e-07,
214, 1.258630490254105e-05, 0.4098253162467807, 0.5901611096495043, 3.0326795015653234e-07, 3.4295305520166203e-07, 3.4221829145291317e-07,
215, 1.924284356399122e-05, 0.4100533087977564, 0.589926729427853, 2.2803044454949956e-07, 2.46011241295824e-07, 2.4552683523062485e-07,
216, 2.8713650223962822e-05, 0.41035761566585294, 0.5896071897147772, 2.196217381223813e-06, 2.1425925248966386e-06, 2.1428019390778758e-06,
217, 2.5962860858932905e-05, 0.4105934711743602, 0.589378725152836, 6.074781814634664e-07, 6.16803534556349e-07, 6.171749883018994e-07,
218, 2.2446431654523616e-05, 0.4108462541255324, 0.5891306243862942, 2.1853320971223102e-07, 2.2857956048614245e-07, 2.285906783105197e-07,
219, 1.1190650348472144e-05, 0.4110810602033857, 0.5889068433060747, 2.864867540436662e-07, 3.1007453760163227e-07, 3.099237887965023e-07,
220, 7.745578638715096e-06, 0.4113149339831647, 0.5886768764884649, 1.3213574631114272e-07, 1.5632301650375225e-07, 1.561362845112644e-07,
221, 6.84357611825143e-06, 0.4115486792289837, 0.5884417806579023, 8.495404921861914e-07, 9.241015438607081e-07, 9.235386425356657e-07,
222, 9.819049854034362e-06, 0.41179530417488064, 0.5881933651720882, 4.7650989570749164e-07, 5.180972181490811e-07, 5.176398705253077e-07,
223, 1.502847849969071e-05, 0.4119763524792386, 0.5880082728332598, 1.0916367228738946e-07, 1.1888389608036785e-07, 1.1880318669367495e-07,
224, 1.3920549836332508e-05, 0.4121419097064541, 0.5878438351819905, 1.0107729365331585e-07, 1.170946595787147e-07, 1.170333746095332e-07,
225, 1.7308345799118606e-05, 0.41228289674058605, 0.5876854266233057, 4.654674464698709e-06, 4.855986519353639e-06, 4.858269049094491e-06,
226, 1.2508801334098525e-05, 0.41251498542908416, 0.5874608472103157, 3.648704776839891e-06, 4.005397840800765e-06, 4.005099583374423e-06,
227, 1.4161814725144332e-05, 0.41274504806652723, 0.587227786566378, 4.052259875446103e-06, 4.476639857342489e-06, 4.475297976876446e-06,
228, 9.321948329044412e-06, 0.41295066317660295, 0.5870284216185738, 3.55904634129236e-06, 4.018527503318776e-06, 4.016326529986776e-06,
229, 1.0099993916218421e-05, 0.4131304920469699, 0.5868514387578256, 2.4299755817698126e-06, 2.770795823697756e-06, 2.7690739663891952e-06,
230, 1.7453868765563565e-05, 0.4132845383282193, 0.5866959217150762, 6.322958008270742e-07, 7.272707360636657e-07, 7.271660749030165e-07,
231, 2.3950645270389567e-05, 0.41345493887048845, 0.5865205643272133, 1.605386709986704e-07, 1.9330697709145864e-07, 1.9295663681143522e-07,
232, 3.367894040149357e-05, 0.413658092145405, 0.5863073183960683, 2.808556293390789e-07, 3.153896197144631e-07, 3.14916159414392e-07,
233, 4.725050322318919e-05, 0.4138604468555567, 0.5860917785662471, 1.708180001001513e-07, 1.7691830735473954e-07, 1.769846314880538e-07,
234, 5.929407744282209e-05, 0.4140536446786928, 0.5858869320329768, 4.3837776103473776e-08, 4.300246806303579e-08, 4.301628334333545e-08,
235, 5.3989362165495904e-05, 0.4142711546467257, 0.5856745490449049, 9.854398559405959e-08, 1.0453574827382478e-07, 1.045133548863654e-07,
236, 5.0945855143131756e-05, 0.41444656673122326, 0.5855017984014598, 2.163425875124204e-07, 2.3689965087149876e-07, 2.3641949701504478e-07,
237, 5.068889256067436e-05, 0.414572194031567, 0.5853751637462057, 6.237249168767734e-07, 6.653318902161013e-07, 6.649219213377239e-07,
238, 4.124457608301468e-05, 0.41470672333980224, 0.5852476741448916, 1.393259906465814e-06, 1.4829644782323023e-06, 1.4823660787317962e-06,
239, 2.1083754283554244e-05, 0.4148191546224381, 0.5851552710593068, 1.4190866405580557e-06, 1.5364183134714578e-06, 1.5357091661253534e-06,
240, 1.5056499913169323e-05, 0.41493944027963275, 0.5850451111102768, 1.1556923661647962e-07, 1.3866692151642708e-07, 1.3852339682116325e-07,
241, 1.3027333609508498e-05, 0.41505792147457493, 0.5849286817365024, 1.1422533123073444e-07, 1.2794172652737484e-07, 1.2793857652591195e-07,
242, 9.173653792729428e-06, 0.4151942231011106, 0.584795984106034, 1.883638624379336e-07, 2.1586685519969272e-07, 2.155573418459289e-07,
243, 5.827315409443734e-06, 0.41536366345980374, 0.5846267390338329, 1.2013036475309269e-06, 1.2849518787979445e-06, 1.2845822222285594e-06,
244, 5.7078975587252676e-06, 0.41554633947642117, 0.5844455916696913, 7.543585504600863e-07, 8.03612412522877e-07, 8.036324794509093e-07,
245, 4.244910516610062e-06, 0.4157501382216218, 0.5842454144385684, 5.974801725743671e-08, 7.169049847941904e-08, 7.164011785942835e-08,
246, 3.6896920904706614e-06, 0.4159638336658783, 0.5840307235119375, 5.507925765398313e-07, 6.015593333686372e-07, 6.014285688248217e-07,
247, 5.397694567786017e-06, 0.41615316467664765, 0.5838399200472458, 4.779251547166936e-07, 5.200520995397654e-07, 5.202582025160985e-07,
248, 4.776456460224003e-06, 0.41636136695570286, 0.5836335137127852, 1.0089863815740203e-07, 1.213643441539089e-07, 1.2126480991505535e-07,
249, 4.70637095712823e-06, 0.4165801517364083, 0.5834140167500025, 3.517709671886625e-07, 3.8720450061932253e-07, 3.868202124663872e-07,
250, 4.988115430695255e-06, 0.41674196277117354, 0.5832504419268154, 8.324053199719491e-07, 8.87925496887834e-07, 8.875068506873135e-07,
251, 8.039177265447142e-06, 0.41691716210481644, 0.5830747259346334, 2.2259702719352048e-08, 2.559978341188335e-08, 2.5573339326988955e-08,
252, 1.4835969898298515e-05, 0.41707269766311306, 0.5829122087601387, 8.657853518942954e-08, 8.58296237012404e-08, 8.584732164705779e-08,
253, 1.1026783389568663e-05, 0.4172092942299272, 0.5827764926429272, 1.0342824945056929e-06, 1.0761984465830876e-06, 1.0765104533654343e-06,
254, 6.948189572430285e-06, 0.4173682809637772, 0.5826230070636593, 5.636932224050159e-07, 6.0037693447337e-07, 6.003585653190651e-07,
255, 6.730630789685253e-06, 0.4175382081354228, 0.5824549760731873, 2.5677022071602967e-08, 3.007723922697393e-08, 3.005157401613894e-08,
256, 8.4154856106263e-06, 0.4177182817418377, 0.5822728258884863, 1.512086111269374e-07, 1.6321771947065945e-07, 1.6310517387547586e-07,
257, 1.5859167034615738e-05, 0.4178990075029089, 0.5820846615954831, 1.512088169094378e-07, 1.6067148634765246e-07, 1.6050278756974855e-07,
258, 1.6697047804200166e-05, 0.4180641924121226, 0.581916955933346, 6.944672494348237e-07, 7.308909367571813e-07, 7.298948720580975e-07,
259, 1.938725320874137e-05, 0.4181322649497128, 0.5818449361149902, 1.0992883167513483e-06, 1.156907957561346e-06, 1.1561362524561986e-06,
260, 1.5797932042263516e-05, 0.4182107532876856, 0.5817691663580014, 1.3740579971863243e-06, 1.45484209307963e-06, 1.4541729637620705e-06,
261, 1.3805261854705854e-05, 0.41823512840789995, 0.5817489751094604, 6.576391457196359e-07, 7.17595542746636e-07, 7.166376465404205e-07,
262, 1.4640928845746247e-05, 0.4182021835894966, 0.5817817981548693, 4.344442419615556e-07, 4.72224258659171e-07, 4.713080288106345e-07,
263, 1.5540810243482686e-05, 0.41812099692011057, 0.5818612126346094, 7.444205551550611e-07, 7.529146719388026e-07, 7.529487798495619e-07,
264, 8.862859271580468e-06, 0.4180795527007829, 0.5819114770130464, 3.2832452414328215e-08, 3.764012544549263e-08, 3.760428265272229e-08,
265, 6.104688788678285e-06, 0.41801850155026504, 0.5819744317754499, 3.0614019046988037e-07, 3.2832864806833385e-07, 3.2816540264616883e-07,
266, 7.158053014844066e-06, 0.41793284550455095, 0.5820598768275627, 3.623252211088049e-08, 4.2031079092236465e-08, 4.199974160852888e-08,
267, 9.830369873251065e-06, 0.41784810606178713, 0.5821418664547969, 6.394993293805981e-08, 6.685678806279557e-08, 6.695903742995345e-08,
268, 8.395272284427215e-06, 0.4178364957383185, 0.5821537841606979, 4.2084582803648205e-07, 4.5226936100068993e-07, 4.523642171870375e-07,
269, 1.1320630122893142e-05, 0.4178257410895977, 0.5821608848971415, 6.552677316750612e-07, 6.99125965016626e-07, 6.996407101031645e-07,
270, 1.2349885715930566e-05, 0.41786470964447553, 0.5821210508272378, 6.038604590503856e-07, 6.429834234115576e-07, 6.434504011217483e-07,
271, 1.1886570728927415e-05, 0.41792276819526936, 0.5820648958579431, 1.4045066540908353e-07, 1.5487008991148142e-07, 1.5471010173468444e-07,
272, 1.1415476784218431e-05, 0.41805049337109895, 0.5819380570927952, 1.0378693809439979e-08, 1.2175599325579413e-08, 1.2160896521891605e-08,
273, 1.3518056645941137e-05, 0.4181883139094508, 0.5817978696647599, 9.481764748570523e-08, 1.0215208066428048e-07, 1.0205423678384727e-07,
274, 1.7441370912660823e-05, 0.4183656716440742, 0.5816156854214525, 4.002827035004515e-07, 4.0083054546763417e-07, 4.011070158205482e-07,
275, 2.0370202254610022e-05, 0.4185366757804375, 0.5814424556609239, 1.6120084312775375e-07, 1.6882022016303553e-07, 1.6898998567207425e-07,
276, 2.1727872313295396e-05, 0.4187254554259442, 0.5812524081848469, 1.2997013437090784e-07, 1.395832318662575e-07, 1.3962035136310582e-07,
277, 2.2086889920639657e-05, 0.4189329013715895, 0.5810445368675825, 1.4526809340080542e-07, 1.6532687909878383e-07, 1.6493596362196712e-07,
278, 2.3761373140777928e-05, 0.41913974984469127, 0.5808349854415004, 4.730214126353716e-07, 5.161173013480153e-07, 5.148636006308541e-07,
279, 2.554663396452692e-05, 0.41929712525219903, 0.5806721285476304, 1.7021065101656492e-06, 1.7496568056302292e-06, 1.748462434314206e-06,
