Optimize time:20.90166807115078
Begin Prob:-13575.255930066813
End Prob:-13500.284701194774
Substitution parameters:[0.2177873173152397, 0.26476749199958355, 0.2655604466804399, 0.2518847440047368, 0.8591347732764847]
Trees:
(4:909.8307623291604,(3:911.5197857958401,(5:914.8937980189751,(1:779.1117022189408,2:914.8937980189751):776.299344795337):914.8937980189751):786.3452135261049);
(4:930.7708111618534,((2:914.8937980189751,5:786.4334821421286):909.8302248391981,(1:786.4334821421286,3:788.2845386510709):999.9999215812713):984.8305782917726);
((4:911.5197857958401,5:909.8307623291604):911.5197857958401,(3:909.8307623291604,(1:909.8307623291604,2:911.5197857958401):909.8302248391981):909.8302248391981);
((4:999.9999215812713,5:781.1201147739549):779.1117599809626,(1:911.5197857958401,(2:909.8302248391981,3:909.8302248391981):758.3803347428559):909.8307623291604);
((4:909.8307623291604,5:909.8307623291604):911.5197857958401,(2:909.8307623291604,(1:786.4334821421286,3:909.8307623291604):909.8307623291604):911.5197857958401);
(4:909.8302248391981,(1:984.8305782917726,(5:999.9999215812713,(2:911.5197857958401,3:909.8307623291604):914.4414028298271):764.7038739556741):911.5197857958401);
((3:786.3431027755885,(2:786.3431027755885,5:914.8937980189751):911.5197857958401):911.0698681255689,(1:760.8742711149672,4:779.1117599809626):764.7097261010713);
(4:911.5197857958401,((3:909.8307623291604,5:909.8307623291604):909.8307623291604,(1:909.8307623291604,2:776.299344795337):914.8944623931059):909.8307623291604);
(4:912.7844955557243,((2:914.8737654940486,3:999.9999215812713):911.5197857958401,(1:764.7038739556741,5:786.3433715205737):909.8302248391981):999.9999215812713);
(4:764.7038739556741,(3:786.3431027755885,(2:914.8937980189751,(1:914.4415115394555,5:911.5197857958401):911.5197857958401):909.8302248391981):984.8336613707339);
(4:909.8302248391981,(2:911.7059310031868,(5:999.9999215812713,(1:911.5197857958401,3:788.2845386510709):984.8305782917726):788.2845386510709):909.8302248391981);
(4:984.8308470367538,(2:911.7045238361968,(3:999.9999215812713,(1:914.4415115394555,5:914.8937980189751):914.8937980189751):786.4334821421286):999.9999215812713);
(4:999.9999215812713,(3:999.9999215812713,(1:909.8302248391981,(2:999.9999215812713,5:984.8305782917726):911.5197857958401):909.8307623291604):909.8307623291604);
((3:909.8302248391981,5:984.8340962092478):786.3433715205737,(1:911.5197857958401,(2:909.8307623291604,4:914.8737654940486):911.5197857958401):909.8302248391981);
((3:236.06821634847304,5:1.41357):0.142168,(2:235.8857418616344,(1:734.499827255992,4:1.62565):0.0659687):0.142168);

Position, Posteriors1, Posteriors2, Posteriors3, Posteriors4, Posteriors5, Posteriors6, Posteriors7, Posteriors8, Posteriors9, Posteriors10, Posteriors11, Posteriors12, Posteriors13, Posteriors14, Posteriors15,
0, 0.0004400746618872645, 0.00043869482980557424, 0.778531396275466, 0.01666484991154896, 0.017717372293274726, 0.004125556819943944, 0.004205885287018855, 0.14458057551267733, 0.004122500014652143, 0.0041167339983405795, 0.004046122620674069, 0.004102418763175501, 0.004116468285528356, 0.006287373724317535, 0.006503976493753646,
1, 0.0003264558231988307, 0.00033313979451821303, 0.7796626394370234, 0.016591927118901426, 0.01764696004909215, 0.0040288816381208025, 0.004109203739196935, 0.14469192257897207, 0.0040258434146482535, 0.004018960180938036, 0.0039489288732516645, 0.004004574112093477, 0.004018695455994154, 0.006186929074504985, 0.006404938199896867,
2, 0.00020457997909642466, 0.0002266026107340824, 0.7808533441483239, 0.016527018218458447, 0.01758471461836987, 0.003931418398408298, 0.004010917287873427, 0.14478434706350596, 0.003928408479717183, 0.003919824898369646, 0.003850549059875423, 0.0039052923171920134, 0.003919559443031871, 0.006067297843253265, 0.006286125123793042,
3, 0.00011987361534367485, 0.00015440069390832318, 0.7821463081983909, 0.016460571567534873, 0.017521448939595438, 0.0038170304593658044, 0.003895568130184634, 0.1448620949914442, 0.003814080947956083, 0.003804173775086196, 0.003735711020628925, 0.0037894958665772006, 0.0038039078185129055, 0.005928440915326547, 0.006146892551201941,
4, 8.43201131524456e-05, 0.00012041545198132917, 0.783437982557328, 0.016395620652747238, 0.01746016592111981, 0.0036983608816667578, 0.0037759541566564766, 0.14491662827841695, 0.003695496233118881, 0.0036848328993282107, 0.003617301870235837, 0.0036700699041318425, 0.0036845681152202834, 0.0057709609148022855, 0.005987321544375999,
5, 6.309289415569644e-05, 9.830499917267267e-05, 0.7846136243531364, 0.016320240986005922, 0.01739198200344178, 0.0035839908054389226, 0.0036645214287636574, 0.14499086956896914, 0.003581252352264056, 0.0035751249911794747, 0.0035091582890219757, 0.0035603724420680835, 0.0035748622877530925, 0.005630448233479037, 0.005842153860645233,
6, 4.9073980004740644e-05, 8.185659172519458e-05, 0.7859021415257988, 0.016237470755417992, 0.01731745472858261, 0.003455074307504579, 0.003539543210994156, 0.1450716556813329, 0.0034525107269026147, 0.0034526824736139166, 0.0033884479555334472, 0.0034379948200431282, 0.0034524229167068, 0.005478125361718638, 0.005683544461340317,
7, 4.6987218800356836e-05, 7.911481275284743e-05, 0.7872162973130714, 0.0161556856592472, 0.01724418433174074, 0.0033208748924773352, 0.0034096257633608306, 0.1451411347717062, 0.003318512957592441, 0.003325685724070506, 0.003263148285020523, 0.003311168616697646, 0.0033254331457631256, 0.005322049392704585, 0.005520096613203603,
8, 4.048574150647187e-05, 7.09959319893701e-05, 0.7887216500957248, 0.016075515431005112, 0.017173557833051127, 0.0031667154800338175, 0.0032565960854672995, 0.14521017524540045, 0.003164572719889116, 0.0031810389521196563, 0.0031205283862210356, 0.00316679129653277, 0.003180792589619266, 0.005144692110390218, 0.0053258915987438715,
9, 3.671911492078476e-05, 6.559729647839915e-05, 0.790275511986876, 0.015997551891695917, 0.01710430563838097, 0.003007493012698605, 0.0030961916840850754, 0.14526870919255397, 0.003005579544737119, 0.0030301708731200407, 0.0029713055518456816, 0.0030163072137165572, 0.0030299329106395563, 0.0049659648175961624, 0.005128658764620583,
10, 3.164961238023174e-05, 5.658306311670718e-05, 0.7916734090400689, 0.01591575125150795, 0.01702733287428725, 0.0028675576640529226, 0.0029536495754355742, 0.14533690423154666, 0.0028657421322460866, 0.0028938546200895808, 0.0028355871274232006, 0.0028804762140336154, 0.0028936245887206244, 0.004808495661857557, 0.004959381837295383,
11, 2.7763909048689905e-05, 5.0191681566335984e-05, 0.7931248810836268, 0.01583909266927799, 0.01695550798172351, 0.002722744534259477, 0.002805511733872717, 0.1453849094684465, 0.002721043016668048, 0.0027519729671871183, 0.002694473127408242, 0.00273904603422589, 0.0027517497423341325, 0.004646045296652811, 0.004785066245222085,
12, 2.0416484497877116e-05, 3.977144016528813e-05, 0.7945566387123331, 0.015765578108062988, 0.01688883816778974, 0.002579447046539304, 0.0026611004389563066, 0.14541917355417658, 0.0025778931828585342, 0.0026128634967221356, 0.0025572590236015917, 0.002600385148173426, 0.0026126464707183685, 0.0044896052892957825, 0.0046183829284300836,
13, 1.5057271557790108e-05, 3.13043967231946e-05, 0.7960666258507938, 0.015687253080860167, 0.016817892727989316, 0.0024243361437458495, 0.0025057431829228487, 0.14545501943425562, 0.0024229594783089638, 0.0024628955778058666, 0.002409429777799533, 0.0024508972262951207, 0.0024626858670032913, 0.004334386666103, 0.0044535128102018064,
14, 1.3421155591088532e-05, 2.8158703070297172e-05, 0.7972908364834793, 0.015616014205634379, 0.016753227047414627, 0.0023036862049254352, 0.002384544480159699, 0.14547352139570474, 0.0023024513029511915, 0.0023454292500916085, 0.0022939746488803052, 0.0023338151878096254, 0.0023452255303727776, 0.0042021812654911925, 0.004313512628347055,
15, 1.42081843153193e-05, 2.8239672400329618e-05, 0.7985828044874654, 0.015547423896219523, 0.016691808311207378, 0.0021785883101898005, 0.0022589288795464586, 0.14547812627617707, 0.002177522624115083, 0.002224230567945326, 0.00217493576796542, 0.002213072579394999, 0.002224034640024894, 0.0040525198309668544, 0.004153555460088556,
16, 1.4339475283247105e-05, 2.7551199080020865e-05, 0.7999981456306399, 0.015487779189250926, 0.016639519014896326, 0.0020445829024537078, 0.002120232916851077, 0.145464775563344, 0.0020436245899347096, 0.002093624101705488, 0.0020472029287228683, 0.002083077993198001, 0.0020934367818372123, 0.0038795038801510326, 0.003962603321193353,
17, 1.6156002418732467e-05, 2.926755399450112e-05, 0.8015668347404475, 0.015431820703006962, 0.016591308196419765, 0.0018936038912622122, 0.001964294474772241, 0.1454350748826997, 0.0018927737183987053, 0.0019461400433241703, 0.0019030585211054628, 0.0019362306461051077, 0.001945963159939923, 0.0036913546721716274, 0.003756118282751484,
18, 1.5779027209613512e-05, 2.8472325791130914e-05, 0.8028329872443118, 0.015375450083629392, 0.01654169251190326, 0.0017758662098533013, 0.0018422737906233961, 0.1454162013491229, 0.0017751226644048138, 0.0018302009952035334, 0.0017900352682021607, 0.001820752504819036, 0.0018300297011714095, 0.0035371195888570313, 0.0035880162255026073,
19, 1.3954395401999937e-05, 2.5311852337612902e-05, 0.804098857929209, 0.015325050149649497, 0.016496237599242413, 0.001663437314845877, 0.001724495336692704, 0.14538323571918607, 0.0016627097257663492, 0.0017167184689893522, 0.0016792377792035505, 0.0017077561447947347, 0.0017165520225550768, 0.003373227243824844, 0.003413217809532486,
20, 1.535480229063528e-05, 2.6336052270991392e-05, 0.80520874816103, 0.015268074457068662, 0.01644364770044198, 0.0015642001845850167, 0.0016205422186028314, 0.14537734169227232, 0.0015634973024347503, 0.0016165374340889292, 0.0015813060655697224, 0.001607990004454704, 0.001616376522598625, 0.003229904721199178, 0.0032601421737990417,
21, 1.4631883474930242e-05, 2.470851043907438e-05, 0.8064599946796215, 0.015211425410703954, 0.0163912122679597, 0.001450700289084522, 0.0015030401922018148, 0.14536486281608166, 0.001449996382513121, 0.0015015776865220677, 0.0014686672554458063, 0.001493469266238066, 0.0015014215980821903, 0.0030703559383674756, 0.0030939353170927773,
22, 1.1222799135678977e-05, 1.9891436865686096e-05, 0.8077466097302897, 0.015146119955051874, 0.01633370228945352, 0.0013283934758740812, 0.00137968185433402, 0.14537246900888887, 0.0013277524212739463, 0.0013834382198408932, 0.0013536006066785045, 0.0013757944249723742, 0.0013832851955473894, 0.0029129805204688853, 0.002925057550241674,
23, 9.777166063949274e-06, 1.7034826400222162e-05, 0.808999345951207, 0.015068648928400446, 0.01626479464999278, 0.0012058683011535879, 0.0012575679930004373, 0.14539742133564174, 0.0012053137670424848, 0.0012665822101557526, 0.0012397999564664668, 0.0012594931273573597, 0.0012664343596529176, 0.0027703069590614146, 0.0027716099574060247,
24, 8.130827923497634e-06, 1.4272477506574557e-05, 0.8099727471710274, 0.014994563091767877, 0.016198116922876944, 0.0011151018456929565, 0.0011667029702230143, 0.14542388439689483, 0.001114614886877017, 0.0011792756455720477, 0.0011549883999473472, 0.0011725420773102896, 0.0011791298937302813, 0.002656345116741208, 0.0026495837653882017,
25, 5.993637107023356e-06, 1.1084002596429273e-05, 0.8107843814942636, 0.014908445389493367, 0.016117884539326898, 0.0010394009897378605, 0.0010904955749626562, 0.14549364016776195, 0.0010389737133600161, 0.0011057646161620742, 0.0010831458329489197, 0.0010992507810814727, 0.0011056194247441576, 0.002564304286899623, 0.002551615035938227,
26, 1.7950286190645472e-06, 4.343646860151677e-06, 0.8114956120347038, 0.014812096883210989, 0.01602506017889845, 0.0009738340077506294, 0.0010241265372426672, 0.1455945637675156, 0.0009734419295323817, 0.0010412256583456573, 0.0010194586358866513, 0.0010348709606957703, 0.0010410796881295992, 0.0024875003341033545, 0.0024709901973785134,
27, 1.4611316946564913e-06, 3.522398461630832e-06, 0.8121152447778545, 0.014719317162458336, 0.015936017431499354, 0.000917583049105548, 0.0009676037362756086, 0.1456857299174906, 0.0009172262148559904, 0.0009862529446673246, 0.0009652395385063843, 0.000980121476731215, 0.00098610920675569, 0.002419392471358603, 0.002399178034602689,
28, 1.1602152993987e-06, 2.7557832206376897e-06, 0.8127688229310462, 0.014621860035361764, 0.01584271357915425, 0.0008568886064451481, 0.0009069755690441803, 0.14577955866827993, 0.0008565765535376759, 0.0009271697194642004, 0.0009069981538703622, 0.0009212750874133342, 0.0009270285692026711, 0.002351947937757697, 0.002328268083828444,
29, 1.4719990305313765e-06, 2.972349882820682e-06, 0.8133524241616926, 0.014518001524874515, 0.015742727106997034, 0.0008025616331475755, 0.0008527268561389003, 0.1458949281670222, 0.0008022956604850915, 0.0008742990124419545, 0.0008548136378431188, 0.0008686083957410972, 0.0008741608328898114, 0.002292437590099764, 0.0022655705635467338,
30, 2.334657816276271e-06, 3.7027785873676808e-06, 0.8138653052803719, 0.014419988446326283, 0.01564704511349817, 0.0007565311974616508, 0.0008065472167882587, 0.1460015633080658, 0.0007562768559364609, 0.0008288513674680103, 0.0008100101908572687, 0.000823417177408144, 0.0008287169355462615, 0.0022393125519303337, 0.002210396415034813,
31, 2.73921251472438e-06, 3.998565171811072e-06, 0.8142750150642137, 0.014331781366165619, 0.015561514190917261, 0.00072187814268898, 0.0007716914771799649, 0.1460948446165174, 0.0007216300132257046, 0.0007942771337101215, 0.000776248727041846, 0.0007890645731949956, 0.0007941455924399416, 0.0021956861358082293, 0.002165484682477397,
32, 3.010541433150096e-06, 4.232705637794796e-06, 0.8146887301274099, 0.014250269104483486, 0.015482545406857208, 0.0006872239050200392, 0.0007367281409510871, 0.14616990507837643, 0.000686984392640485, 0.000759437937253523, 0.0007422918830261911, 0.0007544231550136119, 0.0007593087355725798, 0.0021530260013439485, 0.0021218823760875004,
33, 2.8279917841142712e-06, 3.688253077253904e-06, 0.8150725162399619, 0.014159097739484929, 0.01538945298094561, 0.0006557164224627662, 0.0007045536693853745, 0.14626891884830945, 0.000655463752891678, 0.0007267873299912417, 0.0007098401170636044, 0.0007219684536594625, 0.000726660202852813, 0.0021166483564598647, 0.0020858591329207354,
34, 2.6437296038345923e-06, 3.202289702115919e-06, 0.8154929684242032, 0.01407012005199484, 0.015298671541712026, 0.0006205801157547258, 0.0006688585945606554, 0.14635777417182264, 0.000620303491105933, 0.0006903278058702463, 0.0006736401433178099, 0.0006857525760209524, 0.0006902031158986428, 0.002077438507911551, 0.0020475149342390545,
35, 2.2974935558018074e-06, 2.643693552977818e-06, 0.8158545511088168, 0.013993907861446013, 0.015220652627206163, 0.0005927567623928548, 0.0006403301464981236, 0.14642526333927672, 0.0005924600485650783, 0.0006610585941954632, 0.000644681174770541, 0.0006566593827784824, 0.000660935261102401, 0.002040388699426013, 0.002011413302604192,
36, 1.782032396738189e-06, 1.992609391000504e-06, 0.8161698132617826, 0.013927575978134253, 0.015152516397689386, 0.0005703824395966754, 0.0006171868748800316, 0.14647716200652566, 0.0005700686441853788, 0.000637206623980246, 0.000621160665441194, 0.0006329339343038707, 0.0006370838519151213, 0.0020055424847345107, 0.0019775916927867094,
37, 1.4156006003041974e-06, 1.5453728687748133e-06, 0.8165285183006291, 0.013860504779235125, 0.015083926832656294, 0.0005443913505738427, 0.0005903001285337233, 0.146522985111006, 0.0005440642795842349, 0.0006096541356082026, 0.0005939716758298881, 0.0006055282622399597, 0.0006095320735563362, 0.0019654032533431105, 0.0019382583399219931,
38, 1.0284413739124843e-06, 1.1231593181879445e-06, 0.8167970286806019, 0.013804329595736704, 0.015026208744106694, 0.0005271082301804427, 0.0005722719476913752, 0.14655740816653656, 0.0005267701650732764, 0.000591016010846926, 0.0005756697219455213, 0.0005869839608559871, 0.0005908940039591739, 0.0019341986030944746, 0.001907960066069183,
39, 6.65331211305533e-07, 7.596127012119345e-07, 0.8170196172197693, 0.013742028506989341, 0.014961859164168171, 0.0005129189239027737, 0.0005574417112388299, 0.14661642001784408, 0.0005125730871470957, 0.0005756417524384755, 0.0005605681439100054, 0.00057167095685365, 0.0005755193718696883, 0.0019088554961633744, 0.001883460199210887,
40, 4.580995316537548e-07, 5.664548502409035e-07, 0.8172646160877279, 0.013682152704572539, 0.014900067695453463, 0.0004968893274607282, 0.0005407316416516177, 0.14666525582266074, 0.0004965362266918279, 0.0005582562082334074, 0.0005435017312630576, 0.0005543470921386296, 0.0005581335854950738, 0.0018814114896128053, 0.0018570753281884295,
41, 3.7138702127520755e-07, 4.4325441408899804e-07, 0.8175080477750326, 0.01361365413053923, 0.014829906038275609, 0.0004806511003064896, 0.0005240477544014418, 0.14672689439744238, 0.0004802944890081432, 0.0005409184716715509, 0.0005264859514673029, 0.0005370880283517431, 0.0005407960012546369, 0.0018569096298517384, 0.0018334910866705434,
42, 1.0600885150774069e-07, 1.4095133189842332e-07, 0.8177747084770356, 0.013549635638202167, 0.014765066233176154, 0.00046275441269752753, 0.0005050809113601904, 0.1467780559824268, 0.0004623886188344466, 0.0005220202630187234, 0.0005080350863804087, 0.0005182944303539574, 0.0005218980117209037, 0.0018279708168158122, 0.0018038436553102371,
43, 8.92398601435475e-08, 1.0174014537736711e-07, 0.8180154415118621, 0.013487750643028195, 0.014702622213943781, 0.0004470765421141369, 0.0004885742590940358, 0.1468276355810154, 0.0004467036854280565, 0.0005055724676160017, 0.0004919889624652922, 0.0005019638501594771, 0.0005054512167585217, 0.0018019563469995376, 0.0017770712368914547,
44, 9.372232453373895e-08, 1.036335917277435e-07, 0.8182716183894646, 0.013424109458203737, 0.01463820826458946, 0.00042981337991552376, 0.00047032125419552585, 0.146880443746924, 0.00042943580962333624, 0.0004874056902722989, 0.00047422319257153984, 0.00048391535425316306, 0.00048728568877870124, 0.0017743961582158132, 0.0017486257539685677,
45, 1.1630554511215481e-07, 1.38590691350766e-07, 0.818487568109279, 0.013349401752642659, 0.014561928574153159, 0.00041478235388869606, 0.0004543664194671144, 0.14697075045616473, 0.00041440250071326834, 0.00047152670525678423, 0.00045865788244192927, 0.0004681254474697332, 0.00047140774642903666, 0.0017516911814574826, 0.0017251354700451018,
46, 7.842713065463563e-08, 1.0043858119717939e-07, 0.8186819599574348, 0.013267637351535803, 0.014478473306549416, 0.000401162033726384, 0.00043995957843890227, 0.14707982026304878, 0.00040078238416965483, 0.00045718392312546133, 0.00044460827013349054, 0.0004538574293379309, 0.000457065722071438, 0.0017322834714236948, 0.001705026939998935,
47, 6.098716646946885e-08, 1.0252754627327477e-07, 0.8189011556490311, 0.013187626567468368, 0.014396987872106031, 0.0003855832821198547, 0.0004234729357248546, 0.14717852073058027, 0.00038520708758287773, 0.00044081983121250574, 0.00042855200590274234, 0.00043758620431694293, 0.0004407028821047898, 0.0017108966567883188, 0.0016827242763532576,
48, 1.654331145962216e-07, 2.684453487738006e-07, 0.8190980589425726, 0.013110072448526475, 0.014318270922782362, 0.00037191091843431063, 0.0004091019687264133, 0.1472751242785453, 0.0003715388189222073, 0.0004265591960796793, 0.0004145683623228349, 0.00042342960223920763, 0.0004264440662133101, 0.0016918001506416671, 0.0016626859413151585,
49, 1.6361656774462946e-07, 2.70628517500033e-07, 0.8192861716014043, 0.013022528051633024, 0.014227299550142316, 0.00035888329682743606, 0.000395381348867769, 0.14739290412879286, 0.000358509041653575, 0.0004127914140451047, 0.0004009367042698388, 0.0004097745025473402, 0.0004126780852859837, 0.0016756515887261703, 0.0016460559410119361,
50, 1.8912349312355996e-07, 3.1455614061807005e-07, 0.8194819573793087, 0.012938838681881705, 0.014140634682199097, 0.0003457562634037431, 0.000381550755387888, 0.1475000535148483, 0.0003453819522183322, 0.00039897127546128895, 0.00038726661107477475, 0.0003960724538710591, 0.0003988599023542041, 0.001657225811224871, 0.0016269265390171134,
51, 2.4582088753408625e-07, 4.0646707184617403e-07, 0.819654326991778, 0.01285763281578369, 0.014057635705776408, 0.00033441142216789874, 0.00036966887241529585, 0.14760656025150598, 0.00033404029892227107, 0.0003870860532370751, 0.00037558873097856397, 0.00038430264562934756, 0.00038697672196177067, 0.001641052252555311, 0.0016100644512601515,
52, 3.9928869657025673e-07, 6.220952719906894e-07, 0.8197859975640407, 0.012784387542248216, 0.013982657334598607, 0.000326302606026968, 0.0003611434025837749, 0.14770733317727747, 0.00032593314161135116, 0.00037852073489680875, 0.0003672151741603704, 0.0003758296900200129, 0.0003784129411023865, 0.0016283781456765834, 0.0015968666624588037,
53, 4.337600831009996e-07, 7.357421010640935e-07, 0.8199257276409211, 0.012717729338424341, 0.013914465562605142, 0.00031823606689678017, 0.00035257698308249443, 0.14779349420702464, 0.0003178691700771336, 0.00036994226950256317, 0.00035884539139262306, 0.0003673346918474443, 0.00036983581410301606, 0.0016124787405347523, 0.001580294119706624,
54, 1.1216350985262703e-06, 1.6785713522647789e-06, 0.8200490074245973, 0.012652849307065004, 0.013848324848418934, 0.0003112700404682253, 0.0003452410350409383, 0.14787889135870963, 0.0003109059559146459, 0.00036260347799371283, 0.0003516938350309562, 0.00036008473464835104, 0.00036249865159728226, 0.0015983613247630727, 0.0015654672990677325,
55, 1.7888649152449499e-06, 2.497233851312648e-06, 0.8201734712961697, 0.012591561975970469, 0.013785119621109688, 0.0003043944154163443, 0.0003380149287408952, 0.14795583607421695, 0.0003040261467285876, 0.0003551851975007092, 0.0003444883748526429, 0.0003527705520982365, 0.0003550820984869253, 0.0015843760967081788, 0.0015513866254469348,
56, 3.3226063750117794e-06, 4.5549019715864355e-06, 0.8202858804305776, 0.012522505147717305, 0.013713435320169476, 0.0002976323122538064, 0.00033086995083749285, 0.14805632813549902, 0.00029726097663344754, 0.00034784759205977873, 0.000337338731867411, 0.00034552728131510537, 0.0003477461871101132, 0.0015714200975901539, 0.0015383298324997588,
57, 4.729138764413736e-06, 6.5726114095030365e-06, 0.820363248178533, 0.012455158399465562, 0.013643257800948098, 0.0002930601714508487, 0.0003259996965729965, 0.14816621584747153, 0.0002926856360054851, 0.0003428046718314396, 0.00033245775370816964, 0.0003405548167316779, 0.0003427043443822187, 0.0015618293455693041, 0.0015287210884315687,
58, 1.5979033846989993e-05, 1.9153548550590013e-05, 0.8204168406110083, 0.012386346388930925, 0.013571838837839953, 0.0002892107215285678, 0.000321957939982031, 0.148274391619638, 0.0002888333912441879, 0.00033861145186751633, 0.0003284131125925007, 0.0003364403906389744, 0.00033851250574341645, 0.0015533376732234287, 0.0015201322776947246,
59, 2.705261309193888e-05, 3.212263624487617e-05, 0.8204383600613409, 0.012318514145373724, 0.013501167476965163, 0.00028714903198312453, 0.0003197694955751624, 0.14839394238385525, 0.00028676834354089887, 0.0003362888701511833, 0.00032622063323121383, 0.00033417945918822595, 0.0003361907946776861, 0.0015477542929246957, 0.001514519263670743,
60, 3.6223593128023254e-05, 4.339138540893271e-05, 0.8204420840863108, 0.01224535511406934, 0.013424538663576872, 0.00028581385793700166, 0.00031830470134313374, 0.14853744477926323, 0.000285430431871386, 0.00033466471855000105, 0.0003247080940926854, 0.00033261019536898494, 0.0003345673847111935, 0.0015440148502268336, 0.0015108476494100007,
61, 4.46019884516089e-05, 5.438436027846836e-05, 0.820455154499741, 0.012179259012910787, 0.013355314790264656, 0.0002844374908800808, 0.0003167451326424688, 0.14866373121482554, 0.00028405201256078485, 0.0003329666422116388, 0.00032313171414521404, 0.0003309606509289779, 0.0003328699135047489, 0.0015377775258023853, 0.0015046125571910457,
62, 5.272225984812162e-05, 6.529764326555654e-05, 0.8204788137264964, 0.012114831167368889, 0.013286366614023899, 0.00028248426556733337, 0.00031443904473313713, 0.14878514130526324, 0.00028209563684440474, 0.00033048637801967037, 0.0003207216714931987, 0.0003285267551728901, 0.00033039031997162354, 0.0015303773556755698, 0.0014973053614263192,
63, 5.755919374306027e-05, 7.122466231524835e-05, 0.8205076803631266, 0.012046290233121365, 0.013210035275223169, 0.00028039627576564955, 0.00031188998768975597, 0.14892254737627486, 0.0002800023114043002, 0.00032764390265520543, 0.00031779908824566225, 0.00032572294350215143, 0.000327548471898973, 0.001523121379978697, 0.0014905380392518323,
64, 6.801720587327213e-05, 8.264030592079105e-05, 0.8205353029467937, 0.01197986684713513, 0.013136132218418488, 0.00027814094373654314, 0.0003091927453764539, 0.1490461031415309, 0.00027774200293826306, 0.0003246198089775402, 0.0003147078787087567, 0.00032273978447209156, 0.00032452510334204834, 0.0015161433128456302, 0.0014841252578681795,
65, 7.798151879190605e-05, 9.150630893458421e-05, 0.8205576793241671, 0.01190523429597505, 0.013051686070350834, 0.00027609826779044955, 0.0003067104181897618, 0.14919175276484975, 0.0002756916515321286, 0.00032175162094049905, 0.00031171048397399324, 0.00031991677694216724, 0.00032165761064755584, 0.0015109335239087117, 0.0014796888695787027,
66, 8.847595926876019e-05, 0.00010135138966733918, 0.8205519218830024, 0.011814446451999973, 0.01295015199828995, 0.0002745599514990574, 0.0003048518918943284, 0.14938846880577533, 0.0002741448094542908, 0.0003195630817160664, 0.00030939172445746977, 0.0003177700647528392, 0.00031946953475618845, 0.001508002854489493, 0.0014774291049937255,
67, 9.924286277538305e-05, 0.00011188140462593548, 0.8205061366235021, 0.011721875912200148, 0.012846259212226327, 0.0002748870309346063, 0.00030493207147826385, 0.14960854186291953, 0.0002744621076555304, 0.00031932736661483403, 0.00030901513181952355, 0.00031756447037833405, 0.0003192338178366681, 0.0015082392351176478, 0.001478400397934652,
68, 0.00010458476655705179, 0.00011624745731617516, 0.8204677645627693, 0.011625168807970968, 0.0127347457140675, 0.0002750628358088431, 0.0003047963252062759, 0.1498458302475775, 0.00027462516374890606, 0.00031876152742752985, 0.00030820404714671873, 0.0003170247180753262, 0.0003186678848584168, 0.001508610093236255, 0.0014799053537248362,
69, 0.00010945328357843353, 0.00012064453126621966, 0.8204138353856706, 0.011514807729631019, 0.01260878882482817, 0.000275173734140111, 0.000304670566484434, 0.1501252515957649, 0.0002747225474199202, 0.00031824255392421476, 0.00030744245481258023, 0.0003165300818594406, 0.0003181486559731165, 0.0015099633664781686, 0.0014823241954193148,
70, 0.00011441445972144203, 0.00012557073420669734, 0.8203705708117763, 0.011404627067931753, 0.012485144655226734, 0.00027436535557276995, 0.0003037574948458644, 0.1503990301728197, 0.0002739021306044604, 0.0003169443373861609, 0.00030594795608988455, 0.00031525588364633434, 0.0003168502376206071, 0.001510118959226768, 0.001483499250356146,
71, 0.00011525610314691754, 0.00012659271343140572, 0.8203462027798548, 0.011298880539199925, 0.012366841978728236, 0.0002728235470000152, 0.0003021682680838697, 0.15066033499136056, 0.0002723495648507717, 0.00031488420783799755, 0.00030370722668513373, 0.0003132105532028831, 0.00031478988460898394, 0.001508656020590157, 0.0014833011292929624,
72, 0.0001132699632240491, 0.00012500689435792834, 0.8203431958107403, 0.011196531402087047, 0.012253730292579866, 0.0002704580047009386, 0.00029969168916878865, 0.1509082261301291, 0.00026997571243529976, 0.00031206793295719063, 0.00030074533330140253, 0.000310410108010912, 0.00031197333825951556, 0.0015046156356933536, 0.001480101259996028,
73, 0.00010724929314195846, 0.00011952718321756805, 0.8203630439158658, 0.011096609428445708, 0.01214281333957784, 0.00026716508771723087, 0.00029605119688872036, 0.15114610051301455, 0.00026667490205912217, 0.00030823150091937966, 0.00029674351050606665, 0.0003065952926370325, 0.0003081366386672874, 0.0014995898404520564, 0.0014754678645006534,
74, 9.669276388420364e-05, 0.00010853003519203209, 0.8203879894099072, 0.010987681419510802, 0.012017215880693205, 0.0002635976074213098, 0.00029199074669044136, 0.1514155731201469, 0.0002630968636394366, 0.000303828972655468, 0.00029197677431080303, 0.0003022042436331696, 0.00030373377211745373, 0.0014945868905637465, 0.0014713010087279534,
75, 8.918775453348059e-05, 9.965182547934792e-05, 0.8204211914884251, 0.010874514431166932, 0.011887205346206462, 0.00025934955204799334, 0.000287268245402056, 0.15168446451722284, 0.0002588393623346174, 0.0002987295789015221, 0.00028651631776118304, 0.0002971176409714284, 0.00029863413088945676, 0.0014898642618367136, 0.0014674650572484222,
76, 8.715178417995303e-05, 9.643457909999439e-05, 0.8204223752158244, 0.010768482361706182, 0.011765150343569009, 0.00025670395614595435, 0.000284235926234573, 0.15194349741938026, 0.0002561840897908162, 0.0002953468775634115, 0.0002828069894005997, 0.0002937434657241114, 0.0002952510138069344, 0.001487069610423219, 0.0014655658761641517,
77, 8.250856195262506e-05, 9.041435179653482e-05, 0.8203865815432153, 0.01065795519255296, 0.011637609224310107, 0.0002556714436409707, 0.0002828920074035948, 0.1522369333972782, 0.00025513952658959624, 0.00029365076613758925, 0.0002807825844762212, 0.000292048491207636, 0.00029355404373036716, 0.001487364062848182, 0.0014668943124677147,
78, 7.966683406171948e-05, 8.585588339745554e-05, 0.8203598772989034, 0.010543526633279732, 0.011506042663651857, 0.00025402233483114823, 0.00028095370446102615, 0.15252958256344024, 0.00025347963820754907, 0.00029133091376052885, 0.00027814523770489525, 0.0002897309836047897, 0.0002912334340711207, 0.0014879648095747007, 0.0014685865810787075,
79, 7.445435130927106e-05, 7.885731796104133e-05, 0.8203483976449014, 0.01042827361034867, 0.011376615136051234, 0.00025135689196879234, 0.000277924852768942, 0.15282103111520487, 0.0002508050489185646, 0.00028822643281893546, 0.0002747779207954501, 0.00028663513620347025, 0.0002881281934988058, 0.0014868752061828064, 0.0014676406534893836,
80, 6.687193748166828e-05, 6.945796074599862e-05, 0.8203024087597784, 0.010324358029029763, 0.01125931445595804, 0.00025082740346952734, 0.00027709927332293394, 0.15310718583362362, 0.0002502629603274661, 0.0002872941235768453, 0.00027359801904080334, 0.0002857060351094556, 0.0002871947057999826, 0.0014886595151369349, 0.0014697604999054678,
81, 5.1543045276727894e-05, 5.188926762821679e-05, 0.8202784480738649, 0.010223852547031483, 0.011146269121350702, 0.0002496141612964567, 0.0002756516817911717, 0.1533870799893186, 0.0002490384079177125, 0.0002856566091088131, 0.0002717294908942454, 0.00028406284393187666, 0.00028555599061992333, 0.0014889561231580177, 0.00147065215986611,
82, 3.514142102772051e-05, 3.445573138252846e-05, 0.8202567646144274, 0.010130494888078387, 0.011041870773768284, 0.00024849653064929785, 0.0002743040873362456, 0.15365084861989997, 0.0002479111410974411, 0.0002840547899138567, 0.00026994981888195596, 0.0002824515193495049, 0.00028395308030147915, 0.0014884246089048529, 0.001470877888043746,
83, 2.1111254616851022e-05, 2.0204780531560868e-05, 0.8201958045347513, 0.010048101214344891, 0.010949178803105215, 0.00024963312162775493, 0.0002752741028795996, 0.15390356488039325, 0.00024903517062680207, 0.0002847641243948215, 0.0002704617780633213, 0.00028314207974423287, 0.0002846608212196134, 0.0014908738283135304, 0.001474189019168635,
84, 7.2910313409122315e-06, 7.028335866834064e-06, 0.8201482599326606, 0.009963960792342269, 0.010856324993431905, 0.0002497696850293597, 0.0002752701015826605, 0.15415262212418734, 0.0002491617110618063, 0.0002846270915554095, 0.00027017348544100403, 0.0002829913006623784, 0.00028452229371898327, 0.0014921259700489918, 0.0014758706683671548,
85, 2.2452361254499543e-06, 2.335141457020986e-06, 0.8201149713594905, 0.009883769076207987, 0.010767987960835577, 0.0002489639719323834, 0.00027427878065244696, 0.15437150874608394, 0.0002483485372084268, 0.0002835177630726436, 0.0002689305127339173, 0.00028187510447749687, 0.00028341182666321115, 0.0014919021486010755, 0.0014759533518071929,
86, 9.55956120182462e-07, 1.0017510239619878e-06, 0.8200823704064607, 0.009808869569796786, 0.01068538892054959, 0.00024808634319986063, 0.00027322102969477396, 0.15457362273557618, 0.000247463726711378, 0.0002823307592237464, 0.00026761463659135835, 0.0002806836436624798, 0.0002822239231774991, 0.001490906750405426, 0.0014752593619464156,
87, 4.965643553418999e-07, 5.420638602201315e-07, 0.8200678419797454, 0.009737376849514496, 0.010606672265936094, 0.00024641667159000237, 0.0002713292751000464, 0.15475670719791104, 0.0002457889654249291, 0.00028032303518482556, 0.0002654881432936547, 0.00027867748630623754, 0.00028021558673520567, 0.0014887888804813315, 0.0014733345504163498,
88, 2.829495447000917e-07, 3.559986125516082e-07, 0.8200576987108443, 0.009665860035326481, 0.010527643577061969, 0.000244281967698198, 0.00026892194935819843, 0.15494075786150519, 0.00024365002595191863, 0.0002777842737885906, 0.0002628299826029721, 0.00027613646111812536, 0.00027767631300423123, 0.0014856842965544255, 0.0014704351113229539,
89, 2.0066390391961808e-07, 2.6019568046550576e-07, 0.8200330086630883, 0.009597120627385387, 0.010450706028657698, 0.00024299694140912854, 0.00026738336001522455, 0.15512561341462436, 0.00024235601711151129, 0.0002760657284283289, 0.0002609820113356098, 0.0002744251971593796, 0.0002759572888856975, 0.001483880830575455, 0.0014690425451576849,
90, 1.5348776319576214e-07, 1.9712015936276343e-07, 0.8199948343587188, 0.009529377316462941, 0.010375754879398852, 0.00024234945283877857, 0.00026655196243250616, 0.15531365013673984, 0.0002417003335291768, 0.0002750592351180964, 0.00025986372634907343, 0.00027342878603679917, 0.0002749503393912618, 0.001483290868268694, 0.0014688375095911763,
91, 2.1611329951662381e-07, 2.5091453783449343e-07, 0.819932781142901, 0.009453516335515453, 0.010291740759294236, 0.0002421962043688356, 0.0002662400243082502, 0.15553587326417928, 0.00024153854189465194, 0.00027457526612547663, 0.00025923816015275533, 0.00027295222750272675, 0.00027446586443890126, 0.0014842478904032986, 0.001470166804591897,
92, 1.6734105582767473e-07, 2.0610145962382026e-07, 0.8198833766443728, 0.009385522477029706, 0.010216356558658166, 0.00024199420531513264, 0.00026583283825033175, 0.15573464369201012, 0.00024132876935610342, 0.0002740175074320441, 0.00025855317735051076, 0.0002723967831500384, 0.0002739074984069485, 0.001482745437260928, 0.001468950482924013,
93, 1.4236649627296576e-07, 1.72572389757424e-07, 0.8198398814264245, 0.009322428098887486, 0.010146750109972694, 0.0002416889512119416, 0.00026523656237712763, 0.15591970438309655, 0.00024101428796557617, 0.00027340527980967104, 0.00025784034109859166, 0.00027179532782857724, 0.00027329477806832395, 0.0014803006501398327, 0.0014663443780079243,
94, 1.3746756404056412e-07, 1.8027160193452806e-07, 0.8197565108164516, 0.009243293882051518, 0.01005916050075462, 0.00024205418351392572, 0.00026530908129737365, 0.15616948216480234, 0.0002413693747254662, 0.0002734685711850491, 0.000257757710619524, 0.0002718615290429169, 0.0002733573616453049, 0.0014800940254710282, 0.0014659625738831048,
95, 1.3427717684142602e-07, 1.874512401721728e-07, 0.8196581070601604, 0.009164942492911513, 0.009973418012404693, 0.00024308523247453974, 0.0002661125840002822, 0.15642413159581106, 0.0002423907500474283, 0.00027426387541290245, 0.00025841931671761944, 0.0002726628415731039, 0.00027415195416130046, 0.0014811623925244121, 0.0014668296801965811,
96, 2.1392451235226156e-07, 2.6897772915455565e-07, 0.8195498674261985, 0.009079333977961953, 0.009880339960101408, 0.00024430437202400355, 0.00026718909256066923, 0.15669840419544098, 0.00024360077124622355, 0.000275342002077006, 0.0002593504613938023, 0.00027375350077665935, 0.00027522947082109586, 0.0014836986392226974, 0.001469102742671371,
97, 2.9864498153915383e-07, 3.386702525055037e-07, 0.8194521257092924, 0.008997713246139792, 0.009790971654040597, 0.00024525907548535365, 0.00026788267689752967, 0.1569569891571108, 0.00024454711517913865, 0.000276077282707398, 0.00025992696724928463, 0.0002745076811814121, 0.0002759643113343706, 0.0014862054397541502, 0.0014711918817593105,
98, 3.207415698166895e-07, 3.6462730271789347e-07, 0.8193707952295072, 0.008924633770334285, 0.009710735532411748, 0.0002457731196427396, 0.00026810700168288914, 0.1571890962820495, 0.0002450540884749209, 0.0002762763086092162, 0.0002599945693920692, 0.00027471894597370943, 0.0002761630441574513, 0.0014866034291458375, 0.0014713628242480291,
99, 2.5860562528462067e-07, 3.2151123375993604e-07, 0.8192527068634757, 0.00885076167448897, 0.00962932529447405, 0.00024792087104140464, 0.0002699858261001611, 0.1574431536462652, 0.00024719217937170176, 0.00027812181960425164, 0.0002616666858418091, 0.00027656677123487014, 0.00027800773715376233, 0.0014897102711242457, 0.001474299757556159,
100, 2.686883573094643e-07, 3.4507658923892574e-07, 0.8191087742067976, 0.008780875104692372, 0.00955212531606376, 0.0002515945268592787, 0.00027340691164460845, 0.15769986550869755, 0.00025085318762267466, 0.0002814922992503318, 0.00026483048801172437, 0.0002799366556856009, 0.0002813770523674254, 0.001494890958732646, 0.0014793635360086587,
101, 2.437361076822461e-07, 3.152630673849934e-07, 0.818978183110924, 0.008707285077552657, 0.009471352350968147, 0.000254527576552726, 0.00027611160951309456, 0.15795744345713975, 0.0002537765395789647, 0.0002841737882520209, 0.0002673245097243472, 0.0002826212520023388, 0.0002840575373230357, 0.0014991704516016014, 0.0014834132572372782,
102, 2.1170439581508528e-07, 2.96285362303459e-07, 0.8188667385791553, 0.008638493918412713, 0.009395809766049687, 0.0002567072177647865, 0.0002780588545989941, 0.15819335875267015, 0.0002559479951456733, 0.00028606624940056077, 0.000269059230634242, 0.0002845151027796584, 0.0002859491675094918, 0.0015023423351261057, 0.0014864443575616651,
103, 5.333676183931737e-07, 6.468403845351026e-07, 0.8187413572316494, 0.008570479738399616, 0.009321342129426802, 0.0002596122596607539, 0.0002807984978369283, 0.1584326748982716, 0.0002588440007435636, 0.00028875599636278066, 0.0002715640795418417, 0.0002872148594728726, 0.00028863824703891983, 0.0015068202737372588, 0.0014907170979351523,
104, 5.256372022680312e-07, 6.667592559711407e-07, 0.8186319180869349, 0.008508872366145857, 0.009254069686769286, 0.0002621355332852902, 0.0002830288808003268, 0.1586505435374582, 0.000261357574515141, 0.0002910567678610056, 0.0002737164865271317, 0.00028952528603060903, 0.0002909382811978245, 0.0015091452349284653, 0.0014924993993376344,
105, 5.572700080850094e-07, 6.998747221150447e-07, 0.8185367057266277, 0.008443741198035792, 0.009183462328100522, 0.00026389663068646866, 0.0002845190992454744, 0.1588682195519659, 0.00026311193882330383, 0.0002926435656716126, 0.00027517483693088033, 0.0002911260483646674, 0.00029252451941095056, 0.001510463354482982, 0.0014931535761630711,
106, 5.943645873374512e-07, 7.131486689404373e-07, 0.8184166977450072, 0.008369394721559315, 0.009103023110859466, 0.0002662710191709917, 0.0002866528133142057, 0.15912132932091472, 0.00026547946666526296, 0.00029488190483851676, 0.0002772610173108253, 0.00029337462346799154, 0.00029476206089485427, 0.0015137827385534282, 0.0014957814629061362,
107, 1.1113204806610552e-06, 1.1703118951735396e-06, 0.8183016193219619, 0.008299827777327998, 0.009027682495012174, 0.0002685780082495338, 0.0002887251826480185, 0.1593605491752074, 0.0002677796906301102, 0.00029704456201253135, 0.0002792734542017011, 0.00029554947867452226, 0.00029692413187657466, 0.0015164217891588641, 0.001497742819785811,
