Optimize time:15.746352588004536
Begin Prob:-13231.548632074093
End Prob:-13186.159285766369
Substitution parameters:[0.22035557818869533, 0.26152593064568386, 0.25441691382451714, 0.2637015773411036, 1.6809011735011894]
Trees:
(5:999.9999215812713,((2:999.9999215812713,3:999.9997462316634):999.9997462316634,(1:999.9999215812713,4:999.9999215812713):999.9999215812713):999.9999215812713);
(5:999.9997462316634,(2:999.9997462316634,(3:999.9999215812713,(1:999.9999215812713,4:999.9999215812713):999.9999215812713):999.9997462316634):999.9999215812713);
(5:999.8352460191302,(3:426.93858863452533,(2:874.1099232930078,(1:899.2997455766493,4:962.8636574775743):999.9999215812713):962.9048759260808):999.9997462316634);
(5:999.9999215812713,(1:999.9999215812713,(4:999.9999215812713,(2:999.9999215812713,3:999.9999215812713):999.9999215812713):999.9999215812713):999.9999215812713);
(5:957.4076295927631,(4:426.93858863452533,(1:999.9985928330099,(2:426.93858863452533,3:940.2066604146663):392.60367326060566):962.8636574775743):999.9997462316634);
((3:999.9999215812713,5:999.9999215812713):999.9999215812713,(4:999.9997462316634,(1:999.9997462316634,2:999.9999215812713):999.8352460191302):999.9999215812713);
(5:962.9048759260808,((3:962.8903152316572,4:874.5115924003911):999.836115696158,(1:957.4076295927631,2:427.03616777205673):999.9997462316634):605.9864403832407);
((2:999.9999215812713,5:999.9997462316634):999.9999215812713,(4:999.9999215812713,(1:999.9999215812713,3:999.9999215812713):999.9999215812713):962.8901398820492);
(5:999.9999215812713,(1:999.9999215812713,(2:999.9999215812713,(3:999.9997462316634,4:999.9999215812713):999.9997462316634):999.9999215812713):999.9999215812713);
(5:999.9999215812713,((2:999.9999215812713,4:999.9999215812713):999.9997462316634,(1:999.9997462316634,3:999.9997462316634):999.9999215812713):999.9999215812713);
(5:999.9999215812713,(1:899.2997455766493,(3:962.9048759260808,(2:962.9048759260808,4:999.9997462316634):999.9997462316634):899.2991763656448):435.6620109005538);
((2:957.4076295927631,5:999.836115696158):999.8352460191302,(1:899.2991763656448,(3:962.8903152316572,4:962.9048759260808):899.2997455766493):999.9985928330099);
(5:999.836115696158,(4:999.9999215812713,(2:999.9997462316634,(1:999.9999215812713,3:999.9999215812713):999.9997462316634):999.9999215812713):999.9999215812713);
((3:999.9999215812713,5:999.9999215812713):999.9999215812713,(1:999.9997462316634,(2:999.9999215812713,4:999.9997462316634):999.9997462316634):999.9999215812713);
(5:0.797552,(4:0.437472,(3:427.0504176518501,(1:427.0504176518501,2:427.0320437839024):1e-06):1e-06):0.797552);

Position, Posteriors1, Posteriors2, Posteriors3, Posteriors4, Posteriors5, Posteriors6, Posteriors7, Posteriors8, Posteriors9, Posteriors10, Posteriors11, Posteriors12, Posteriors13, Posteriors14, Posteriors15,
0, 2.740563572912658e-05, 0.48317748223187135, 0.48853846074735136, 0.008519734199010573, 0.00851981606269974, 0.001157098021694646, 0.0010053161595228405, 0.001435654340287314, 0.0010052872829783605, 0.001005287563139265, 0.0010053540802619477, 0.0014355447838801869, 0.0010053125023075289, 0.001156945784442224, 0.0010053004259515592,
1, 5.51805125879816e-06, 0.48397216408532784, 0.4893435397943026, 0.008386492182037871, 0.008386574547084405, 0.0010222384089419313, 0.0008768234940522315, 0.0013002960696916266, 0.0008767948839266235, 0.000876795254897525, 0.00087685945568337, 0.0013001863545874636, 0.0008768194889494583, 0.0010220903433668881, 0.0008768074066022796,
2, 1.3712986088226466e-06, 0.4846792419745318, 0.4900603162494071, 0.008240488325320466, 0.008240571332937199, 0.0009094840669730711, 0.0007630396899148336, 0.0011905495088732042, 0.0007630118594287012, 0.0007630122591969911, 0.0007630730875063949, 0.0011904398599503646, 0.0007630357522668316, 0.0009093412879485976, 0.0007630232679022486,
3, 4.4228697856286787e-07, 0.4850299148027815, 0.4904169525443687, 0.008134017405644536, 0.008134101012428301, 0.0008574820880787871, 0.000715927471874724, 0.0011371672552367405, 0.000715900000590742, 0.0007159004125125647, 0.0007159599101074805, 0.0011370578280404274, 0.0007159235699949275, 0.0008573422381854333, 0.000715910994338617,
4, 5.585480580623538e-07, 0.4853329212718427, 0.49072527397228366, 0.008033235228933979, 0.008033319647083356, 0.0008129714738704078, 0.000677775635641324, 0.0010911913860613578, 0.0006777485468058373, 0.0006777489987716497, 0.0006778066348292599, 0.0010910821298821952, 0.0006777716487310477, 0.0008128357076946592, 0.0006777589922722193,
5, 4.516236738888386e-07, 0.4856472127427944, 0.4910435405488899, 0.007940720389587657, 0.007940805356570704, 0.000759761368728253, 0.0006365587286445582, 0.0010443387845554127, 0.0006365321748856306, 0.0006365326585826277, 0.000636588507138103, 0.0010442299094795032, 0.0006365547017048905, 0.00075963021387807, 0.0006365421144640509,
6, 5.008664569260338e-07, 0.4860044392848078, 0.49140443821431923, 0.007846243454171948, 0.007846329064220836, 0.0006971710482653995, 0.0005867461435586836, 0.0009917526962070719, 0.0005867204745141653, 0.0005867209679210628, 0.0005867744821405524, 0.0009916443971480344, 0.0005867422439982198, 0.0006970465558460927, 0.000586729931360369,
7, 7.791268770583343e-07, 0.4864123159177205, 0.4918156419463213, 0.007749716891270107, 0.007749803246719203, 0.0006235034998069515, 0.0005266087254578901, 0.0009326732598204666, 0.0005265843911724619, 0.000526584863902047, 0.0005266353649321017, 0.0009325657568032259, 0.0005266051791886336, 0.0006233882448355349, 0.0005265934109017386,
8, 2.6145329213459023e-07, 0.4869211824834964, 0.4923286258141254, 0.007657905221492789, 0.0076579922915120235, 0.0005327901784568788, 0.0004463098884663809, 0.0008454217347954876, 0.0004462866240842222, 0.00044628701404913313, 0.00044633422408333105, 0.0008453152346856423, 0.0004463063350673744, 0.0005326859821266928, 0.00044629534544166793,
9, 7.705548945639016e-08, 0.48720023222805264, 0.4926103378922785, 0.007587371622031957, 0.0075874593361679905, 0.00048535775352702144, 0.00040804159469651766, 0.0007978998699292003, 0.0004080188850319312, 0.00040801923011183776, 0.000408064939375589, 0.0007977940907726872, 0.00040803805082407796, 0.00048525975163031456, 0.00040802752700044127,
10, 4.8585664355068285e-08, 0.4874505617483406, 0.49286321660874916, 0.007513486698564835, 0.007513575165926425, 0.00044531854622083445, 0.0003752059959074539, 0.0007587369584032875, 0.00037518389334798344, 0.00037518419606695074, 0.00037522815508241324, 0.000758631790370272, 0.0003752025102268496, 0.0004452266741335698, 0.0003751922996945673,
11, 6.889285541996478e-08, 0.4876767499419818, 0.49309186679410905, 0.007436379581100158, 0.007436468916628656, 0.0004115588505893966, 0.000347060273155492, 0.0007266077924672639, 0.0003470388040925648, 0.00034703906703198483, 0.0003470811213357386, 0.000726503120543696, 0.0003470568809155212, 0.0004114729291887881, 0.0003470468618040857,
12, 1.1463483052643401e-07, 0.4878008943048251, 0.4932178407961596, 0.007378654609918177, 0.00737874472020911, 0.0003952040697957771, 0.00033523649981546407, 0.0007110746538325355, 0.0003352153021201996, 0.00033521554353250745, 0.0003352567940516068, 0.0007109701299128301, 0.00033523315139433126, 0.00039512138259010815, 0.00033522323434067946,
13, 6.618836988568422e-08, 0.48793841105271024, 0.4933607599788094, 0.007330083425394771, 0.007330174041907902, 0.00037571176121752167, 0.00031999588031707174, 0.0006846636818808152, 0.0003199751165202282, 0.00031997532406452517, 0.0003200155528246897, 0.0006845601214007349, 0.0003199926459202784, 0.00037563225079126225, 0.00031998280487185153,
14, 1.532698598985434e-07, 0.4880629473938261, 0.4934905910521277, 0.007279005107307132, 0.007279096312113129, 0.00035950957070773686, 0.0003071633090825095, 0.0006632122411904591, 0.0003071429678859084, 0.0003071431440671126, 0.0003071822948166187, 0.000663109450205475, 0.00030716019590214456, 0.0003594331493678084, 0.00030715036833327524,
15, 2.0036507873355181e-07, 0.4881842271306136, 0.49361698228217554, 0.007218558770053818, 0.007218650708435373, 0.0003460994001779747, 0.0002962028992275479, 0.0006460891886603646, 0.00029618277643785306, 0.00029618294844298553, 0.000296221183078172, 0.0006459867800749549, 0.0002961998525747106, 0.00034602563610883327, 0.00029618990604476404,
16, 5.931448577820385e-08, 0.4883490378850082, 0.49378683574911264, 0.007143190897258575, 0.007143283663586774, 0.0003279633502055058, 0.000279712174502364, 0.0006218013615150518, 0.0002796924412922226, 0.0002796926191010207, 0.000279729530844307, 0.0006216996645416773, 0.00027970917711782757, 0.00032789271049260565, 0.00027969928638320237,
17, 3.9531777638219114e-08, 0.4885013648498138, 0.49394412204921273, 0.00706497268988864, 0.007065066404123232, 0.0003129153115548085, 0.0002657452396322088, 0.0006021694459627239, 0.0002657258927673857, 0.00026572607416387186, 0.000265761632291435, 0.0006020682887728458, 0.00026574230740557513, 0.00031284769691234884, 0.000265732410897997,
18, 4.4876947932797195e-08, 0.48864749046593464, 0.4940952453745953, 0.006980076636588636, 0.006980171421607539, 0.00030076225700102527, 0.00025357736513663957, 0.0005870929502942388, 0.00025355841836177895, 0.00025355859620230684, 0.0002535927895719484, 0.0005869921399789679, 0.00025357453959655213, 0.00030069742032717714, 0.0002535645705490807,
19, 1.0962124449737027e-07, 0.4887851178601077, 0.4942378395284634, 0.006892234229122302, 0.006892330220316114, 0.00029086543305135017, 0.00024335399560515737, 0.0005753571705880591, 0.00024333543068253715, 0.00024333560462741594, 0.00024336844336417864, 0.0005752565465282261, 0.00024335128128052556, 0.00029080325914471514, 0.00024334119717434911,
20, 3.2497718214488476e-07, 0.48885569476975055, 0.49431270432159086, 0.006828036514448532, 0.006828133558638102, 0.0002889321252276201, 0.00024176276842139533, 0.0005734325039369548, 0.00024174426735556226, 0.00024174444034331005, 0.00024177675073236326, 0.0005733315013714261, 0.00024176010033216233, 0.00028887136910930774, 0.00024174985314034212,
21, 3.732568728516062e-07, 0.4889579178433305, 0.49441863884812076, 0.006748202306874685, 0.006748300420465034, 0.0002837509327051953, 0.00023699666781781256, 0.000568642052358042, 0.0002369783646251145, 0.00023697854088995736, 0.00023701006789393712, 0.0005685408691756893, 0.00023699404340404867, 0.00028369187047944176, 0.00023698373582841203,
22, 6.92589596101777e-07, 0.48907085860028227, 0.4945350287611254, 0.006669726932823115, 0.006669826272098614, 0.0002767452592002198, 0.00023017445831261907, 0.000559762978068428, 0.00023015645289286316, 0.0002301566397034822, 0.00023018708930032538, 0.0005596619009181462, 0.00023017186044357494, 0.0002766884255631774, 0.00023016160024426358,
23, 9.97014539439822e-07, 0.4891696602941125, 0.4946392924793348, 0.006605984244060432, 0.006606084488295057, 0.00027036177444191337, 0.0002237443504658602, 0.0005474928088716822, 0.00022372665904802836, 0.00022372685048203903, 0.0002237563592131192, 0.0005473922865458114, 0.00022374180805221478, 0.0002703067845371858, 0.00022373162020418856,
24, 6.595253859078914e-07, 0.4892732114509786, 0.49474827158549417, 0.006521225056701428, 0.006521326284476765, 0.00026733793269804464, 0.00021982173036844596, 0.0005409462732932103, 0.00021980420812903165, 0.00021980439824025098, 0.00021983328591395953, 0.0005408457667296062, 0.00021981920799092467, 0.0002672840929294897, 0.00021980901985663533,
25, 3.564792496329877e-07, 0.4893869170477026, 0.4948696822685707, 0.006441549263128509, 0.006441651134139195, 0.00026205119681950553, 0.00021321464209861411, 0.0005283221159464309, 0.00021319743523351073, 0.00021319761829679659, 0.00021322567099363646, 0.0005282222375180062, 0.0002132121872052932, 0.00026199851351078906, 0.00021320200897593987,
26, 1.239413811410558e-07, 0.48952703580080603, 0.49501834533116035, 0.006359650086946821, 0.006359752310447654, 0.00025233351596218626, 0.0002020024370355109, 0.0005092991100911858, 0.00020198579311838305, 0.00020198596510896398, 0.00020201272451524408, 0.0005092004392941871, 0.000202000103569807, 0.0002522822997945724, 0.0002019899594245111,
27, 2.1422215145844514e-07, 0.4896507571458714, 0.49515019822478135, 0.006282401640369879, 0.0062825043860339266, 0.00024431949151429764, 0.0001931895969003737, 0.0004931661249419931, 0.00019317342659675333, 0.00019317359798965488, 0.00019319908047594144, 0.0004930684456868037, 0.0001931873299779997, 0.0002442699149978883, 0.00019317719214124478,
28, 8.236392492341342e-07, 0.4897712276677488, 0.4952788618622137, 0.006198700398647245, 0.0061988037655759335, 0.0002382107466027281, 0.0001856048054865467, 0.00048085713852594165, 0.00018558909520356088, 0.00018558926130403443, 0.00018561348433691319, 0.0004807601784846505, 0.00018560263247232694, 0.00023816269965065955, 0.00018559244313718162,
29, 1.3421364318667387e-06, 0.4899330406750149, 0.49544898769271495, 0.006095314790129471, 0.006095418872736628, 0.00022904930416537162, 0.0001737491142096064, 0.00046274042984895965, 0.0001737340999145284, 0.00017373426726705003, 0.00017375674410439343, 0.000462644639315073, 0.00017374703668783422, 0.00022900305964627775, 0.00017373695991272935,
30, 1.9146072165783822e-06, 0.4900378644155561, 0.4955605193347531, 0.006021032841768322, 0.006021137400630813, 0.00022360394276608705, 0.00016768955181773989, 0.0004521810643668623, 0.00016767494039542454, 0.00016767510497293323, 0.0001676966201394045, 0.0004520859597100856, 0.00016768754901964398, 0.00022355896623569438, 0.00016767752350197243,
31, 2.003869385873228e-06, 0.49015728087310995, 0.49568695133870083, 0.005950646327996641, 0.005950751575735037, 0.0002159407603483228, 0.00015857808319079788, 0.0004345941233167714, 0.0001585640617499125, 0.00015856423814752715, 0.00015858444052736282, 0.00043450021343365946, 0.00015857619300908875, 0.00021589736059123224, 0.00015856636413398963,
32, 2.158868518532387e-06, 0.49027588663563365, 0.4958114698063954, 0.005886390812014718, 0.005886496560495816, 0.00020615865929903346, 0.00014864285659177862, 0.00041679539796635336, 0.00014862949783364828, 0.0001486296838507724, 0.00014864855662184283, 0.00041670278096817904, 0.00014864109914413607, 0.00020611707815848727, 0.00014863152959358189,
33, 2.1538227990092443e-06, 0.49043672621695206, 0.49597785246301346, 0.005805465270588421, 0.005805571447469955, 0.0001914940058015672, 0.00013369005132304486, 0.00039363226121789534, 0.00013367767490924474, 0.0001336778814025717, 0.0001336948823430525, 0.0003935413668211849, 0.0001336884423649877, 0.00019145466675392356, 0.00013367936892148675,
34, 2.433467288018015e-06, 0.4906301031506547, 0.4961764828267855, 0.005724206587653421, 0.005724313323756976, 0.00017150100979968654, 0.0001127335393850822, 0.00036160528533899574, 0.00011272258626491146, 0.00011272281548991763, 0.00011273720983226952, 0.0003615168796879873, 0.00011273216414475556, 0.0001714650481377108, 0.000112723929714071,
35, 3.0514692388899215e-06, 0.49079780607528634, 0.4963487917179236, 0.005619124991578825, 0.005619232395235424, 0.00016054320661698198, 0.0001004426559221043, 0.00034419956086935503, 0.00010043258541101611, 0.00010043282816768303, 0.00010044573706672506, 0.0003441124680972762, 0.00010044143877523186, 0.0001605089240558364, 0.00010043377045389779,
36, 1.925729667392206e-06, 0.49100783655469094, 0.49656481788598894, 0.00550411029629235, 0.005504218100828602, 0.0001450099011201851, 8.206443920659876e-05, 0.0003174132615508912, 8.205556918684878e-05, 8.205577120226477e-05, 8.206673933556797e-05, 0.00031732826243647877, 8.20633616472553e-05, 0.00014497744541456793, 8.205650635495332e-05,
37, 1.0795437513365743e-06, 0.491152036718505, 0.49671364863508055, 0.005418963113630578, 0.005419071141666537, 0.00013446159472186946, 7.107341857469207e-05, 0.0002999870778622712, 7.106529328352051e-05, 7.106546462961213e-05, 7.107536599205771e-05, 0.00029990349662533706, 7.107245274230141e-05, 0.00013443038602666465, 7.106612476278386e-05,
38, 4.979358967538641e-07, 0.4913330271571632, 0.4968984032724669, 0.005328414498482234, 0.005328522519455545, 0.00011665266507623355, 5.41430396101163e-05, 0.0002765507130589393, 5.413607685195045e-05, 5.413621326374596e-05, 5.414437935566877e-05, 0.0002764691133558728, 5.414219742244216e-05, 0.00011662338274385443, 5.41366666386126e-05,
39, 3.021162640763803e-07, 0.4914164525045897, 0.4969847231644657, 0.005272326340876559, 0.005272434435183821, 0.00011094569181413792, 4.9109046614501755e-05, 0.0002686720590594054, 4.910243838738279e-05, 4.910256120557047e-05, 4.9110235868421605e-05, 0.00026859101217226964, 4.910825184450793e-05, 0.0001109170032820205, 4.910296715515358e-05,
40, 4.371285064965986e-07, 0.4914597631042295, 0.4970306522679622, 0.005233510883550104, 0.005233619141117935, 0.00010988849812764719, 4.79646030432045e-05, 0.0002672905810197038, 4.795807906930738e-05, 4.7958196040650365e-05, 4.796573280984548e-05, 0.0002672093131989972, 4.796382175453721e-05, 0.00010985989160155107, 4.7958585642820484e-05,
41, 6.6193620447453e-07, 0.4915143119194801, 0.4970882140872524, 0.005193279301912725, 0.005193387540464099, 0.00010658523450723652, 4.51764041227123e-05, 0.00026302184787646506, 4.5170084495816556e-05, 4.5170192718298076e-05, 4.517744878373351e-05, 0.00026294078835350593, 4.517565565810892e-05, 0.00010655685163398102, 4.517053406845947e-05,
42, 7.406496429336255e-07, 0.49157637314050495, 0.4971530994654402, 0.005143497869483285, 0.005143605980823935, 0.00010383282409270624, 4.258851860644836e-05, 0.00025980644499910225, 4.258238970198937e-05, 4.2582488932004705e-05, 4.258952654838498e-05, 0.0002597254609911667, 4.2587805192133804e-05, 0.00010380445418753824, 4.258280459779658e-05,
43, 4.2984404835582066e-07, 0.49164629921075437, 0.4972259441651771, 0.0050963230135459775, 0.005096430987487215, 9.962999479433972e-05, 3.845476505548884e-05, 0.00025235481197462647, 3.844887361160204e-05, 3.84489574246656e-05, 3.8455706108771256e-05, 0.0002522743981586365, 3.845406407428375e-05, 9.960177082572672e-05, 3.844926025475719e-05,
44, 1.5772979192352633e-07, 0.49174296517396054, 0.49732524023205815, 0.00501329028828608, 0.0050133980485028715, 9.749251201231077e-05, 3.5399030418017834e-05, 0.00024884728404097435, 3.539330088631923e-05, 3.539337536161329e-05, 3.539993754835687e-05, 0.0002487668708108004, 3.53983208313008e-05, 9.746403233187909e-05, 3.539368632868724e-05,
45, 4.219984701206286e-08, 0.49178635256751724, 0.4973709491723468, 0.004960294057848893, 0.0049604017471307025, 0.0001003318247501664, 3.6026053565400525e-05, 0.00025263395281953876, 3.60202085385554e-05, 3.602027815861036e-05, 3.60270048748522e-05, 0.0002525524545054169, 3.602531509550209e-05, 0.00010030236414201722, 3.602062048030168e-05,
46, 4.826288216162028e-08, 0.49182349365197553, 0.4974102976129593, 0.0049101992294197086, 0.00491030698590364, 0.00010390256099669912, 3.7147702548852456e-05, 0.00025754665411546307, 3.714169506259315e-05, 3.714176261415392e-05, 3.714865360357777e-05, 0.0002574638433012348, 3.7146918441646764e-05, 0.0001038721652540889, 3.714212089102749e-05,
47, 1.353680340255786e-07, 0.49186116527777096, 0.49745030164841664, 0.004855265276542742, 0.004855373146764133, 0.0001086210810422729, 3.8576887697375627e-05, 0.0002645947976612339, 3.857069342608533e-05, 3.85707575155353e-05, 3.8577816929197365e-05, 0.00026451026131032085, 3.8576063091709365e-05, 0.00010858962574103444, 3.8571118154024366e-05,
48, 1.6303872920725256e-07, 0.49190051316976696, 0.497492023710439, 0.004793442426011912, 0.004793550480890756, 0.0001147139069475333, 4.047161102442585e-05, 0.00027409392805852065, 4.046518900600925e-05, 4.046524729208928e-05, 4.047250139214821e-05, 0.00027400710165829083, 4.047073863236938e-05, 0.00011468116983497777, 4.04655997391461e-05,
49, 1.2132039304613084e-07, 0.49194405171835087, 0.49753984006772656, 0.004736022581270524, 0.004736130593498769, 0.00011900703626865333, 4.125400876283694e-05, 0.0002792183814766912, 4.124745761796947e-05, 4.124750825433711e-05, 4.125486666446653e-05, 0.0002791301987563246, 4.125311270332662e-05, 0.00011897313179959918, 4.1247835397173286e-05,
50, 1.8530513678350838e-07, 0.4919565215969276, 0.4975564983644828, 0.004690446165531131, 0.004690554228589846, 0.00012834099103879227, 4.463589719947133e-05, 0.0002907219841898424, 4.462898077958516e-05, 4.462902203306937e-05, 4.463674949862235e-05, 0.0002906312802128777, 4.463494438698354e-05, 0.000128304979478652, 4.462933121627031e-05,
51, 2.7776328758874235e-07, 0.49195549957684226, 0.4975595875558902, 0.004648743582770251, 0.004648851701387872, 0.0001402243720377742, 4.932725922864196e-05, 0.00030539108683956366, 4.9319769643941535e-05, 4.931980487265488e-05, 4.9328050841514713e-05, 0.0003052971066425552, 4.932618978954823e-05, 0.00014018593771322966, 4.9320062710056314e-05,
52, 2.778519104842298e-07, 0.49195387674757074, 0.49756310831162803, 0.004611663635650122, 0.004611771706602238, 0.00015155936086990514, 5.3603708926674846e-05, 0.000317361182611849, 5.359569521960735e-05, 5.359572155780515e-05, 5.360449800778534e-05, 0.000317264584149564, 5.3602545239517394e-05, 0.00015151832614768377, 5.3595945518069416e-05,
53, 2.6277939768389224e-07, 0.49195361969047346, 0.4975709122800646, 0.004582401644803514, 0.004582509564388551, 0.0001612019219543018, 5.6811080534073e-05, 0.00032359531588796003, 5.680265605167175e-05, 5.68026723479487e-05, 5.68118802735617e-05, 0.000323497305042278, 5.680985307453195e-05, 0.00016115833139117826, 5.6802845974504576e-05,
54, 1.589004126292372e-07, 0.4919529002704666, 0.49757718424164077, 0.004557429453442776, 0.004557537171478662, 0.0001688783560176312, 5.962172554098172e-05, 0.00032973727932438017, 5.961292680489407e-05, 5.96129328837763e-05, 5.962256830952572e-05, 0.0003296378924848866, 5.96204424029761e-05, 0.00016883259462918993, 5.96130670774823e-05,
55, 3.500468188229892e-08, 0.49196207549602605, 0.49759277803523233, 0.004533076504949418, 0.004533184082757019, 0.00017397926694899424, 6.093384920824837e-05, 0.00033273200334797443, 6.092481342391841e-05, 6.0924809688344375e-05, 6.093472332054366e-05, 0.0003326317623317525, 6.093253450721034e-05, 0.00017393201009198732, 6.092492879229505e-05,
56, 2.0392880307951925e-08, 0.491965047127649, 0.49760207659500616, 0.0045104326941218685, 0.0045105402341975845, 0.0001802061953427297, 6.29557224626739e-05, 0.00033695727110084894, 6.29463874712057e-05, 6.294637637272237e-05, 6.295656302782637e-05, 0.00033685595570546935, 6.295435362231088e-05, 0.00018015750324691505, 6.294645373193197e-05,
57, 4.507140635679355e-08, 0.49196145228393307, 0.49760473076584183, 0.004489460903379621, 0.004489568504586328, 0.00018767957979788218, 6.57690265044858e-05, 0.0003424757576469028, 6.575931956041721e-05, 6.575930390239056e-05, 6.576975518550037e-05, 0.0003423731297851837, 6.576757634977113e-05, 0.00018762954057876215, 6.575930689373447e-05,
58, 2.518203181919114e-07, 0.49195075476752154, 0.49760021731700854, 0.004470037611016134, 0.0044701453694431, 0.000196555940376609, 6.948141488911969e-05, 0.0003493898569918711, 6.947125153567537e-05, 6.947123472400189e-05, 6.948193189934311e-05, 0.00034928565464158905, 6.947985017553451e-05, 0.0001965046829562702, 6.947112167413943e-05,
59, 5.787124728871786e-07, 0.4918955467092956, 0.49755148309863684, 0.004451778315184329, 0.004451886273514446, 0.00021770806466316458, 7.968733728017724e-05, 0.0003676921838824102, 7.967607499722605e-05, 7.967605063073933e-05, 7.968756604053702e-05, 0.000367584427780384, 7.968553988375983e-05, 0.0002176537167977496, 7.96757531760252e-05,
60, 1.136947062137869e-06, 0.4918517808091926, 0.49751710576110403, 0.004439259632762849, 0.004439367691911442, 0.00023518606136982125, 8.750659933136245e-05, 0.00037807157657053953, 8.749450427067128e-05, 8.749447013616619e-05, 8.750661188251823e-05, 0.00037796186339098285, 8.750464331004488e-05, 0.00023512867029889866, 8.749397860334774e-05,
61, 2.227140429155995e-06, 0.49181808332266874, 0.4974915062620347, 0.004431146804110553, 0.004431255048205008, 0.00024660654561466116, 9.335214736853735e-05, 0.0003863332524844488, 9.333942987873117e-05, 9.333938319203376e-05, 9.335199137331793e-05, 0.00038622193609257624, 9.335008992569773e-05, 0.0002465476987207955, 9.333876846407062e-05,
62, 2.540334228774491e-06, 0.49178237693709004, 0.4974649353231854, 0.004427702126382943, 0.00442781051854775, 0.00025786940324964676, 9.896862952946762e-05, 0.0003926503863636533, 9.895520953847998e-05, 9.895516160111704e-05, 9.896832487864267e-05, 0.0003925377269864508, 9.896645538182123e-05, 0.0002578088855410999, 9.895439899875511e-05,
63, 2.7064822021815677e-06, 0.49174859656293696, 0.49744011130225485, 0.004418124338544583, 0.004418232775508707, 0.00027061980729494123, 0.00010506958971502542, 0.0004003971498706276, 0.00010505542404195563, 0.00010505537312841512, 0.00010506920410132496, 0.0004002829393033459, 0.00010506729836706811, 0.00027055708454333787, 0.00010505448850703176,
64, 2.167272940211113e-06, 0.49172434018266203, 0.4974260939431059, 0.00441086778927519, 0.004410976185202771, 0.000280657901028991, 0.00010933534945248477, 0.00040422741700165695, 0.00010932056509741931, 0.00010932051828326912, 0.0001093349487282365, 0.00040411226896665985, 0.00010933297768196133, 0.00028059298545563807, 0.00010931951703663829,
65, 1.963293441208281e-06, 0.49168288024160345, 0.49739508274898797, 0.004407678866120052, 0.004407787425567224, 0.0002942980958034836, 0.00011581047245586184, 0.00041069159166505807, 0.0001157948993136053, 0.0001157948588489098, 0.00011580994833988855, 0.0004105750163676662, 0.00011580799382511549, 0.0002942306958511198, 0.00011579367727815871,
66, 1.1202757990881605e-06, 0.4916419687924171, 0.4973638818456511, 0.00440864833285593, 0.004408757066778553, 0.00030579575899315, 0.00012178636739913609, 0.0004167776034414378, 0.00012176992825981696, 0.00012176988725319591, 0.00012178571289320866, 0.0004166595575258928, 0.00012178374621944318, 0.0003057263942741678, 0.0001217685556466949,
67, 1.0396808387089978e-06, 0.4916044045012217, 0.4973351238599547, 0.0044128973719413985, 0.004413006366790644, 0.00031452618100181865, 0.00012683738512019266, 0.00042184890835625664, 0.0001268201938938859, 0.00012682015076764003, 0.00012683658479754832, 0.0004217295543925254, 0.0001268346462982618, 0.00031445574133390377, 0.00012681869837313027,
68, 1.0032671698828703e-06, 0.491534071052751, 0.4972748141943548, 0.004426452105695335, 0.004426561450424292, 0.00032953918806685967, 0.00013633851809546305, 0.0004301212736163336, 0.00013632010180964757, 0.0001363200495996727, 0.00013633761881064193, 0.0004300001815631912, 0.0001363356097725644, 0.00032946675439369974, 0.00013631845890432764,
69, 1.3512883753710887e-06, 0.4914324697905625, 0.497183799503684, 0.004435842612137477, 0.004435952272535267, 0.0003544599393697457, 0.00015171752828826093, 0.00044581305631446897, 0.00015169725320414193, 0.00015169717915460847, 0.0001517165858597425, 0.00044568901967069897, 0.00015171440207304479, 0.00035438398296968964, 0.00015169541020633112,
70, 1.1237712591199847e-06, 0.49129792057969895, 0.4970603144895044, 0.004439670202790355, 0.004439780078255845, 0.00039045200561622174, 0.00017354234127741914, 0.0004696594606880985, 0.0001735192058182744, 0.0001735191066440115, 0.00017354137956358289, 0.00046953085051428537, 0.00017353879169079952, 0.000390370490053797, 0.0001735170696998663,
71, 7.499708021494815e-07, 0.49118720814236516, 0.49695951698250934, 0.004445697862411168, 0.004445807925149862, 0.0004176562951163442, 0.00019107525568494988, 0.0004897785394318224, 0.00019104970923686002, 0.0001910496220093183, 0.00019107425476898117, 0.0004896458414058913, 0.0001910713447855184, 0.00041757080342152855, 0.0001910472736242359,
72, 3.448024290356119e-07, 0.49105631272110994, 0.4968385242577214, 0.00443090255620884, 0.004431012617613353, 0.00045710128121538373, 0.00021449909758525953, 0.0005210155333910029, 0.00021447039491118375, 0.000214470341007226, 0.00021449814089602928, 0.0005208766199714046, 0.000214494645794735, 0.00045700914713934197, 0.00021446766863660198,
73, 4.351876090230719e-07, 0.49090572876920807, 0.4966983195433992, 0.0044108698218558555, 0.004410979874402275, 0.0005043738578823549, 0.00024095812583855683, 0.0005597608571425155, 0.00024092597953694032, 0.00024092595149691662, 0.00024095702102634592, 0.0005596143585681798, 0.0002409531513754832, 0.0005042745333959808, 0.00024092278986241595,
74, 6.647599186278243e-07, 0.4908104479631442, 0.4966112064425187, 0.004393704176745995, 0.004393814129088295, 0.0005326296788478048, 0.0002578420835839749, 0.0005891101281765588, 0.0002578076870334167, 0.00025780769275741375, 0.0002578407504259199, 0.0005889577908257652, 0.00025783670064993987, 0.0005325257607222129, 0.00025780408046877226,
75, 3.830712204703068e-07, 0.49075042846611394, 0.49655856962707906, 0.0043761771000304026, 0.004376286944887587, 0.0005530321542537937, 0.0002688958898394138, 0.0006095489691811957, 0.00026885990680466443, 0.00026885994516992213, 0.0002688944463315058, 0.0006093922837114325, 0.00026889021659054594, 0.0005529247615154786, 0.0002688560438770103,
76, 2.692671043334333e-07, 0.49064858589307825, 0.4964645975965073, 0.004350790355325168, 0.00435090002556194, 0.0005869043933113936, 0.0002872895655548086, 0.0006438570927811012, 0.00028725117643863956, 0.00028725125200829214, 0.00028728809026036474, 0.0006436935499834621, 0.00028728350539422034, 0.0005867911085680982, 0.0002872469567560722,
77, 5.754561152441349e-07, 0.49052892581158425, 0.4963531801338142, 0.004319449591082366, 0.004319559074403143, 0.000627887996797344, 0.0003082687563990141, 0.000686674320028673, 0.00030822774043050397, 0.0003082278473495161, 0.0003082670731063394, 0.0006865023737014966, 0.0003082623324513186, 0.000627768320859, 0.000308223000373629,
78, 3.671234001785756e-07, 0.4904102702217738, 0.49624398193961383, 0.004295135877900966, 0.004295245126757936, 0.000668455234291052, 0.00032870935376633643, 0.000723142140631024, 0.00032866548971213506, 0.0003286656717739028, 0.0003287075246043848, 0.0007229628416772294, 0.0003287025434642658, 0.0006683285432891647, 0.00032866019694760296,
79, 3.2841080941401534e-07, 0.49033251336243106, 0.4961745382509108, 0.00427519423204096, 0.0042753034046900795, 0.0006994000302645027, 0.0003422435128267834, 0.000745164300814321, 0.00034219766563684255, 0.000342197916592307, 0.0003422414514649952, 0.0007449803245870884, 0.000342236376731566, 0.0006992685380097768, 0.0003421920518337845,
80, 1.8899462749481206e-07, 0.49023214239738433, 0.4960825837365072, 0.004227300372208009, 0.004227409269746597, 0.0007472326138102222, 0.0003621252828557074, 0.0007818254010423998, 0.00036207668463383033, 0.000362077045238157, 0.00036212299673996334, 0.0007816339529653094, 0.0003621176336877734, 0.0007470927276485448, 0.0003620707218590224,
81, 5.03443592189663e-07, 0.490105610705199, 0.4959646213551899, 0.004178557059749739, 0.004178665811767929, 0.0008025379256632164, 0.0003865819584832767, 0.0008239972283013705, 0.00038653009344468694, 0.0003865306034814682, 0.00038657897185571726, 0.0008237972383612599, 0.0003865736179660162, 0.0008023902465957685, 0.00038652357075613495,
82, 6.732905263887911e-07, 0.4899749135296332, 0.49584132951918214, 0.004139043648723811, 0.004139152268189257, 0.0008505051310923249, 0.00041141780833433753, 0.000867958555184178, 0.00041136269765414666, 0.00041136334312098295, 0.00041141437190468953, 0.0008677498770538513, 0.0004114088417185894, 0.0008503512283171236, 0.0004113557207592264,
83, 1.0607674581442569e-06, 0.48978060693996467, 0.4956550351067708, 0.004101068790832953, 0.00410117758842608, 0.0009143551653062995, 0.000446982020241557, 0.0009255140166134211, 0.00044692268345297855, 0.0004469235248171672, 0.0004469774170162491, 0.0009252938201118088, 0.00044697219425523274, 0.0009141948854295923, 0.0004469149100170212,
84, 1.4262866098868596e-06, 0.48945757717562627, 0.49534264210222817, 0.00406785608204232, 0.0040679650724936255, 0.0010128020277218094, 0.0005058784302886352, 0.0010011434173457122, 0.0005058123368176651, 0.0005058134626666069, 0.0005058725982272226, 0.0010009089395764629, 0.0005058673504920467, 0.001012631037541588, 0.0005058035130445773,
85, 2.6221910825581186e-06, 0.4890389209049015, 0.494935299212657, 0.004008367347473128, 0.004008476499515822, 0.001146225683460788, 0.0005836783056742552, 0.0011062433636860008, 0.0005836034135725403, 0.0005836049614793608, 0.000583670790980281, 0.0011059891616332826, 0.0005836653809625321, 0.0011460392666613932, 0.00058359334706076,
86, 2.6183423658052923e-06, 0.4887593447634985, 0.494665096438414, 0.003956188295080086, 0.00395629748343688, 0.0012383145448626495, 0.000635958599174797, 0.0011844089604736653, 0.0006358774332298168, 0.0006358793784535328, 0.000635950100500306, 0.001184139537574054, 0.0006359443946302502, 0.0012381150568899872, 0.0006358665033534205,
87, 2.2353865988608757e-06, 0.4884598357595323, 0.49437486433453387, 0.0038872168924119033, 0.0038873259459695237, 0.0013420276205174948, 0.0006929511184123367, 0.0012737798783934505, 0.0006928632469098152, 0.0006928656138823422, 0.0006929421164824614, 0.0012734934212707647, 0.0006929355894771429, 0.001341811278840244, 0.0006928516292835968,
88, 1.808710667397204e-06, 0.4881774561557028, 0.4940998553310345, 0.0038283652957299187, 0.0038284741169443814, 0.0014291258571660778, 0.0007467129155976522, 0.0013631812740522227, 0.0007466188080067017, 0.0007466215708796164, 0.0007467038263995423, 0.0013628780814201591, 0.0007466961779918976, 0.0014288950701258115, 0.0007466066401841246,
89, 2.2425862488148783e-06, 0.48792112061467907, 0.4938494242279203, 0.003779193288494981, 0.0037793020214112794, 0.0015015968940936635, 0.0007955548433200285, 0.0014465443542060223, 0.0007954551984701259, 0.0007954583166088293, 0.0007955455498855708, 0.0014462255990160158, 0.0007955370657801267, 0.0015013566342042828, 0.0007954426359230492,
90, 2.4708717352788445e-06, 0.4877489627665978, 0.4936816704796521, 0.0037265847027639757, 0.0037266932071684, 0.0015539304881303565, 0.0008297701445966738, 0.0015140319129853272, 0.0008296665535491104, 0.0008296699580022752, 0.0008297607998050577, 0.0015137004332806032, 0.0008297515154487876, 0.0015536821986927836, 0.0008296537981300371,
91, 3.868053525708652e-06, 0.48761876725777303, 0.49355505300796376, 0.0036784585187410253, 0.0036785667445033703, 0.0015923115758789855, 0.0008564399917716739, 0.0015714891989012567, 0.0008563332834364513, 0.000856336943624026, 0.0008564303663334497, 0.0015711468443871592, 0.0008564205872076142, 0.001592057234766661, 0.0008563202199240963,
92, 3.3485339418803412e-06, 0.48754205155033215, 0.493482686504893, 0.003633881312513424, 0.003633989125455346, 0.001620319252309416, 0.0008738597033013951, 0.00161061133580178, 0.0008737506628661825, 0.0008737544293204704, 0.0008738499450872436, 0.0016102612624349694, 0.0008738396140543325, 0.0016200592442009375, 0.0008737373519735394,
93, 2.971263999806357e-06, 0.4874648387559109, 0.4934107136151953, 0.0035973490246762967, 0.0035974564920782056, 0.0016493672123797435, 0.0008910021998297972, 0.001641459653733425, 0.0008908909058337712, 0.0008908947745138552, 0.0008909924807682788, 0.001641103541686856, 0.0008909814540577354, 0.0016491009895722448, 0.0008908774646378169,
94, 2.625426167315574e-06, 0.48738375178766935, 0.49333384275999054, 0.0035678836302399765, 0.0035679907942019963, 0.0016735061898080735, 0.0009084187268615236, 0.001673697509375475, 0.0009083052222494493, 0.0009083091802146684, 0.0009084092874087399, 0.0016733353119363983, 0.0009083973879498822, 0.0016732348599865522, 0.0009082917537172903,
95, 2.042222165038676e-06, 0.48729810808915425, 0.493252176391291, 0.003528552945417636, 0.003528659626865694, 0.0017014619166952506, 0.0009277084255341865, 0.0017111603455579269, 0.000927592574917562, 0.0009275966248396512, 0.0009276995413694827, 0.0017107913613177877, 0.0009276864769086693, 0.001701184096994224, 0.0009275791877195651,
96, 2.041166758732388e-06, 0.4872601976942495, 0.49321682674486816, 0.0034928501149682676, 0.003492956239007494, 0.0017147084960689727, 0.0009380202082811415, 0.0017393192548607129, 0.0009379028579652588, 0.0009379069877468509, 0.0009380116378085887, 0.0017389449441202972, 0.0009379977683660553, 0.0017144262613408754, 0.0009378894503564935,
97, 1.1827876824313396e-06, 0.48724287416160816, 0.49320178815321214, 0.0034543170924001263, 0.003454422646748261, 0.001724426314908043, 0.0009448190721371653, 0.0017643552186947815, 0.0009447002545395401, 0.0009447044482003403, 0.0009448108253759488, 0.001763975798416601, 0.0009447961656007592, 0.0017241399544923582, 0.0009446869317770986,
98, 4.654250626992097e-07, 0.48721878475280284, 0.4931820551614649, 0.0034243008609647894, 0.0034244058682061326, 0.0017356552186695113, 0.0009523474724714361, 0.0017828338491788448, 0.000952227197966736, 0.0009522314475580102, 0.0009523397416417332, 0.001782450672594079, 0.0009523241442222305, 0.0017353640158194717, 0.0009522139997780064,
99, 5.128459183788739e-07, 0.48718063056163885, 0.4931483330355336, 0.0033910003798535413, 0.0033911048479906944, 0.0017509163672497156, 0.0009623965084511786, 0.0018066479040835038, 0.0009622746252923301, 0.0009622789373529546, 0.0009623891098968388, 0.001806260237407191, 0.0009623727346759006, 0.0017506202942023806, 0.0009622614387679786,
100, 5.038628480953402e-07, 0.48709178947798426, 0.4930638217736519, 0.0033352464978257455, 0.00333535010873795, 0.0017834390116069642, 0.0009836820639824225, 0.001852715654440928, 0.0009835575425624894, 0.0009835619580791477, 0.00098367535681032, 0.0018523202566355253, 0.0009836576118156428, 0.0017831342153565978, 0.0009835444385421594,
101, 3.5638146864894434e-07, 0.48691564326698367, 0.492891548009191, 0.00328523667389275, 0.003285339435719942, 0.0018299456008914355, 0.0010204138946921808, 0.001920324330243941, 0.0010202852669907794, 0.001020289826409489, 0.0010204086130938177, 0.0019199183783534849, 0.0010203884837657869, 0.0018296292695939213, 0.0010202724005171416,
102, 2.0134633273709566e-07, 0.4867724493629477, 0.49275062175646994, 0.0032468965283619674, 0.00324699868245483, 0.0018603937097826705, 0.0010503276394534526, 0.001980625395701823, 0.0010501957221070257, 0.0010502003818175462, 0.0010503236844340554, 0.0019802100700948163, 0.0010503015353301715, 0.0018600707877894599, 0.0010501832294716835,
103, 5.446283292144645e-07, 0.4865958853324208, 0.49257645727170474, 0.0031995017748545165, 0.0031996032473433785, 0.0018996930590652595, 0.0010855341258275894, 0.0020583088155766544, 0.0010853985900457707, 0.001085403349688463, 0.0010855313053995594, 0.0020578817096930315, 0.0010855073541679175, 0.0018993629913657119, 0.0010853862760666622,
104, 3.6205233335449894e-07, 0.4864796070034928, 0.49246113086979665, 0.003159647348627578, 0.0031597480383546302, 0.0019220766986670216, 0.0011089413772526, 0.0021214636541123477, 0.001108802986056327, 0.0011088078603799776, 0.0011089394388493006, 0.002121026379190182, 0.0011089139838999919, 0.001921741449082556, 0.0011087906906227492,
105, 1.8614191511155383e-07, 0.4864067675118245, 0.4923887279659108, 0.003124948074791614, 0.003125048140623651, 0.001936570356993291, 0.0011243707981486418, 0.002168098776027651, 0.0011242303842921536, 0.00112423534000135, 0.001124369592930619, 0.002167653877620047, 0.0011243429772455928, 0.0019362316472008663, 0.0011242182440821928,
106, 1.2112459720240682e-07, 0.4863433367595035, 0.49232485622612304, 0.003095518901197612, 0.0030956184811629078, 0.0019460728721320123, 0.0011377444983540687, 0.0022115951804563354, 0.0011376023183688427, 0.001137607344703908, 0.0011377439312408818, 0.0022111431713142927, 0.0011377163177931908, 0.0019457323189798212, 0.0011375903843405815,
