Optimize time:20.076423309511608
Begin Prob:-13500.860364247708
End Prob:-13372.365948273431
Substitution parameters:[0.22302518328519844, 0.260363695808601, 0.2646930060649124, 0.25191811484128807, 2.066328307655932]
Trees:
((3:675.692374756568,4:673.7624049886572):618.033870172303,(1:673.7624049886572,(2:673.7780891284451,5:673.7621996857602):673.7624049886572):673.7613607276083);
((3:618.034370715906,4:607.5147531601283):673.7624049886572,(2:673.7629146349313,(1:673.7624049886572,5:673.7624049886572):673.7624049886572):618.034370715906);
((3:618.0263132964765,4:673.7624049886572):673.7624049886572,(5:673.7624049886572,(1:673.7780891284451,2:673.7624049886572):618.034370715906):673.7624049886572);
((2:673.7624049886572,5:669.8774037833235):716.3251900545675,(3:673.7624049886572,(1:618.034370715906,4:618.034370715906):674.3191957859048):716.3348349206011);
(3:675.692374756568,(2:673.7624049886572,(1:677.7976152172972,(4:673.7624049886572,5:673.7621996857602):673.7780891284451):673.7624049886572):618.034370715906);
(3:673.7624049886572,(2:673.7624049886572,(5:673.7624049886572,(1:673.7624049886572,4:673.7624049886572):673.7624049886572):673.7621996857602):673.7624049886572);
(3:673.7677966326784,(5:605.0187830261183,(4:669.8778192914691,(1:913.299043299493,2:617.1821551820099):675.692374756568):673.7624049886572):673.7624049886572);
(3:618.034370715906,(2:673.7624049886572,(4:673.7624049886572,(1:669.8778192914691,5:618.034370715906):674.3191957859048):673.7624049886572):675.692374756568);
((2:720.7904008877578,5:913.5901286345558):673.7780891284451,(4:673.7575825556404,(1:913.3070756956395,3:720.7904008877578):669.8778192914691):673.7624049886572);
((5:605.0187830261183,(2:673.7575825556404,4:673.4261561740007):673.333219287365):673.7624049886572,(1:669.9191143518315,3:673.7575825556404):673.7624049886572);
(3:618.034370715906,((2:673.7624049886572,4:618.034370715906):673.7624049886572,(1:674.3191957859048,5:537.8567348791512):674.3191957859048):673.7624049886572);
((2:618.034370715906,(4:669.9191143518315,5:675.692374756568):673.7624049886572):673.7624049886572,(1:673.7624049886572,3:673.7624049886572):673.7624049886572);
(3:618.034370715906,(5:673.1694510304894,(1:673.7624049886572,(2:673.7624049886572,4:673.7624049886572):673.7624880354235):728.82998621765):721.46472029852);
(3:669.8778192914691,(5:674.3191957859048,(2:674.3191957859048,(1:669.8778192914691,4:673.7624880354235):673.7624049886572):675.692374756568):673.7624049886572);
(3:673.7624049886572,((4:1.42396,5:0.694961):1e-06,(1:673.7624049886572,2:673.7624049886572):0.0201132):0.723817);

Position, Posteriors1, Posteriors2, Posteriors3, Posteriors4, Posteriors5, Posteriors6, Posteriors7, Posteriors8, Posteriors9, Posteriors10, Posteriors11, Posteriors12, Posteriors13, Posteriors14, Posteriors15,
0, 0.00012096217355654126, 0.4781695438250155, 0.519272596738456, 0.00033147350114498325, 0.0001778395783986977, 0.0001778394584440975, 0.00017683451829988818, 0.00017553985313025557, 0.00033143411705510294, 0.0001789499516753005, 0.00017551577227685572, 0.00017895455822448223, 0.0001778408797697518, 0.00017783930916928685, 0.0001768352346635047,
1, 3.034870273755636e-05, 0.4786134949848109, 0.5197482702574335, 0.0002224683498590851, 0.00011662418085639026, 0.00011662377026627096, 0.00011581448077460987, 0.0001154598442169995, 0.00022241129376966535, 0.00011698709994941696, 0.00011544643442619031, 0.00011698636587229399, 0.00011662529094221103, 0.0001166236079761798, 0.00011581480512949502,
2, 6.702055262019946e-06, 0.4788155723308741, 0.5199682043219549, 0.00017822153528604772, 8.554050784980074e-05, 8.554001997343935e-05, 8.496876604789451e-05, 8.493585549318169e-05, 0.0001781718802753968, 8.558570678856137e-05, 8.491484707068356e-05, 8.55906783547341e-05, 8.554129580364385e-05, 8.554043855629292e-05, 8.496922993445963e-05,
3, 3.429919410900075e-06, 0.47898086098835874, 0.5201496306643385, 0.0001387529645891585, 5.9084512276237284e-05, 5.908391901701534e-05, 5.860730924475971e-05, 5.867304232856685e-05, 0.00013869173414273521, 5.886811613060418e-05, 5.868884655231658e-05, 5.8852755325001145e-05, 5.9085237027773474e-05, 5.9082850745580484e-05, 5.8606610410075094e-05,
4, 2.636280014037938e-06, 0.479058677178111, 0.5202384770493106, 0.00012282507143641515, 4.56642684859513e-05, 4.5663651499987225e-05, 4.5295173017058274e-05, 4.534321461866854e-05, 0.00012276437232019774, 4.5341095361046125e-05, 4.537214852007175e-05, 4.531899717849713e-05, 4.5664863865523855e-05, 4.566207726913987e-05, 4.529402846067877e-05,
5, 2.097255461676793e-06, 0.47909680678714667, 0.5202873687587698, 0.00011356231536839962, 3.887458378092927e-05, 3.887395665871231e-05, 3.859947362322168e-05, 3.8440141880735836e-05, 0.00011350525253477395, 3.853929651909434e-05, 3.84695703412138e-05, 3.851643254202977e-05, 3.887506201631189e-05, 3.887236298865564e-05, 3.859821972189718e-05,
6, 1.2367227604153614e-06, 0.47914265562024877, 0.5203452852915003, 0.00010196375181774128, 3.089644591246935e-05, 3.089583310898622e-05, 3.069795767322124e-05, 3.028639234832921e-05, 0.00010191147620050003, 3.0695109575152266e-05, 3.0315907667985057e-05, 3.067129186460635e-05, 3.0896854825860464e-05, 3.089422023857354e-05, 3.069659640144198e-05,
7, 5.662326239421549e-07, 0.47917475236393714, 0.5203868351728148, 8.738541865165642e-05, 2.6512890413489502e-05, 2.6512311474060837e-05, 2.6383479305944457e-05, 2.5878370787401727e-05, 8.734546184616592e-05, 2.6269310614755358e-05, 2.590519308565821e-05, 2.6247024787553616e-05, 2.6513275397563656e-05, 2.6510822332034453e-05, 2.6382145300491043e-05,
8, 4.80113727064513e-07, 0.4791917224925971, 0.5204127204870758, 7.962951807201537e-05, 2.3787779733376374e-05, 2.3787224635999724e-05, 2.3708721361098524e-05, 2.312412358769208e-05, 7.95969657609032e-05, 2.351629957992384e-05, 2.3149663891346857e-05, 2.3494766766939935e-05, 2.3788140614399512e-05, 2.3785792333007076e-05, 2.370738595526317e-05,
9, 4.1820645328218165e-07, 0.47919784491938505, 0.5204290194324934, 7.509111937199757e-05, 2.246487406691754e-05, 2.246433032006727e-05, 2.2425010230178076e-05, 2.1740776575356516e-05, 7.506480280756856e-05, 2.218530120923131e-05, 2.176401802723793e-05, 2.2164789169329497e-05, 2.2465209833341315e-05, 2.24629863019573e-05, 2.2423697240618352e-05,
10, 3.826445500596868e-07, 0.47920539256535083, 0.5204413782911177, 7.036570348868332e-05, 2.1423833811902967e-05, 2.1423296104346874e-05, 2.1418634769732885e-05, 2.0663402031230462e-05, 7.034194869300422e-05, 2.1140042852197692e-05, 2.0686261211178835e-05, 2.1119439191093428e-05, 2.1424152424327514e-05, 2.142196870275754e-05, 2.1417288635759375e-05,
11, 3.2380712652965356e-07, 0.4792092715758394, 0.520447290451618, 6.739656406539731e-05, 2.104423050119103e-05, 2.1043686773233692e-05, 2.10406444068594e-05, 2.027550533117436e-05, 6.737491273243309e-05, 2.0767289316869293e-05, 2.0297837368193813e-05, 2.0746758722957346e-05, 2.104452873599916e-05, 2.1042389569831136e-05, 2.103929157935459e-05,
12, 4.725414516825057e-07, 0.4792085610248379, 0.5204489522847735, 6.597589313339467e-05, 2.1221465330229104e-05, 2.1220909676401508e-05, 2.122080060726186e-05, 2.0430572710935316e-05, 6.595590732175659e-05, 2.0947632491786448e-05, 2.0452812475249466e-05, 2.092684803652594e-05, 2.12217450296101e-05, 2.121961846730851e-05, 2.1219418875596692e-05,
13, 5.15829781134749e-07, 0.47921051119481894, 0.5204518777314159, 6.465075372433846e-05, 2.0989147723316867e-05, 2.098857548320451e-05, 2.0983040585233537e-05, 2.020431264706142e-05, 6.463237781108019e-05, 2.0741279467843744e-05, 2.0226454172903962e-05, 2.0720430914659585e-05, 2.098939435058028e-05, 2.0987299102249757e-05, 2.098165341974988e-05,
14, 5.035230926140484e-07, 0.4792143409319858, 0.5204561584244676, 6.356396821516069e-05, 2.0386117997462693e-05, 2.038553367334144e-05, 2.0379266558243044e-05, 1.9608472613493103e-05, 6.354626749116196e-05, 2.0184520018297857e-05, 1.9630054795163954e-05, 2.0163885808199615e-05, 2.0386322292335483e-05, 2.0384295125961494e-05, 2.0377893587699676e-05,
15, 3.079341415528294e-07, 0.4792218503757762, 0.5204624659866466, 6.167799943744227e-05, 1.939546247697126e-05, 1.9394873702660175e-05, 1.938546511067352e-05, 1.8653237394548784e-05, 6.166099398270924e-05, 1.919000363166533e-05, 1.867340715386144e-05, 1.9170253759213225e-05, 1.9395618439704968e-05, 1.9393721020722615e-05, 1.938414547915908e-05,
16, 2.875890001563828e-07, 0.4792234841917983, 0.5204633087375603, 6.156594613711433e-05, 1.9169444084965374e-05, 1.9168846155668045e-05, 1.9161571852069802e-05, 1.844275436268584e-05, 6.154991179698426e-05, 1.8960137262187166e-05, 1.8461657221484657e-05, 1.8941081684078904e-05, 1.9169558495742667e-05, 1.916776391188484e-05, 1.916028658266606e-05,
17, 2.6416181678621e-07, 0.4792269472471026, 0.5204661952722396, 6.125278210063967e-05, 1.8594803422001493e-05, 1.859421139818923e-05, 1.8590333235350297e-05, 1.7894475721528487e-05, 6.123754462987434e-05, 1.8378790472206286e-05, 1.7911823814470836e-05, 1.8360825370238566e-05, 1.859488171992051e-05, 1.8593213049479805e-05, 1.8589110243391643e-05,
18, 3.000371482000673e-07, 0.4792322044929391, 0.5204708185353889, 6.04143908189317e-05, 1.7771219345841898e-05, 1.7770647532288854e-05, 1.7770233428287504e-05, 1.7106849621367213e-05, 6.039970865751681e-05, 1.7513569765053883e-05, 1.7123005120201543e-05, 1.7496718893013742e-05, 1.7771272618770525e-05, 1.7769716711321946e-05, 1.776907814323979e-05,
19, 5.434338233351218e-07, 0.47923805305669875, 0.5204764505629202, 6.0043323403618516e-05, 1.667245110026309e-05, 1.6671906409460963e-05, 1.667498842046979e-05, 1.6042996553226086e-05, 6.0028396772545234e-05, 1.6379116755349153e-05, 1.6058830419084995e-05, 1.636303811376166e-05, 1.667247856391211e-05, 1.6671003043117353e-05, 1.667389087696501e-05,
20, 5.678046995756063e-07, 0.4792465255854607, 0.5204856992609098, 5.921717229018133e-05, 1.505720540214673e-05, 1.5056692769298925e-05, 1.5075539693990285e-05, 1.4454023955133874e-05, 5.920205858093724e-05, 1.4751386725600492e-05, 1.4468442923331587e-05, 1.4736701800217145e-05, 1.5057197124156142e-05, 1.5055866573241366e-05, 1.5074534886294624e-05,
21, 4.3958418302931126e-07, 0.47925303099917277, 0.520498238942003, 5.825512419920481e-05, 1.3361691308338356e-05, 1.3361209696685444e-05, 1.3406684089913507e-05, 1.2709482917955797e-05, 5.824062713221703e-05, 1.305949594624805e-05, 1.2720956251637516e-05, 1.3046733991153708e-05, 1.3361643077446772e-05, 1.3360499803398403e-05, 1.3405800814089372e-05,
22, 2.846659283900213e-07, 0.4792594626328054, 0.5205064244204387, 5.655951975944778e-05, 1.225533944482487e-05, 1.225486997163077e-05, 1.2325584652015956e-05, 1.1592960455894775e-05, 5.654536532311948e-05, 1.1934321941420584e-05, 1.1602861583380167e-05, 1.1922671220548524e-05, 1.225525768324187e-05, 1.2254232157291817e-05, 1.2324769120714033e-05,
23, 2.1044978111958907e-07, 0.4792616690640919, 0.5205100308335023, 5.543626695984559e-05, 1.1908676091491926e-05, 1.1908213005303366e-05, 1.2000327488546937e-05, 1.1236323603667755e-05, 5.5423331011314896e-05, 1.1563079105839652e-05, 1.1244719721029833e-05, 1.1552409864722056e-05, 1.1908572269554263e-05, 1.1907642179753513e-05, 1.1999563934979685e-05,
24, 1.745455885846698e-07, 0.4792657462121414, 0.520515116287454, 5.361769362313168e-05, 1.13582896846396e-05, 1.135783986678934e-05, 1.1473262469256556e-05, 1.0683265441449219e-05, 5.3605857535775624e-05, 1.0998765237881929e-05, 1.0690468103145992e-05, 1.0988945024788494e-05, 1.1358172424535315e-05, 1.1357323518593433e-05, 1.1472542709470947e-05,
25, 1.295193278605548e-07, 0.47927151171049265, 0.5205220677991482, 5.098511614308745e-05, 1.0610208112550872e-05, 1.0609783749624993e-05, 1.0749062662238965e-05, 9.938480378765284e-06, 5.0974568107949976e-05, 1.0259895926505557e-05, 9.944732707350393e-06, 1.0250809531282453e-05, 1.0610093557001168e-05, 1.0609310368761219e-05, 1.0748380549108077e-05,
26, 6.480230448790588e-08, 0.479276254706375, 0.520527705326565, 4.873566441656335e-05, 1.0021806112782099e-05, 1.002140902765742e-05, 1.0187328319821597e-05, 9.358620627993138e-06, 4.8726999509465124e-05, 9.66902843627108e-06, 9.36332247442429e-06, 9.66105725660244e-06, 1.0021694315803515e-05, 1.0021006111727645e-05, 1.018669975807306e-05,
27, 3.676687045346027e-08, 0.4792804384696025, 0.5205297406248975, 4.707479127864909e-05, 9.72961294630945e-06, 9.729233195023848e-06, 9.900918097749977e-06, 9.08067553287987e-06, 4.7066738222724595e-05, 9.382852026168803e-06, 9.084580314962139e-06, 9.375508594649635e-06, 9.729502967115625e-06, 9.728870040612425e-06, 9.900327008812291e-06,
28, 3.982601608654634e-08, 0.4792850236124202, 0.5205325775384755, 4.582443269785539e-05, 9.23271239288645e-06, 9.232353042212446e-06, 9.409032159734491e-06, 8.599464283409256e-06, 4.58160569759721e-05, 8.887605168382396e-06, 8.603283146387368e-06, 8.880494095714151e-06, 9.232607568095023e-06, 9.231998599144808e-06, 9.408453904383467e-06,
29, 8.211930287911463e-08, 0.47928990563390683, 0.5205361111315774, 4.502026180301417e-05, 8.541704826359325e-06, 8.54137166189703e-06, 8.722317872740967e-06, 7.92421608608542e-06, 4.501090876213719e-05, 8.206993289586152e-06, 7.928638966204894e-06, 8.199829690778694e-06, 8.54160800059564e-06, 8.540994184025648e-06, 8.721741859464525e-06,
30, 2.770668535275681e-07, 0.4792917455079624, 0.5205370273798727, 4.5095011446742386e-05, 8.22950017256838e-06, 8.2291831889991e-06, 8.417155493408713e-06, 7.612655253872399e-06, 4.508489147562006e-05, 7.898012267742016e-06, 7.617677918565526e-06, 7.890673704974141e-06, 8.229405880934382e-06, 8.22877891649554e-06, 8.416570069551237e-06,
31, 7.872030981790066e-07, 0.47929333787226186, 0.5205361583689627, 4.460431054060196e-05, 8.206014190004238e-06, 8.20570728814737e-06, 8.406511888421459e-06, 7.588326434984507e-06, 4.4593546304504955e-05, 7.854010965027361e-06, 7.594166325847083e-06, 7.846339623097966e-06, 8.205923050308482e-06, 8.20526585310156e-06, 8.405902414098637e-06,
32, 1.1090505103526714e-06, 0.4792958831922284, 0.5205366464285794, 4.3715588574583064e-05, 8.047741414516597e-06, 8.047449344187889e-06, 8.25687495592944e-06, 7.430074822456728e-06, 4.370418465289406e-05, 7.689653622407248e-06, 7.43666938905892e-06, 7.681681922256044e-06, 8.047660097441005e-06, 8.046973265077186e-06, 8.256247017082502e-06,
33, 1.2898206484733318e-06, 0.4793006066035933, 0.5205383547449957, 4.1976436604075247e-05, 7.729574984235876e-06, 7.729305511156885e-06, 7.950666167860755e-06, 7.1281063091085535e-06, 4.196460833512042e-05, 7.367054298398328e-06, 7.135108059106475e-06, 7.3590823425368335e-06, 7.729508544876662e-06, 7.728814003843012e-06, 7.950034772527372e-06,
34, 1.3285112011762004e-06, 0.47930634685046475, 0.5205381022598762, 4.0818795437310984e-05, 7.401849654225448e-06, 7.401599848259761e-06, 7.61600067166439e-06, 6.834900361089717e-06, 4.080618915569842e-05, 7.044967176443565e-06, 6.842109317874335e-06, 7.03715034484511e-06, 7.401792279887948e-06, 7.401108413680552e-06, 7.615384868896052e-06,
35, 1.5857532362063359e-06, 0.4793119091167458, 0.520535014636312, 4.0097764244262336e-05, 7.267587837746516e-06, 7.267351195512082e-06, 7.464461407119821e-06, 6.736012007385171e-06, 4.008387861244216e-05, 6.919394699955964e-06, 6.7437881512419935e-06, 6.911488610298195e-06, 7.267537278083146e-06, 7.266844792228648e-06, 7.46385279419721e-06,
36, 1.5406009174346727e-06, 0.47931883750425563, 0.5205336495072097, 3.9115802617449656e-05, 6.90467338709886e-06, 6.904451485914496e-06, 7.080023378028023e-06, 6.418030674907001e-06, 3.9100898240940485e-05, 6.570845358903216e-06, 6.426040670835971e-06, 6.563074629934862e-06, 6.9046294080556245e-06, 6.9039488574327015e-06, 7.0794359720057115e-06,
37, 1.32180300410543e-06, 0.4793276209382643, 0.5205331505777898, 3.8209732842739034e-05, 6.264061937752492e-06, 6.2638525051758045e-06, 6.409030259385777e-06, 5.850736968057456e-06, 3.8194057803715e-05, 5.963649441772803e-06, 5.858942071114703e-06, 5.956216358794256e-06, 6.264015963987105e-06, 6.263363570118261e-06, 6.408486711835365e-06,
38, 1.2535328833819514e-06, 0.4793380813971671, 0.5205339788087097, 3.674751890013696e-05, 5.413198862522034e-06, 5.413009268388528e-06, 5.522510348741421e-06, 5.0904052868253924e-06, 3.673066307581794e-05, 5.164376013558616e-06, 5.099291284228329e-06, 5.157078498964487e-06, 5.4131620875105765e-06, 5.412514810357328e-06, 5.52200092095912e-06,
39, 1.2545556155475302e-06, 0.47934708525820885, 0.5205322278428718, 3.47742947401845e-05, 5.07115352015625e-06, 5.070976550510484e-06, 5.163888691373798e-06, 4.809610574620467e-06, 3.475722026647855e-05, 4.833973239772421e-06, 4.818775210006966e-06, 4.826903290372802e-06, 5.071123907620623e-06, 5.070487802650675e-06, 5.163403594637273e-06,
40, 1.4460157122309465e-06, 0.4793553526753114, 0.5205302486653212, 3.386756137539906e-05, 4.5916012488235385e-06, 4.591440327614716e-06, 4.6687578486302735e-06, 4.398536596917344e-06, 3.3850037037581535e-05, 4.366098787982701e-06, 4.407840363328939e-06, 4.35939297256831e-06, 4.591575804367363e-06, 4.5909660233357264e-06, 4.668302486941458e-06,
41, 1.3581944418043904e-06, 0.4793663123507032, 0.5205289825745718, 3.2616347027659085e-05, 3.860215139595496e-06, 3.860072863733487e-06, 3.913291256569883e-06, 3.7679965236634313e-06, 3.2598261275200275e-05, 3.6631778827933094e-06, 3.7770734135271605e-06, 3.6571923232843173e-06, 3.860189791425405e-06, 3.8596397325337485e-06, 3.91289376302853e-06,
42, 1.248531671156544e-06, 0.4793720499000834, 0.5205285737808261, 3.188015250431932e-05, 3.475946053876398e-06, 3.47581358589032e-06, 3.5185415514370914e-06, 3.4189631576922905e-06, 3.186212871828043e-05, 3.3020851274832887e-06, 3.4274803586652164e-06, 3.296629338815583e-06, 3.4759176018274583e-06, 3.4754170965704313e-06, 3.51818238441747e-06,
43, 1.0585442683444214e-06, 0.47937612092411985, 0.5205283110216046, 3.168251699230801e-05, 3.1460856232793814e-06, 3.1459615583084213e-06, 3.1829486410948023e-06, 3.1103922098986773e-06, 3.16646323227779e-05, 2.9945039466195555e-06, 3.1179240916299025e-06, 2.989717002998689e-06, 3.1460500620096436e-06, 3.145616788222382e-06, 3.1826323610963947e-06,
44, 1.0752504351319023e-06, 0.4793761203573328, 0.5205303200882327, 3.157514668573055e-05, 2.96247316172712e-06, 2.9623527243903783e-06, 2.9974340121515507e-06, 2.9179287184033912e-06, 3.1557756293375246e-05, 2.8343628437380057e-06, 2.924826839290511e-06, 2.8298886345898363e-06, 2.962432488345483e-06, 2.962033525278344e-06, 2.997138351394798e-06,
45, 1.2103094988061645e-06, 0.4793758585532321, 0.5205321886180246, 3.134392760780791e-05, 2.8316808563806968e-06, 2.8315559875267124e-06, 2.8666009454923605e-06, 2.7806329653439696e-06, 3.132750630635853e-05, 2.7239438174273594e-06, 2.7874961501479654e-06, 2.719464442966866e-06, 2.831632458515688e-06, 2.8312375878076253e-06, 2.866306980892144e-06,
46, 1.3916051450398087e-06, 0.47937642013981924, 0.520532370237604, 3.094679121469603e-05, 2.814694753335854e-06, 2.814565202968502e-06, 2.844131302051409e-06, 2.761442063718077e-06, 3.093097901417179e-05, 2.73413040649464e-06, 2.7685976500012144e-06, 2.7294459102749833e-06, 2.8146425723114442e-06, 2.8142341129024757e-06, 2.8438316704545857e-06,
47, 1.4932101399471698e-06, 0.4793784143270414, 0.5205324626305391, 2.9832195117554307e-05, 2.8145756762391284e-06, 2.8144422796976814e-06, 2.8419043735278412e-06, 2.7670565037013298e-06, 2.9817682193647908e-05, 2.750801171576497e-06, 2.774354472966777e-06, 2.746056762830267e-06, 2.814520050385014e-06, 2.8141074319453606e-06, 2.8416041615881058e-06,
48, 1.5771921888273226e-06, 0.479381543405669, 0.5205329903556651, 2.842347609374741e-05, 2.716633240749039e-06, 2.7164999391762862e-06, 2.7438008317195647e-06, 2.6806707164719457e-06, 2.8410485151635693e-05, 2.668718779412218e-06, 2.6878495100193184e-06, 2.6641205856292143e-06, 2.716575553964533e-06, 2.7161741481266337e-06, 2.743511012820053e-06,
49, 1.5957736999715716e-06, 0.47938580014116067, 0.5205309453896957, 2.715694029367785e-05, 2.7402981755713734e-06, 2.7401626302057822e-06, 2.7584860986956357e-06, 2.7235151296540725e-06, 2.7144718687506452e-05, 2.7147691544722636e-06, 2.730801334891285e-06, 2.710189915814142e-06, 2.740238774790469e-06, 2.739838902671267e-06, 2.7582046733144208e-06,
50, 1.7060688171105415e-06, 0.47938693795910564, 0.5205277580207415, 2.6666840039183293e-05, 3.025247181057711e-06, 3.025101937153447e-06, 3.036079177530197e-06, 3.0201823848726827e-06, 2.6655559309720952e-05, 3.029867579664893e-06, 3.0275092251823998e-06, 3.025270343305442e-06, 3.0251788352217298e-06, 3.024781251671539e-06, 3.0358019611933887e-06,
51, 1.8426254853862186e-06, 0.47938859351978136, 0.5205228754388602, 2.6007396380070074e-05, 3.4547532960516334e-06, 3.4545969294196575e-06, 3.4485465318299894e-06, 3.471051169697642e-06, 2.5996789680240872e-05, 3.511798902995793e-06, 3.478739095094987e-06, 3.5069966215605037e-06, 3.4546790225260325e-06, 3.4542678296459073e-06, 3.448269880297101e-06,
52, 1.8929392493730594e-06, 0.4793885921681771, 0.5205181328432539, 2.5830324742517855e-05, 3.948008062145344e-06, 3.947838706834658e-06, 3.927103185884379e-06, 3.97444482908925e-06, 2.5820428097284137e-05, 4.066965689561881e-06, 3.9819068421987664e-06, 4.0622140358523684e-06, 3.9479216317425685e-06, 3.947523955179488e-06, 3.9268379164324266e-06,
53, 1.6457625078504916e-06, 0.47939063109549235, 0.5205141085278531, 2.5345142862577544e-05, 4.260054088905689e-06, 4.259878399341271e-06, 4.225056808108955e-06, 4.302158860279272e-06, 2.533600230795864e-05, 4.418408723363848e-06, 4.309019643772593e-06, 4.4139899577528584e-06, 4.259959356951262e-06, 4.259595075674875e-06, 4.224817996076744e-06,
54, 1.5034246788226384e-06, 0.47939306513073787, 0.5205110501352713, 2.486430375322941e-05, 4.425714989802295e-06, 4.425535110151858e-06, 4.380098343573037e-06, 4.471427896323845e-06, 2.4855421883947832e-05, 4.626953563075202e-06, 4.47783172670248e-06, 4.622724392338955e-06, 4.425614579216026e-06, 4.425274569501609e-06, 4.37987851176507e-06,
55, 1.2867036619271345e-06, 0.47939691127409123, 0.520509314904754, 2.3939969188288668e-05, 4.417045582773885e-06, 4.416870233271405e-06, 4.362497501659834e-06, 4.469091556203614e-06, 2.393146027593565e-05, 4.641357988481399e-06, 4.4749150744253964e-06, 4.6374902350217504e-06, 4.416947070520219e-06, 4.416636679706646e-06, 4.362306893861948e-06,
56, 9.325613641317225e-07, 0.4794026189660816, 0.5205070789899308, 2.2997354123570427e-05, 4.290309272679271e-06, 4.290139511758644e-06, 4.229327199011861e-06, 4.349631662465411e-06, 2.2988342708381968e-05, 4.531601941340319e-06, 4.354939540006131e-06, 4.52800471396421e-06, 4.29021229135906e-06, 4.289931711482823e-06, 4.229158680568165e-06,
57, 7.474336317784241e-07, 0.4794080235688575, 0.520504966857055, 2.2639483058791743e-05, 4.047941099669539e-06, 4.047779413745099e-06, 3.982940598531324e-06, 4.114507597652367e-06, 2.2629888287709678e-05, 4.302461632667499e-06, 4.1191158840823194e-06, 4.299247326084817e-06, 4.04784380861849e-06, 4.047605721123727e-06, 3.982797738513384e-06,
58, 4.7329451569713553e-07, 0.4794146424204653, 0.5205026539150173, 2.1681681808002442e-05, 3.835080786020702e-06, 3.834928327879688e-06, 3.7697020839288925e-06, 3.919517459768082e-06, 2.167179719406872e-05, 4.078587331877459e-06, 3.923204252127617e-06, 4.075965870142945e-06, 3.83498351928408e-06, 3.834801314809925e-06, 3.7695914927060997e-06,
59, 3.8590197812474954e-07, 0.4794223398134614, 0.5204984202780109, 2.0690105366995965e-05, 3.693825903924511e-06, 3.693679571680728e-06, 3.6266467565235578e-06, 3.7974159153059713e-06, 2.067901051422123e-05, 3.930288166536298e-06, 3.8007798868629353e-06, 3.927872798859592e-06, 3.6937291319277406e-06, 3.6935742378787955e-06, 3.62654905765565e-06,
60, 4.4986547356914233e-07, 0.47942735943404435, 0.5204920293071055, 2.0653955271614988e-05, 3.827061780515881e-06, 3.82691658626278e-06, 3.757255774785214e-06, 3.953995085561628e-06, 2.0642142159178943e-05, 4.066899586001267e-06, 3.956929952097433e-06, 4.064739456594196e-06, 3.82695813287922e-06, 3.826838709865185e-06, 3.757172856460654e-06,
61, 3.4557847698111914e-07, 0.4794345932737406, 0.5204857495223995, 2.0380791224183484e-05, 3.7944803757918605e-06, 3.794338010747034e-06, 3.721090451218261e-06, 3.950597695989054e-06, 2.0368208103095478e-05, 4.020370558034844e-06, 3.952915725595079e-06, 4.01860710476537e-06, 3.7943704832223256e-06, 3.7942979186646846e-06, 3.7210296521834775e-06,
62, 2.1017460830986437e-07, 0.4794375583131594, 0.5204824655708182, 2.0023520350105585e-05, 3.910407363551423e-06, 3.9102631061062834e-06, 3.834060010654847e-06, 4.071825510741988e-06, 2.0010836053625077e-05, 4.138971958749498e-06, 4.0734377506048905e-06, 4.137525844796184e-06, 3.910290183235614e-06, 3.910257557564232e-06, 3.834017459907298e-06,
63, 1.6767237673330542e-07, 0.47944087301749744, 0.5204799351434283, 1.9959895128887062e-05, 3.848272660082418e-06, 3.848130472445744e-06, 3.7711501748949296e-06, 4.010315325230437e-06, 1.9946628707071408e-05, 4.080794071760758e-06, 4.011417583044566e-06, 4.079609870148493e-06, 3.84815025332297e-06, 3.848149008789593e-06, 3.7711246088774072e-06,
64, 1.200481916010284e-07, 0.4794453722037166, 0.5204786773965923, 1.968006730632987e-05, 3.5840708036349814e-06, 3.583936942359307e-06, 3.5082372344528766e-06, 3.7450953667802595e-06, 1.966606431413077e-05, 3.8207003332533365e-06, 3.7457803125959867e-06, 3.819720465894015e-06, 3.58395093105352e-06, 3.583974341491095e-06, 3.508222528766028e-06,
65, 1.3109437157948355e-07, 0.47944943526883976, 0.5204772649228376, 1.9342949233940276e-05, 3.3840013849721025e-06, 3.3838684593879893e-06, 3.3086094162563874e-06, 3.545675305312646e-06, 1.9328326432594133e-05, 3.6264782437050214e-06, 3.5465329712146586e-06, 3.625370036448069e-06, 3.3838814707497464e-06, 3.3839005700965813e-06, 3.3085887628481668e-06,
66, 1.1839316536527646e-07, 0.4794546932704868, 0.5204764266046893, 1.8768677128853006e-05, 3.059121219369074e-06, 3.0589936458761086e-06, 2.988142320948183e-06, 3.226750621292426e-06, 1.8753449479519805e-05, 3.2867030229465385e-06, 3.2276022644788027e-06, 3.2856083136853025e-06, 3.0590040614915155e-06, 3.059028963303019e-06, 2.988119359431565e-06,
67, 9.647428750676546e-08, 0.4794574866014015, 0.5204771593515778, 1.7985119278149208e-05, 2.865580042343104e-06, 2.8654515450398116e-06, 2.7988647711863123e-06, 3.0287913648377746e-06, 1.797000708603326e-05, 3.0924342417348035e-06, 3.0298367743937263e-06, 3.0911839054629684e-06, 2.865463891860324e-06, 2.865478351940601e-06, 2.798831609724697e-06,
68, 1.0402941226547974e-07, 0.47945680655215833, 0.5204800863238759, 1.731849650227238e-05, 2.7751598893517395e-06, 2.775027235517639e-06, 2.713055295942063e-06, 2.914952738354547e-06, 1.730374526761584e-05, 3.0121664824916983e-06, 2.9162320541793645e-06, 3.010637563506319e-06, 2.7750431849389225e-06, 2.7750393993178525e-06, 2.7130056138005554e-06,
69, 1.28130136184487e-07, 0.4794570992214483, 0.5204837727464425, 1.6285497374359584e-05, 2.586251956546152e-06, 2.5861192466276834e-06, 2.5298709506831266e-06, 2.7015513263208547e-06, 1.627104662660989e-05, 2.8178023254954916e-06, 2.703234861690894e-06, 2.815945534105849e-06, 2.586140073315175e-06, 2.5861081991160133e-06, 2.529802728858533e-06,
70, 2.207946220871544e-07, 0.47945716055468257, 0.5204878218682076, 1.4835616528850502e-05, 2.4579016939686066e-06, 2.457770736752224e-06, 2.4036435770561076e-06, 2.550404315730666e-06, 1.4821455563734066e-05, 2.6999488440823544e-06, 2.552921994359993e-06, 2.697523734639569e-06, 2.457801393901356e-06, 2.457717626774261e-06, 2.4035469869374646e-06,
71, 2.6532611849782504e-07, 0.47945701795052076, 0.5204897658474945, 1.3620258427650898e-05, 2.5149556865708096e-06, 2.514820819606489e-06, 2.4557119673985785e-06, 2.5950317514289754e-06, 1.3606502171493616e-05, 2.7813019282132606e-06, 2.5982186570131233e-06, 2.7783550795465867e-06, 2.5148612224846778e-06, 2.5147363503016388e-06, 2.4555936025635155e-06,
72, 3.7984634223609267e-07, 0.47945561042818624, 0.5204908905321199, 1.3184472754593694e-05, 2.6161758689374352e-06, 2.616035886611072e-06, 2.552687862794951e-06, 2.6847804113930744e-06, 1.317093354731608e-05, 2.9119584021098453e-06, 2.688499057728042e-06, 2.908558286151368e-06, 2.616083254775998e-06, 2.6159266902734335e-06, 2.5525504265486684e-06,
73, 3.5630571497321233e-07, 0.4794534454437456, 0.5204938564589677, 1.2843812255695559e-05, 2.606706698485689e-06, 2.606563802147282e-06, 2.543273171129262e-06, 2.6518857810904436e-06, 1.2830365641789138e-05, 2.9252037591228343e-06, 2.6557362047607595e-06, 2.921533759995428e-06, 2.606614462922291e-06, 2.606443384917635e-06, 2.5431230938505863e-06,
74, 3.870495317137776e-07, 0.47945212710860696, 0.5204974492573687, 1.2219707971068925e-05, 2.5040250011306028e-06, 2.503883418517317e-06, 2.441559863085235e-06, 2.5262164888650135e-06, 1.2206314567144957e-05, 2.8294487218461914e-06, 2.530309848003857e-06, 2.8255052427535866e-06, 2.5039379844011192e-06, 2.503746020274064e-06, 2.4413971154195577e-06,
75, 4.054579744002733e-07, 0.47945061013005397, 0.5205005935703025, 1.1707199633088177e-05, 2.443721634382027e-06, 2.4435820425481985e-06, 2.383164373757452e-06, 2.4478366568866987e-06, 1.1694061140214916e-05, 2.7763996762324905e-06, 2.4519165142676583e-06, 2.7723533019078552e-06, 2.443638826146906e-06, 2.4434399469061216e-06, 2.3829963456632336e-06,
76, 5.021662239231975e-07, 0.47944768973434615, 0.5205021301801136, 1.1408802314646843e-05, 2.6305562478465244e-06, 2.630413566399369e-06, 2.570270635783229e-06, 2.6185982554308115e-06, 1.1396179467584803e-05, 2.986644698116343e-06, 2.6225953953793323e-06, 2.9824864510578904e-06, 2.6304738111621454e-06, 2.63027203523848e-06, 2.570096433306563e-06,
77, 4.379405381634287e-07, 0.47944548838308254, 0.520504937059586, 1.097042022426014e-05, 2.6631693117949793e-06, 2.6630260302605934e-06, 2.6030491853830244e-06, 2.636775412877492e-06, 1.0958457520560817e-05, 3.037974910526334e-06, 2.6404767305893258e-06, 3.033876474350728e-06, 2.6630872311016388e-06, 2.6628929219713676e-06, 2.6028794716783106e-06,
78, 3.1380609150195224e-07, 0.47944439812416595, 0.520508755015273, 1.0208738734266457e-05, 2.5570499022094863e-06, 2.5569134404548318e-06, 2.498825076395688e-06, 2.519156914719757e-06, 1.0197693657164983e-05, 2.9315647130391454e-06, 2.5224289331818186e-06, 2.92771319199409e-06, 2.5569742213226766e-06, 2.556793149451188e-06, 2.4986695566528833e-06,
79, 1.2636146606353935e-07, 0.4794446038945986, 0.5205124417791261, 8.829653285751499e-06, 2.4657119262278292e-06, 2.4655828698266747e-06, 2.4118269881771248e-06, 2.4244338711248503e-06, 8.820383836298276e-06, 2.8216773457062246e-06, 2.4271155749555904e-06, 2.8182288543011836e-06, 2.465642664539971e-06, 2.4654850679115164e-06, 2.4116901870170963e-06,
80, 1.4551925010020887e-07, 0.47944422664843683, 0.5205158947753719, 7.592109137435562e-06, 2.4075359869673456e-06, 2.4074119678273864e-06, 2.3556543065980885e-06, 2.358374289403579e-06, 7.583777547244426e-06, 2.7498524972230124e-06, 2.361143442147886e-06, 2.7463672520705607e-06, 2.4074751449899836e-06, 2.4073061214968025e-06, 2.3555156377317014e-06,
81, 1.1190037557970724e-07, 0.4794453598607998, 0.5205201246394094, 5.712289200223469e-06, 2.257792870377427e-06, 2.2576793821457294e-06, 2.2108461216806244e-06, 2.207156982176304e-06, 5.70558846282313e-06, 2.5595912730738236e-06, 2.209778382177559e-06, 2.5563069668130344e-06, 2.2577437288071985e-06, 2.257576387351577e-06, 2.2107148612555984e-06,
82, 1.106124985748226e-07, 0.4794450298664572, 0.5205233419589763, 4.822021461067377e-06, 2.153021082914834e-06, 2.1529166453580056e-06, 2.11174581980421e-06, 2.1004293951401597e-06, 4.816258616563811e-06, 2.4217276073535595e-06, 2.1027745564334226e-06, 2.4187058602149324e-06, 2.1529795136084933e-06, 2.1528227643063955e-06, 2.1116240714055462e-06,
83, 9.339678821072472e-08, 0.4794445391800771, 0.5205261293354337, 4.037934521218389e-06, 2.0865813497112024e-06, 2.0864867432387097e-06, 2.0519430527676796e-06, 2.034876327033273e-06, 4.033231135579303e-06, 2.3237962479442864e-06, 2.03672435031496e-06, 2.321183220538107e-06, 2.0865468935368215e-06, 2.086412587089281e-06, 2.0518370545809845e-06,
84, 1.072318796668283e-07, 0.47944451910946373, 0.5205297796990129, 3.41200336782169e-06, 1.8548738723024995e-06, 1.8547926896000217e-06, 1.8295575094367115e-06, 1.8044188069187966e-06, 3.4078250402866715e-06, 2.0436258954320277e-06, 1.8059260231343991e-06, 2.0413619163022107e-06, 1.8548488925352106e-06, 1.8547308885651493e-06, 1.8294597249141896e-06,
85, 8.489171472012966e-08, 0.4794445484270016, 0.5205325741090092, 3.0547309305713406e-06, 1.651953999834059e-06, 1.651882781029282e-06, 1.6330221485757225e-06, 1.6071679035619515e-06, 3.0509714373103877e-06, 1.7996263174249134e-06, 1.6081264537796896e-06, 1.7978373339615655e-06, 1.6519330774023733e-06, 1.6518448220783152e-06, 1.6329405893186672e-06,
86, 9.109437890274773e-08, 0.4794450328281272, 0.520536209297173, 2.8126585898228987e-06, 1.294309365924829e-06, 1.294253145752686e-06, 1.284285974699857e-06, 1.2561873360141875e-06, 2.809041174018567e-06, 1.3936814176866965e-06, 1.2566279049149772e-06, 1.3924467100273545e-06, 1.2942935495799576e-06, 1.2942366097368502e-06, 1.2842249136305129e-06,
87, 1.4259779065880523e-07, 0.4794450432349615, 0.5205399422528314, 2.4143331926359714e-06, 9.982015977480478e-07, 9.981609539939266e-07, 9.933591087262041e-07, 9.635028972247036e-07, 2.4108881147797327e-06, 1.0702043809223231e-06, 9.639107908712307e-07, 1.0691747218375243e-06, 9.981983301797884e-07, 9.9814272782694e-07, 9.933049300310552e-07,
88, 1.7465401460558562e-07, 0.47944456389900875, 0.5205428708555144, 2.1047229311772796e-06, 8.147450516431246e-07, 8.147146979077516e-07, 8.150847557833856e-07, 7.774862547113307e-07, 2.1013567607262077e-06, 8.702868915142126e-07, 7.777735441866396e-07, 8.694059565341573e-07, 8.147498612832504e-07, 8.146990636768834e-07, 8.150345145962445e-07,
89, 2.1830123029491154e-07, 0.47944225062189644, 0.5205458726040807, 1.9798363314131126e-06, 7.687338965569521e-07, 7.687091623968439e-07, 7.74150452094867e-07, 7.222491722463077e-07, 1.97654774426348e-06, 8.17320220088426e-07, 7.222704172051389e-07, 8.165777684821358e-07, 7.687435694098836e-07, 7.687021285943442e-07, 7.741033852563553e-07,
90, 2.6264167739034335e-07, 0.4794414985806828, 0.5205463929543881, 1.9432262774697965e-06, 7.963035500278653e-07, 7.962826551310892e-07, 7.989335191809453e-07, 7.438840334980812e-07, 1.939772808077288e-06, 8.461838524541714e-07, 7.436900604630334e-07, 8.455225487546887e-07, 7.963186031536486e-07, 7.962838495172644e-07, 7.988907168680214e-07,
91, 3.330690410605385e-07, 0.4794403899374411, 0.5205457420083542, 2.0745109562235372e-06, 9.403031199764488e-07, 9.402840032091885e-07, 9.380701449987166e-07, 8.789419920392547e-07, 2.0708335105562414e-06, 9.975255046738407e-07, 8.783018102680906e-07, 9.97019101356068e-07, 9.403232127314665e-07, 9.403041627335098e-07, 9.380353139685172e-07,
92, 3.165322956934244e-07, 0.479440347029399, 0.5205451803554468, 2.1993109850446507e-06, 9.772564048648848e-07, 9.772373729470171e-07, 9.701575012676117e-07, 9.137550660922024e-07, 2.1954361293489647e-06, 1.042647912871444e-06, 9.127473879070407e-07, 1.0423155130447115e-06, 9.772775475238945e-07, 9.772742343918964e-07, 9.701336694605484e-07,
93, 1.5513419208029706e-07, 0.47944058490958824, 0.5205457331447305, 2.175229080423136e-06, 9.207319651551776e-07, 9.207139884833197e-07, 9.099592249688805e-07, 8.568598066830779e-07, 2.171317015524337e-06, 9.823297355572944e-07, 8.554001431589809e-07, 9.822622454393272e-07, 9.207533671436762e-07, 9.207711344966803e-07, 9.099512513542186e-07,
94, 1.634028599032663e-07, 0.4794398727763567, 0.5205459008709148, 2.3497988948814804e-06, 9.412253710808715e-07, 9.41207678076874e-07, 9.267358495997349e-07, 8.725211838144442e-07, 2.345670860627019e-06, 1.0026210331216277e-06, 8.705722781898049e-07, 1.0027915110994582e-06, 9.412474817841999e-07, 9.412861768431984e-07, 9.267415029088498e-07,
95, 1.3085026948795724e-07, 0.4794398308381317, 0.5205461939293222, 2.4918360097588556e-06, 8.925164107177263e-07, 8.924964035819319e-07, 8.749003581748351e-07, 8.230859843841195e-07, 2.487581413983228e-06, 9.501301766519982e-07, 8.207861133168353e-07, 9.504765623660848e-07, 8.925367425974361e-07, 8.92591308678119e-07, 8.749157007212599e-07,
96, 1.521304036354848e-07, 0.47944024347749514, 0.5205456309313762, 2.49427901743308e-06, 9.071050041586435e-07, 9.070821588816796e-07, 8.865231778186442e-07, 8.362895772343976e-07, 2.4900156874265075e-06, 9.583369575023163e-07, 8.335692499631295e-07, 9.588603501478784e-07, 9.07125474240434e-07, 9.071964973926299e-07, 8.865475150440543e-07,
97, 1.3512423824348508e-07, 0.47944172813987057, 0.5205436430002427, 2.294817583610542e-06, 1.0019347922668095e-06, 1.0019063404439025e-06, 9.783827161700287e-07, 9.304588192449049e-07, 2.2907766507216174e-06, 1.0423336924743003e-06, 9.270515806503145e-07, 1.0431162292515867e-06, 1.0019556172375342e-06, 1.0020526877995956e-06, 9.784194713587464e-07,
98, 1.2154679888808766e-07, 0.47944307144870324, 0.5205403724241832, 1.9706938472331846e-06, 1.266177650218203e-06, 1.2661409584865113e-06, 1.2384170330442515e-06, 1.1936971772046967e-06, 1.9671786706944462e-06, 1.2852854825563283e-06, 1.188768910482089e-06, 1.2866512302668728e-06, 1.266201842418185e-06, 1.2663564619137597e-06, 1.238481995023178e-06,
99, 8.396995917453187e-08, 0.4794452413791056, 0.5205375452462663, 1.680242294472353e-06, 1.3963996086604273e-06, 1.3963547912988096e-06, 1.3658575346885243e-06, 1.3279256718586107e-06, 1.677187301967419e-06, 1.4010949093234674e-06, 1.3218910896183802e-06, 1.402931289936426e-06, 1.396422958340616e-06, 1.3966213946431432e-06, 1.3659466042739059e-06,
100, 9.034594276998769e-08, 0.47944714188632676, 0.5205347262644638, 1.3501468625284814e-06, 1.5568618324288946e-06, 1.5568037536279617e-06, 1.5227623754453664e-06, 1.4915246266291513e-06, 1.3476083047594011e-06, 1.5458434629974505e-06, 1.4845398906812195e-06, 1.5480186863831078e-06, 1.5568838348179934e-06, 1.5571147220489974e-06, 1.522868409947233e-06,
101, 3.347868144006374e-08, 0.4794489842765159, 0.5205330615119429, 8.705633609791505e-07, 1.6446096580562917e-06, 1.6445376978582906e-06, 1.609275451127144e-06, 1.5819253649919655e-06, 8.688372900534561e-07, 1.6124824908212885e-06, 1.5740989340006052e-06, 1.6149612654047746e-06, 1.6446286853764188e-06, 1.6448878215070283e-06, 1.6093966490062266e-06,
102, 1.668140570239205e-08, 0.47944906738100695, 0.5205301657828284, 6.812526957047203e-07, 1.972532477255956e-06, 1.972436186343277e-06, 1.9346060950560506e-06, 1.908915353392307e-06, 6.799728915070335e-07, 1.9087170907151647e-06, 1.8990758454647728e-06, 1.911930879579237e-06, 1.9725454003117506e-06, 1.972877838236287e-06, 1.9347638852252077e-06,
103, 1.3731614277703892e-08, 0.47944665719091395, 0.5205252778183579, 6.54763991640282e-07, 2.7216690698006995e-06, 2.721525678557158e-06, 2.6804735743071956e-06, 2.6526677610618087e-06, 6.537481128631675e-07, 2.5990502119825296e-06, 2.6383109576997014e-06, 2.6039662134333756e-06, 2.721665853380733e-06, 2.722171759528956e-06, 2.680715599192696e-06,
104, 1.97970923767771e-08, 0.47944325731108905, 0.5205199414211359, 5.644985008933931e-07, 3.6285794757614975e-06, 3.6283849366612556e-06, 3.5776937859409887e-06, 3.5460573733588198e-06, 5.637453401895203e-07, 3.451206226037051e-06, 3.527309564419312e-06, 3.4576528168872745e-06, 3.6285748159784756e-06, 3.629227752391598e-06, 3.5780092292668385e-06,
105, 1.4771370719490132e-08, 0.4794374159965134, 0.5205118290535853, 4.1757689766946247e-07, 5.075791758195293e-06, 5.07553170615986e-06, 5.011613555505878e-06, 4.983665855607961e-06, 4.171905163187642e-07, 4.813507517049226e-06, 4.9574941558176846e-06, 4.822708348318706e-06, 5.0757993419953304e-06, 5.0767038064122955e-06, 5.012063094206379e-06,
