Optimize time:0.15303508970472549
Begin Prob:-27295.13251914591
End Prob:-27292.045739015048
Substitution parameters:[0.2162740316639998, 0.2730289586020341, 0.2771367042399042, 0.23356030549406187, 0.905820732370441]
Trees:
((3:618.0671068687965,4:645.8118793602143):624.0681108755185,(1:776.3555958833028,2:618.2729587614919):624.0681108755185);
(3:618.6128633800156,(1:614.6128153014909,(2:618.0335010388783,4:639.2953350947851):639.2953350947851):639.2953350947851);
(3:0.772142,(2:0.704527,(1:641.5764178564859,4:1.52474):1e-06):0.772142);

Position, Posteriors1, Posteriors2, Posteriors3,
0, 0.374827624269631, 0.3125835370646395, 0.3125888377482021,
1, 0.3820989468638107, 0.3089492765966752, 0.3089517756228623,
2, 0.37470293300833546, 0.31264761998725715, 0.3126494460901603,
3, 0.38433707260819366, 0.30782822235725144, 0.30783470412126085,
4, 0.3859019140001371, 0.3070457914064237, 0.3070522936807436,
5, 0.3685011977763293, 0.3157481574004825, 0.3157506439103369,
6, 0.3677956547385518, 0.3160989608442316, 0.31610538350555306,
7, 0.35781573795843397, 0.32108883770237245, 0.32109542342944614,
8, 0.3197361191553428, 0.3401306929779154, 0.3401331869566934,
9, 0.3037893341110984, 0.3481048553572361, 0.348105809623695,
10, 0.29011063610815113, 0.35494423474250764, 0.35494512824197144,
11, 0.2884813773083875, 0.3557580980818788, 0.3557605237024816,
12, 0.28081364322789054, 0.35959150362937126, 0.3595948522368284,
13, 0.28110103052756197, 0.35944623849507984, 0.35945273007038336,
14, 0.29110803387420436, 0.3544417466368402, 0.354450218583141,
15, 0.3216117421302462, 0.33919107898822687, 0.33919717797412224,
16, 0.3621558266640169, 0.3189184615811342, 0.3189257108474301,
17, 0.3708127187662899, 0.3145919510557762, 0.31459532927105066,
18, 0.3160753441291032, 0.34196143330858275, 0.3419632216540507,
19, 0.29045802712182983, 0.3547704031759092, 0.3547715687961652,
20, 0.2835054320978218, 0.3582462649378579, 0.35824830205731645,
21, 0.27078999749323934, 0.3646026765583389, 0.3646073250395587,
22, 0.26364709158407973, 0.36817371138180843, 0.3681791961262904,
23, 0.259490699840452, 0.3702500956981035, 0.37025920355366126,
24, 0.2612290180968819, 0.3693810409016148, 0.3693899400944754,
25, 0.2708903291037575, 0.3645526867829426, 0.36455698320738283,
26, 0.2927981259354089, 0.3535995277609564, 0.35360234539708596,
27, 0.3364301773936788, 0.33178292915164914, 0.33178689254981486,
28, 0.3501915837377717, 0.32489996319593456, 0.32490845216310893,
29, 0.34447572968659224, 0.3277576975816895, 0.32776657182694413,
30, 0.35449195639621117, 0.32275054605059333, 0.3227574966480016,
31, 0.3265834477854413, 0.33670506743939754, 0.33671148387063365,
32, 0.3263643868042771, 0.33681536359861947, 0.33682024868992455,
33, 0.35722675941903886, 0.3213838591775107, 0.3213893804985724,
34, 0.35105156741652166, 0.324470724245827, 0.3244777074331569,
35, 0.31454118888184013, 0.3427272423590221, 0.34273156785449826,
36, 0.3022859289327565, 0.3488550301751932, 0.34885903998660994,
37, 0.2894933932349575, 0.35525150853883636, 0.3552550973211229,
38, 0.28849853900958394, 0.3557479118735293, 0.355753548210067,
39, 0.30541514471712594, 0.3472909730521881, 0.3472938813249718,
40, 0.3345059793701244, 0.33274467038851485, 0.33274934933397105,
41, 0.33662180917820905, 0.3316889566386798, 0.33168923327562133,
42, 0.3172134361973998, 0.34139349042002765, 0.3413930724758575,
43, 0.30576277801957696, 0.34711853412241345, 0.34711868695148607,
44, 0.31250617661646135, 0.34374588139052287, 0.34374794108522594,
45, 0.3411971299032533, 0.32939860321228204, 0.3294042659773917,
46, 0.3451673698400266, 0.32741456913801253, 0.32741806011598096,
47, 0.32225555721206883, 0.3388703078543344, 0.3388741340255109,
48, 0.3319433784566551, 0.3340251090358074, 0.33403151160087535,
49, 0.3076220954603725, 0.3461863596371125, 0.34619154399719665,
50, 0.3032862232620563, 0.3483535267236813, 0.34836024910979146,
51, 0.3203634339750574, 0.33981582218244155, 0.3398207429389688,
52, 0.34574041354933777, 0.3271282541269736, 0.32713133141971285,
53, 0.3452885923766607, 0.32735378292855793, 0.32735762379006933,
54, 0.3188610184554291, 0.3405657283161177, 0.3405732523250834,
55, 0.3024646216125862, 0.3487643465824746, 0.34877103090036543,
56, 0.3089154091755672, 0.3455380820679458, 0.3455465078506086,
57, 0.31801887750191477, 0.3409868214916496, 0.3409943001012743,
58, 0.35708339303862713, 0.3214570245871742, 0.3214595814678358,
59, 0.32536318175334816, 0.3373185318227873, 0.33731828551883414,
60, 0.2933814947230775, 0.3533073496108127, 0.3533111547603818,
61, 0.2828412299579424, 0.3585783722647244, 0.358580396872204,
62, 0.2821285881122954, 0.35893467420879166, 0.35893673677420296,
63, 0.277205232270982, 0.3613968307204238, 0.36139793610286386,
64, 0.28370543005351756, 0.3581467506037163, 0.3581478184374613,
65, 0.2861807435758028, 0.3569094373399603, 0.3569098181797676,
66, 0.2930066022943879, 0.35349511592925975, 0.3534982808714909,
67, 0.29670453420449255, 0.35164710811555794, 0.3516483567751461,
68, 0.3144600087535794, 0.3427712506598868, 0.34276873968096316,
69, 0.3558414243808159, 0.3220814185660681, 0.3220771561479467,
70, 0.33640361166319355, 0.33180155647789944, 0.3317948309528643,
71, 0.32169293540905275, 0.33915584581552866, 0.3391512178694569,
72, 0.3165481075226296, 0.3417272993599309, 0.341724592210443,
73, 0.33858529880624505, 0.33070791768372604, 0.33070678260343306,
74, 0.33130006574084203, 0.33434944624851126, 0.33435048710194404,
75, 0.33494026063090115, 0.3325308221635402, 0.33252891629729403,
76, 0.3617186463946489, 0.319141827298146, 0.31913952539954094,
77, 0.4358749874430175, 0.2820637800642428, 0.2820612315862913,
78, 0.46389019900913736, 0.2680562928156114, 0.2680535072692586,
79, 0.457424483035859, 0.2712895128062392, 0.2712860032537095,
80, 0.4118349993992143, 0.2940848859138577, 0.2940801137834212,
81, 0.42357727380196547, 0.2882126523078507, 0.2882100729862932,
82, 0.4097735642153853, 0.2951145145190198, 0.2951119203608964,
83, 0.391291977906311, 0.30435516967263454, 0.3043528515166638,
84, 0.36124696675615287, 0.3193774323188175, 0.31937560001920545,
85, 0.37538060125321204, 0.3123104156773517, 0.3123089821640093,
86, 0.4338616825636928, 0.2830692726389394, 0.2830690438926439,
87, 0.4737963688875789, 0.26310194421109717, 0.26310168599644596,
88, 0.4788910377421291, 0.260554236312299, 0.26055472504145705,
89, 0.4622567078691062, 0.2688703162728642, 0.2688729749541985,
90, 0.4542066796238412, 0.27289652235699674, 0.2728967971142416,
91, 0.4549682504005382, 0.2725163429781028, 0.2725154057158279,
92, 0.42729851198132207, 0.2863505116759427, 0.286350975437879,
93, 0.3849799638354795, 0.30750894225156244, 0.30751109300785895,
94, 0.3766846620534828, 0.3116561324698203, 0.3116592045718313,
95, 0.35284428125928957, 0.32357455078157865, 0.323581167056267,
96, 0.31061046052094077, 0.34469209415499513, 0.3446974444183315,
97, 0.2944264525291424, 0.3527832361515231, 0.35279031041313397,
98, 0.2998548326461825, 0.35007057477416564, 0.35007459167368865,
99, 0.3225732349073645, 0.3387124821359691, 0.338714282052477,
100, 0.31084764036625057, 0.3445754495907053, 0.3445769091391673,
101, 0.31990028158542666, 0.34005047280712863, 0.34004924470043835,
102, 0.35898039839888857, 0.320511742385007, 0.32050785831021295,
103, 0.35577783213291064, 0.3221127098708742, 0.3221094570889823,
104, 0.39616081572560646, 0.30192125586472646, 0.30191792750319846,
105, 0.38881791264985976, 0.3055928237524673, 0.30558926269142433,
106, 0.3624365151452246, 0.31878155460969243, 0.3187819293388135,
107, 0.35961415987264017, 0.32019018294031026, 0.32019565628203583,
108, 0.34049587531357495, 0.32974937174469227, 0.32975475203580096,
109, 0.3392134385759361, 0.3303901998827481, 0.33039636063449807,
110, 0.36833903748154484, 0.31582704343094503, 0.3158339181814995,
111, 0.38184561764293035, 0.3090759195735459, 0.3090784618764827,
112, 0.38042223701241057, 0.30978833416522594, 0.3097894279138079,
113, 0.3257178550793344, 0.3371405108507197, 0.3371416331620083,
114, 0.30564513429780854, 0.3471763503045087, 0.3471785144900598,
115, 0.3103705540442466, 0.3448117511666599, 0.3448176938793981,
116, 0.32066510110802776, 0.3396649168275756, 0.33966998115605884,
117, 0.34096252765748103, 0.32951615550826396, 0.32952131592508205,
118, 0.3791263752506712, 0.31043377359253643, 0.3104398502474097,
119, 0.39899048273258964, 0.30050312210239766, 0.30050639425549547,
120, 0.3891634828246951, 0.3054178990955803, 0.30541861716950586,
121, 0.4141544605688876, 0.2929238967108879, 0.2929216418107279,
122, 0.3941797750310168, 0.30291163772053425, 0.30290858633854545,
123, 0.36334739172649705, 0.31832834777068425, 0.31832425959393135,
124, 0.358346147950004, 0.3208304300977455, 0.32082342104516387,
125, 0.365781845528706, 0.31711187535380875, 0.3171062782090856,
126, 0.3531664665516609, 0.32341937702534673, 0.3234141555143753,
127, 0.36069366133827346, 0.31965601587689874, 0.31965032187657727,
128, 0.35496774318093194, 0.32251853704748057, 0.32251371886294855,
129, 0.3256495265036707, 0.33717755655886666, 0.33717291602790617,
130, 0.3160535746845092, 0.3419746044511816, 0.3419718199546512,
131, 0.3223639615490963, 0.3388172841126421, 0.33881875342897483,
132, 0.299794474092933, 0.3501033892265135, 0.35010213577189586,
133, 0.2918002829727453, 0.35409939326208373, 0.35410032285729315,
134, 0.2812180448920144, 0.35938873574036334, 0.35939321846045513,
135, 0.28685672548475677, 0.35657046227631856, 0.3565728113330958,
136, 0.3029278821643012, 0.34853500224004924, 0.34853711468921195,
137, 0.3214869095659063, 0.3392558336242936, 0.3392572559022812,
138, 0.35065445845854415, 0.3246728228265362, 0.3246727178078911,
139, 0.3545489219176698, 0.32272584775023444, 0.3227252294234472,
140, 0.3431223474261926, 0.328437699974165, 0.32843995169229073,
141, 0.3493726087976794, 0.3253140003413492, 0.3253133899533893,
142, 0.3842968589199375, 0.30785173215705486, 0.3078514080144789,
143, 0.36866607828212233, 0.31566543384035733, 0.3156684869687684,
144, 0.32591930648384, 0.33704006150408794, 0.3370406311026867,
145, 0.3156061563346334, 0.34219760002214206, 0.3421962427319371,
146, 0.32103049126693817, 0.3394849334883202, 0.3394845743354658,
147, 0.3367252947485536, 0.3316373107658827, 0.3316373935769199,
148, 0.3559523229465398, 0.32202551286089337, 0.3220221632837243,
149, 0.32835719537949354, 0.33582302002321507, 0.3358197836884067,
150, 0.32592217581760785, 0.337040145320891, 0.3370376779536239,
151, 0.3213433882849297, 0.33933035930046834, 0.339326251507971,
152, 0.3346892469581455, 0.3326572592466324, 0.3326534928881707,
153, 0.3827018664547569, 0.3086511340390833, 0.3086469985996683,
154, 0.36766417526553796, 0.3161705673370375, 0.3161652564911726,
155, 0.32909227244012057, 0.3354554041474305, 0.33545232250404455,
156, 0.31820738248205716, 0.3408972672051716, 0.34089534940576227,
157, 0.3363686736591043, 0.3318161549547039, 0.3318151704802664,
158, 0.32446141062007683, 0.3377689837978097, 0.33776960467479733,
159, 0.3437678637244031, 0.32811402344050944, 0.32811811192819307,
160, 0.3302933031223322, 0.33485221263604115, 0.33485448333496093,
161, 0.33046400661146264, 0.3347680477130333, 0.33476794477060345,
162, 0.35918897157847524, 0.32040619885518157, 0.32040482866124786,
163, 0.37424777090411276, 0.3128758945954076, 0.3128763335962186,
164, 0.3505556526487146, 0.32472089906918256, 0.32472344737915415,
165, 0.36314147565461224, 0.3184259902091404, 0.3184325332331026,
166, 0.34673236253050504, 0.32663080437914016, 0.32663683218788175,
167, 0.34841444413986794, 0.32578839831260004, 0.3257971566439597,
168, 0.32159442552908235, 0.3391984926077334, 0.3392070809599385,
169, 0.31981806902269044, 0.34008671521055783, 0.340095214864605,
170, 0.3271263741850074, 0.33643446151516426, 0.3364391633961736,
171, 0.36597538347313024, 0.31701078662138044, 0.3170138290020231,
172, 0.34493099543833794, 0.3275315248149383, 0.32753747884364715,
173, 0.32980247490243914, 0.3350941589511367, 0.33510336524287454,
174, 0.316289362765744, 0.34184960502014855, 0.34186103131149237,
175, 0.3330832145689307, 0.3334531792257116, 0.3334636053012254,
176, 0.3246265387808695, 0.33768378525925186, 0.33768967505796504,
177, 0.3432630556117525, 0.32836542641666233, 0.3283715170686417,
178, 0.3312264544989079, 0.33438552989021036, 0.3343880147064831,
179, 0.34781129673252076, 0.32609588594018313, 0.3260928164244216,
180, 0.3736419739469957, 0.3131815160941271, 0.313176509055268,
181, 0.33701255311254086, 0.33149783730645527, 0.3314896086791153,
182, 0.30452850432082157, 0.34774056079318205, 0.3477309339843723,
183, 0.29133755363127467, 0.35433564012085444, 0.3543268053469721,
184, 0.29124750870360316, 0.35437883884934573, 0.35437365154504935,
185, 0.31166551833493805, 0.3441683469041107, 0.3441661338598511,
186, 0.34677645828035275, 0.32660998897534915, 0.3266135518440291,
187, 0.3590876431612875, 0.3204547972709308, 0.320457558665221,
188, 0.3811401365928705, 0.3094291894115269, 0.30943067309476735,
189, 0.3396942635621962, 0.33015194668198655, 0.33015378885485114,
190, 0.3139506496422946, 0.34302412426736223, 0.3430252251905271,
191, 0.2951399579132886, 0.35243061953596166, 0.3524294216506895,
192, 0.28855866996517887, 0.355721732716643, 0.35571959641712997,
193, 0.2783865028088201, 0.36080806071476434, 0.3608054355762892,
194, 0.274904817393883, 0.362548867222955, 0.3625463144836138,
195, 0.2819054403842966, 0.35904864567733846, 0.35904591303870353,
196, 0.30422852524171823, 0.3478870055932205, 0.34788446826456987,
197, 0.3383114152951471, 0.33084426770600156, 0.33084431609932863,
198, 0.3898781481568144, 0.3050603071686127, 0.3050615437745855,
199, 0.3911076192801179, 0.30444422628121753, 0.3044481535373866,
200, 0.37740309893805635, 0.3112973138160018, 0.3112995863425686,
201, 0.34755113343548655, 0.32622310920680686, 0.326225756454924,
202, 0.3515077953930456, 0.3242435871415699, 0.3242486165627089,
203, 0.3364323521553947, 0.33178284032107824, 0.33178480662231874,
204, 0.35369979524929185, 0.32314986211601404, 0.32315034173446716,
205, 0.34691404959183797, 0.3265428016305942, 0.32654314787593675,
206, 0.3559749112373963, 0.3220130885322998, 0.3220119993278224,
207, 0.3501934709405378, 0.3249029559029921, 0.32490357225466165,
208, 0.36448705698281453, 0.3177561333041206, 0.31775680880995316,
209, 0.4050122709418348, 0.2974937475501947, 0.29749398060542426,
210, 0.40141807658263573, 0.29928943077247366, 0.29929249174269584,
211, 0.40018546078981226, 0.2999066872539347, 0.2999078510531289,
212, 0.3696459968310366, 0.3151777083526442, 0.3151762939116991,
213, 0.3629934550384448, 0.3185062191174522, 0.31850032494056363,
214, 0.33598291237668765, 0.33201205529707467, 0.3320050314233737,
215, 0.3390897806429826, 0.3304578393687847, 0.33045237908548686,
216, 0.37189631795103617, 0.3140521396665056, 0.3140515414793393,
217, 0.3724051278648006, 0.3137961329887499, 0.3137987382430736,
218, 0.36559356449878877, 0.3172028526692528, 0.31720358192717174,
219, 0.38520814672764275, 0.30739684024308594, 0.3073950121247479,
220, 0.391201335302499, 0.3044013086701792, 0.3043973551241876,
221, 0.42120506834587823, 0.28939791517746877, 0.28939701557278613,
222, 0.4349827386928741, 0.28250846852973527, 0.2825087918744654,
223, 0.4369263005641173, 0.28153670226797073, 0.28153699626666195,
224, 0.3924965898676582, 0.3037510262171629, 0.3037523830123655,
225, 0.382430170232333, 0.3087842861223548, 0.30878554274206294,
226, 0.35766329609594705, 0.32116658565416356, 0.32117011734700124,
227, 0.37082086451766244, 0.3145854399208899, 0.31459369465925907,
228, 0.3600796443701305, 0.3199554118231086, 0.31996494290385286,
229, 0.3731513428096469, 0.31342045503846255, 0.3134282012483616,
230, 0.37107675093666803, 0.31445965933190956, 0.3144635888279759,
231, 0.34417229660540244, 0.3279101802336283, 0.3279175222577584,
232, 0.3543218065196986, 0.32283510534313004, 0.3228430872329529,
233, 0.3463791736362669, 0.3268082468946506, 0.3268125785649616,
234, 0.3579492090452817, 0.3210246532529304, 0.3210261367990963,
235, 0.37868299119832793, 0.31065965800321826, 0.31065734989625565,
236, 0.41970917729492024, 0.29014664121544265, 0.2901441805867143,
237, 0.4138152706186905, 0.2930936076059586, 0.29309112087083317,
238, 0.35769764962549533, 0.3211525608903976, 0.32114978857920645,
239, 0.32603171351597293, 0.33698683568149446, 0.33698144989881434,
240, 0.32249380956540896, 0.3387552413761225, 0.3387509481544589,
241, 0.3442579571775934, 0.32787053983026127, 0.3278715020891767,
242, 0.3334048586805722, 0.33329771366643834, 0.33329742674800855,
243, 0.3562275359612537, 0.32188677408414945, 0.32188568904831627,
244, 0.3560497744758268, 0.3219734963325089, 0.3219767282842138,
245, 0.37581775198530987, 0.31208947387178737, 0.3120927732353006,
246, 0.35733459108636156, 0.3213302848000591, 0.3213351232063635,
247, 0.38351928120065815, 0.3082394889028558, 0.3082412289883271,
248, 0.3964309161689779, 0.3017841700257154, 0.3017849128969444,
249, 0.35384983708190815, 0.3230746109650664, 0.3230755510445488,
250, 0.33286948476102907, 0.33356509226554776, 0.333565422065417,
251, 0.32473105676129477, 0.3376340491445972, 0.3376348931856135,
252, 0.3482023709864752, 0.3258977976266398, 0.3258998304786532,
253, 0.3915291902095404, 0.30423395173548684, 0.30423685714595544,
254, 0.4027965658653264, 0.2985998058390228, 0.29860362738783836,
255, 0.3916952671243982, 0.3041498611097729, 0.3041548708576055,
256, 0.3726725020918019, 0.31366346535779294, 0.313664031641106,
257, 0.3409607642714936, 0.3295205690667963, 0.3295186657516447,
258, 0.34902743288682236, 0.3254884808414173, 0.32548408536246204,
259, 0.3397615177755016, 0.3301217108748793, 0.33011677043973425,
260, 0.3666180047418916, 0.3166942918808238, 0.31668770246775396,
261, 0.353625955640352, 0.3231900770510366, 0.323183966399508,
262, 0.3166412920511976, 0.3416827727029368, 0.34167593433661875,
263, 0.30398867413136504, 0.34800918756858146, 0.34800213739088576,
264, 0.31013864376670225, 0.34493278758573137, 0.3449285677380953,
265, 0.3376599254112991, 0.33117170645605876, 0.3311683672239227,
266, 0.3821176537236138, 0.30894319562571587, 0.30893914974231174,
267, 0.39168418072887456, 0.30415875443124757, 0.3041570639308906,
268, 0.37462997275968707, 0.31268491053249187, 0.3126851157984341,
269, 0.3416738045951115, 0.32916126261130296, 0.3291649318845202,
270, 0.32369943630378617, 0.33814878378851515, 0.33815177899884447,
271, 0.3045943052887354, 0.34770227022214883, 0.3477034235815636,
272, 0.28785756708705273, 0.3560708543486501, 0.35607157765490405,
273, 0.28230826096059075, 0.35884495592142457, 0.3588467822085887,
274, 0.2856575574205695, 0.3571688090964766, 0.3571736325714988,
275, 0.3034078171678008, 0.3482942042886281, 0.3482979776344037,
276, 0.34601430031939195, 0.32699025327813463, 0.32699544549494663,
277, 0.36563246575641645, 0.3171834007172691, 0.31718413261907574,
278, 0.42031613106999544, 0.2898419717291437, 0.28984189629353657,
279, 0.4471909302845424, 0.27640497042307355, 0.2764040983846628,
280, 0.43435586925088604, 0.28282268264611143, 0.2828214471946508,
281, 0.39313433334935904, 0.3034322940915435, 0.30343337165058354,
282, 0.38642933806857876, 0.306784257465892, 0.30678640355655756,
283, 0.3448561998317264, 0.32756975135695077, 0.3275740479012582,
284, 0.32314963890374987, 0.3384247077600885, 0.3384256524263599,
285, 0.31149844516682146, 0.34425241738965395, 0.3442491365325366,
286, 0.3140227260623072, 0.34299124830261, 0.3429860247223369,
287, 0.33997946149649183, 0.3300119155550775, 0.3300086220364008,
288, 0.38177610533788836, 0.3091127209914239, 0.30911117276037736,
289, 0.39469066743105025, 0.3026556209625923, 0.30265371069480956,
290, 0.3596792292289501, 0.32016131515642204, 0.3201594547026982,
291, 0.3491764896234301, 0.3254134713352936, 0.3254100381299033,
292, 0.3582884012911063, 0.3208582172556022, 0.3208533805428858,
293, 0.3533380651961317, 0.3233332087084133, 0.32332872518368344,
294, 0.3845030408265184, 0.3077506488894265, 0.3077463093733152,
295, 0.3565381874122766, 0.32173350791002514, 0.32172830376531614,
296, 0.3677300384570601, 0.31613754937301836, 0.31613241125720026,
297, 0.36009206274609623, 0.31995474855844025, 0.3199531877827446,
298, 0.3728065089999372, 0.3135966971596181, 0.31359679293010995,
299, 0.3675464896114716, 0.3162253523669535, 0.3162281571095583,
300, 0.40534782924117113, 0.2973243844772297, 0.2973277853692469,
301, 0.41430261005936503, 0.2928459364234079, 0.29285145260424517,
302, 0.4294908069347508, 0.28525268088088457, 0.28525651127385726,
303, 0.4151699199930475, 0.29241155954905373, 0.2924185195469956,
304, 0.40777965240400393, 0.2961066632532002, 0.2961136834316621,
305, 0.37963716360851585, 0.31017705898435577, 0.3101857764981688,
306, 0.3397386348354092, 0.33012761343060687, 0.3301337508238609,
307, 0.31353316311908225, 0.34323130340129504, 0.343235532570422,
308, 0.3068382849567582, 0.3465781102392621, 0.3465836038953236,
309, 0.3267376787424441, 0.3366303865127423, 0.33663193383750356,
310, 0.32188253494877356, 0.33905782655466593, 0.33905963758712443,
311, 0.34373677619888343, 0.3281287883572822, 0.32813443453445973,
312, 0.3416950182124335, 0.32915062832055025, 0.32915435255941794,
313, 0.3801411912522762, 0.30992705635294376, 0.3099317514876765,
314, 0.4093204328495499, 0.2953396130635204, 0.2953399531806852,
315, 0.39574976106337234, 0.3021254412359213, 0.30212479679378285,
316, 0.41740301145993836, 0.2912989452703708, 0.291298042363213,
317, 0.4115503170865859, 0.2942261613955975, 0.29422352061013723,
318, 0.3979401753552248, 0.3010317480909219, 0.30102807564806666,
319, 0.3834019987880901, 0.3083003318057179, 0.30829766849840634,
320, 0.33303538707704167, 0.3334836025375884, 0.3334810094793927,
321, 0.31166303802374234, 0.34416961433656656, 0.344167346732562,
322, 0.3089578423408884, 0.34552155091976056, 0.3455206058329732,
323, 0.328040571792016, 0.3359792165947278, 0.33598021070525397,
324, 0.35833204980635586, 0.3208332218682771, 0.3208347274172109,
325, 0.3285839519264097, 0.335706176753147, 0.33570987041222117,
326, 0.3120640411901004, 0.3439650520794067, 0.34397090582380174,
327, 0.3228405704662994, 0.338577993845444, 0.33858143477913993,
328, 0.34151673763279045, 0.329243260505328, 0.3292400009512334,
329, 0.39473074347744186, 0.3026373845850016, 0.3026318710273898,
330, 0.4134153343465897, 0.29329497572496843, 0.2932896890210684,
331, 0.3869030718506356, 0.30655057740168046, 0.3065463498411276,
332, 0.3472074206390778, 0.3263982005496361, 0.3263943779055944,
333, 0.3175039879172421, 0.34124805942662256, 0.341247951750437,
334, 0.3147411568956761, 0.34263030730061245, 0.34262853489782863,
335, 0.3409905236162916, 0.32950637621360485, 0.3295030992623577,
336, 0.34723681804695966, 0.3263827770009241, 0.3263804040457341,
337, 0.39022474175891764, 0.30488831529229576, 0.3048869420408073,
338, 0.4007368390836932, 0.29963262876900715, 0.29963053124041183,
339, 0.3880198285167245, 0.3059919139378762, 0.3059882566372259,
340, 0.37108691920446485, 0.3144581310818449, 0.3144549488050189,
341, 0.4019535346042038, 0.29902486485593194, 0.29902159963291686,
342, 0.37657273192690266, 0.3117154335146474, 0.3117118336495022,
343, 0.39601683920239794, 0.30199356449548403, 0.30198959539414516,
344, 0.4139244581474965, 0.2930389776533337, 0.29303656329283573,
345, 0.4069006797064341, 0.2965511659568981, 0.29654815343044394,
346, 0.3781560862939863, 0.3109242876502131, 0.31091962515062543,
347, 0.36930617348237205, 0.31534865119770855, 0.3153451744141603,
348, 0.3273426612404269, 0.33633119931662625, 0.33632613853737986,
349, 0.3124831789180388, 0.3437600555333281, 0.34375676464553084,
350, 0.3194015347763261, 0.34030001476440036, 0.3402984495555231,
351, 0.3492721162637723, 0.325365211906221, 0.325362670928007,
352, 0.34016046479162765, 0.32991951935195374, 0.3299200149531169,
353, 0.3049784005620869, 0.34751154400579376, 0.3475100545298921,
354, 0.2818717001503981, 0.3590644695161961, 0.3590638294293155,
355, 0.27344570021527476, 0.36327693772381586, 0.36327736115743,
356, 0.27093759100208353, 0.36453182759122327, 0.36453058050254883,
357, 0.27727996080477985, 0.3613613929441577, 0.3613586453474135,
358, 0.2887024359896475, 0.3556504566286802, 0.3556471064778178,
359, 0.31138708864538966, 0.34430839752823367, 0.344304512923201,
360, 0.35577600925414554, 0.3221142698856028, 0.3221097199569226,
361, 0.38537678786441687, 0.30731328270864344, 0.30730992852360756,
362, 0.40233944769224733, 0.29883134758057883, 0.29882920382338996,
363, 0.3870168254913343, 0.30649306546149757, 0.30649010814304706,
364, 0.36730832254197504, 0.31634657283388434, 0.31634510371920777,
365, 0.37472741178098, 0.3126367492090211, 0.31263583810522233,
366, 0.39780538552465744, 0.30109923443103764, 0.3010953791380954,
367, 0.37393834772722917, 0.31303444465707686, 0.3130272067093168,
368, 0.3687166019414449, 0.31564481276714573, 0.31563858438604464,
369, 0.40365106688746466, 0.29817731195037894, 0.2981716202556814,
370, 0.400916923405706, 0.29954370122786794, 0.29953937446081474,
371, 0.38944936055301765, 0.30527717140887317, 0.30527346713320536,
372, 0.36558947970993816, 0.3172066101072279, 0.3172039092779753,
373, 0.38748080051174305, 0.3062606415193794, 0.30625855706310523,
374, 0.39738444298049064, 0.3013082488172961, 0.30130730729676214,
375, 0.3608019265053815, 0.31959750478446064, 0.31960056780550933,
376, 0.34733966010109424, 0.32632691683692405, 0.3263334221587201,
377, 0.31127480041954686, 0.3443603177134213, 0.344364880963519,
378, 0.29988543672971374, 0.35005793447763167, 0.3500566278860123,
379, 0.30496348090238634, 0.34751921484798814, 0.3475173033439401,
380, 0.3018237252113859, 0.3490862002924381, 0.3490900735899347,
381, 0.30100246970851957, 0.3494966356080419, 0.3495008937771266,
382, 0.30218645517989356, 0.3489070891200153, 0.34890645479612425,
383, 0.3268555077657412, 0.3365740846739398, 0.3365704066574584,
384, 0.31589490735020787, 0.3420556347392389, 0.3420494570064513,
385, 0.3021828137481689, 0.34891048435406874, 0.3489067009962184,
386, 0.3058726297867764, 0.34706642396967374, 0.34706094534184007,
387, 0.33575266453324615, 0.3321278132364182, 0.3321195213291945,
388, 0.32273956134820764, 0.3386348835686798, 0.3386255541809079,
389, 0.3367271364790677, 0.33164167535002725, 0.33163118726923363,
390, 0.3797163898263339, 0.3101467856503836, 0.3101368236218639,
391, 0.39359726411491225, 0.30320567077450905, 0.30319706420998693,
392, 0.3923504608801246, 0.30382747423420303, 0.3038220639844152,
393, 0.4252405356839702, 0.2873813531492137, 0.28737811026672544,
394, 0.41156973840601324, 0.29421598742460603, 0.2942142732669809,
395, 0.40160913562485173, 0.2991941566186217, 0.2991967068545971,
396, 0.389307214891321, 0.30534600244401666, 0.3053467817641926,
397, 0.36450764113812045, 0.31774602399299223, 0.3177463339689569,
398, 0.3656861628244489, 0.3171573190316073, 0.31715651724547494,
399, 0.3551488377576415, 0.32242493322221677, 0.3224262281212661,
400, 0.3822491998263223, 0.30887485369036116, 0.30887594558242715,
401, 0.37449031203376315, 0.31275180856015344, 0.3127578785079566,
402, 0.35972565651201166, 0.3201335689247573, 0.3201407736650265,
403, 0.36864978681560207, 0.31567288041396135, 0.3156773318722422,
404, 0.4195334120659191, 0.2902311246263789, 0.2902354624075734,
405, 0.42854259755515706, 0.2857252055335408, 0.28573219601302774,
406, 0.42976264434673667, 0.28511575520071136, 0.2851215995526384,
407, 0.43549816266559405, 0.2822510326797449, 0.28225080375472267,
408, 0.41965201882654213, 0.29017489577944905, 0.2901730844953459,
409, 0.3604058758212935, 0.3197975884981173, 0.3197965347827419,
410, 0.34921797679118133, 0.3253905073829542, 0.3253915149272904,
411, 0.3575283453320138, 0.3212346830462754, 0.3212369707236939,
412, 0.33501514860588366, 0.33249377858021917, 0.33249107191426297,
413, 0.31782439036244037, 0.34108976439560723, 0.34108584434269296,
414, 0.3260152622002042, 0.33699514869640435, 0.3369895882039754,
415, 0.3354832277325397, 0.33226065324669757, 0.3322561181233224,
416, 0.3481658150682175, 0.32591725964025603, 0.3259169243917562,
417, 0.3805755442897232, 0.3097136101613996, 0.3097108446494659,
418, 0.35760030711824575, 0.32120140139597025, 0.3211982905854278,
419, 0.36604840160786634, 0.3169764603281912, 0.3169751371632534,
420, 0.41396781849079156, 0.2930152601447197, 0.2930169204631949,
421, 0.4092731655394326, 0.2953601716591803, 0.29536666189954686,
422, 0.39603391857523407, 0.3019790388097155, 0.30198704171454566,
423, 0.3757202462966812, 0.3121359772630946, 0.3121437755413492,
424, 0.3422822219504986, 0.3288574484904148, 0.3288603286608367,
425, 0.34600175478443573, 0.32699940657407256, 0.32699883774139704,
426, 0.3229370446212435, 0.33853264872600053, 0.3385303057521023,
427, 0.3185658085879796, 0.3407177845569551, 0.3407164059561049,
428, 0.3238664770521141, 0.33806771287643367, 0.338065809171455,
429, 0.3396787117565512, 0.3301614605126692, 0.3301598268332231,
430, 0.31277364740098346, 0.34361487589949885, 0.3436114758007332,
431, 0.3086568586340408, 0.3456742095733387, 0.34566893089511996,
432, 0.30012758224967884, 0.34993832920483514, 0.349934087648562,
433, 0.293046690952762, 0.3534782601634416, 0.35347504798547125,
434, 0.29848600069389314, 0.35075791398023665, 0.3507560844281082,
435, 0.3054042031655846, 0.3472990815203958, 0.3472967144147591,
436, 0.31652707173418787, 0.34173870332864476, 0.34173422403680104,
437, 0.3522423473555918, 0.3238800884017555, 0.32387756334246803,
438, 0.3433542953299356, 0.3283242427128534, 0.3283214610572919,
439, 0.35334838974584176, 0.323327942927356, 0.3233236664252375,
440, 0.332691155474917, 0.33365527301005043, 0.333653570613038,
441, 0.3257910740909648, 0.33710525945686737, 0.33710366554939286,
442, 0.3307964528744916, 0.334603280177311, 0.33460026604702947,
443, 0.36999522203171414, 0.3150048956544026, 0.3149998814114559,
444, 0.3864310022431719, 0.30678625467342907, 0.30678274218069346,
445, 0.43636582999977375, 0.2818180487891681, 0.2818161203092373,
446, 0.4445012651112251, 0.27774940073845134, 0.2777493332477109,
447, 0.4362430127024365, 0.2818775590024593, 0.28187942739179583,
448, 0.4101661272274859, 0.2949151618758209, 0.294918709993476,
449, 0.3704638537251439, 0.31476816152582215, 0.31476798384677823,
450, 0.35738255270429076, 0.3213102442551241, 0.32130720213922714,
451, 0.35748296967217963, 0.321259727548947, 0.32125730187792556,
452, 0.31996894066910353, 0.3400167987679369, 0.3400142596608681,
453, 0.3131379297926486, 0.34343177318838464, 0.3434302961163398,
454, 0.3266981864152457, 0.3366506673924975, 0.33665114528904805,
455, 0.3670939274155088, 0.316451782509484, 0.31645428917208623,
456, 0.37365768021713125, 0.31316908606745175, 0.31317323281420806,
457, 0.40681213086102896, 0.29659301197252375, 0.29659485626500864,
458, 0.396427108284141, 0.3017846768644811, 0.3017882139508585,
459, 0.4202129898306455, 0.28989284324847053, 0.2898941660199933,
460, 0.3958891391168586, 0.30205515053801707, 0.302055709443716,
461, 0.3700399276510073, 0.31497828994156957, 0.3149817815060386,
462, 0.3286598955209821, 0.33566866211613633, 0.3356714414604168,
463, 0.29978648937091296, 0.3501058276406355, 0.3501076820857158,
464, 0.2875872206558768, 0.35620705804079306, 0.3562057203996787,
465, 0.291043246317299, 0.35448058040574043, 0.35447617237269746,
466, 0.3051215484563075, 0.34744278759115815, 0.34743566304836193,
467, 0.33594153124963205, 0.33203265408915494, 0.3320258137565203,
468, 0.34521318927703704, 0.32739617289198125, 0.32739063692487325,
469, 0.3234805904677655, 0.33826011100238706, 0.3382592976223822,
470, 0.3328611341945031, 0.3335674039780686, 0.33357146092097706,
471, 0.30334209444559196, 0.34832734753281874, 0.34833055711684324,
472, 0.2975396832825756, 0.35122797641977477, 0.35123233939139176,
473, 0.308992048536583, 0.3455000349637407, 0.3455079155951103,
474, 0.34421421427250126, 0.32788860812077664, 0.32789717670198043,
475, 0.35805199083176853, 0.32097144210226075, 0.3209765661617319,
476, 0.33491728442745566, 0.33253947726845473, 0.3325432374012985,
477, 0.3264347336905612, 0.33678006158746143, 0.33678520381763005,
478, 0.32910820037829913, 0.33544232538132923, 0.3354494733353714,
479, 0.358400501212838, 0.32079504257874336, 0.3208044553011105,
480, 0.36250530996196145, 0.3187428031730778, 0.3187518859575614,
481, 0.35126301991504133, 0.32436601552984745, 0.3243709636490562,
482, 0.37695573685712824, 0.3115224108909355, 0.31152185134473936,
483, 0.38747096312083146, 0.3062669131045801, 0.30626212286620336,
484, 0.3713319076884569, 0.31433710509538804, 0.31433098630697637,
485, 0.32339222083555164, 0.33830637668681346, 0.3383014015707429,
486, 0.29484957168348264, 0.3525763240292914, 0.3525741033785557,
487, 0.2819920312497426, 0.3590026431484758, 0.35900532469147745,
488, 0.2818382986534037, 0.3590793611693163, 0.35908233926784794,
489, 0.2928223837144579, 0.35358624297134017, 0.35359137240596833,
490, 0.29123483672784745, 0.3543800326096989, 0.35438512975375186,
491, 0.2856036240575761, 0.3571976155194584, 0.35719875951358104,
492, 0.2914679476624344, 0.35426453227414595, 0.35426751915463295,
493, 0.29630074331927536, 0.35184721482292447, 0.3518520409481074,
494, 0.30195102761009285, 0.3490208414990415, 0.3490281299814165,
495, 0.3110774232301413, 0.3444587785242018, 0.34446379733506144,
496, 0.34066618916634356, 0.32966405700512225, 0.32966975291857503,
497, 0.3387440798336447, 0.3306267570261273, 0.33062916223174177,
498, 0.35352326771588977, 0.32323886809337626, 0.323237863282191,
499, 0.34530867232712925, 0.3273473362849204, 0.3273439904778532,
500, 0.3689875055056323, 0.31550708189213217, 0.3155054116934721,
501, 0.34862605939707614, 0.3256873073239426, 0.32568663236905104,
502, 0.36344427508178667, 0.31827917722928234, 0.31827654678074274,
503, 0.3430293550406803, 0.32848807031909016, 0.32848257373358625,
504, 0.35492720954920043, 0.322538782078483, 0.32253400746739735,
505, 0.3476815011000549, 0.32616128750518253, 0.3261572104906452,
506, 0.32269877842756234, 0.33865124074077757, 0.3386499799278586,
507, 0.32186995887591513, 0.33906375493489543, 0.33906628528361626,
508, 0.32773982028530235, 0.33612721908102444, 0.3361329597272615,
509, 0.30655510431649374, 0.34672064463316593, 0.34672425014394914,
510, 0.30566468349547776, 0.34716583392605393, 0.3471694816707304,
511, 0.3061819892170828, 0.34690932975850153, 0.3469086801157092,
512, 0.3009591313975197, 0.3495193106610052, 0.34952155703352816,
513, 0.3186463869098093, 0.34067713857183385, 0.3406764736099648,
514, 0.3596157680275862, 0.32019344400716976, 0.3201907870575052,
515, 0.33518898857951623, 0.33240773778985994, 0.3324032727208465,
516, 0.33888315704882466, 0.3305597181665989, 0.330557123874138,
517, 0.3219580316186189, 0.3390200055999125, 0.3390219618724453,
518, 0.3160744291573209, 0.3419627408321255, 0.3419628291001998,
519, 0.3184745627471826, 0.34076408710908546, 0.34076134923434426,
520, 0.3193817086518843, 0.34031002542508104, 0.34030826501257383,
521, 0.3375888304397669, 0.33120449461440166, 0.33120667403555415,
522, 0.37052921337757627, 0.314732851073121, 0.31473793463802013,
523, 0.3795222031300489, 0.31023726498645154, 0.31024053097208854,
524, 0.3584652705713553, 0.3207659576685154, 0.3207687708493609,
525, 0.36133202445872575, 0.31933266674643895, 0.31933530788446346,
526, 0.38842831107208436, 0.30578344193056745, 0.3057882460888043,
527, 0.3824670577654821, 0.30876257419406594, 0.30877036713361516,
528, 0.36552052052305695, 0.3172366395771965, 0.317242838993019,
529, 0.3750010212693219, 0.31249644102607654, 0.3125025367974798,
530, 0.3533783539126806, 0.3233073194950856, 0.3233143256861962,
531, 0.37632494584535925, 0.31183577606773427, 0.31183927717966065,
532, 0.3623520891759821, 0.3188238090281523, 0.3188241008862862,
533, 0.3937521415906256, 0.3031247395366644, 0.30312311796347774,
534, 0.3688634396902472, 0.31556996308102825, 0.315566596322532,
535, 0.3248618644409366, 0.33757179905284806, 0.33756633559810173,
536, 0.30678918316352394, 0.346607333276799, 0.3466034826540669,
537, 0.2899316576294957, 0.355036682797834, 0.3550316586669984,
538, 0.28661943390759, 0.3566927821118963, 0.356687783075352,
539, 0.3004399870969773, 0.3497826728909868, 0.3497773391061137,
540, 0.33295691533114363, 0.33352477413842174, 0.33351830962441414,
541, 0.3351127964103317, 0.3324457208465684, 0.3324414818366697,
542, 0.35256069306993315, 0.32372177920192097, 0.32371752682077765,
543, 0.3540311925852771, 0.32298557228061736, 0.3229832342260953,
544, 0.3288977603989794, 0.33555082974082573, 0.3355514089530019,
545, 0.31622937089057246, 0.3418839616012496, 0.3418866666003426,
546, 0.3339871855569156, 0.3330030546782517, 0.33300975885648837,
547, 0.3106398581141199, 0.3446774774563867, 0.3446826635190121,
548, 0.30773225382653896, 0.34613116056699733, 0.34613658469532194,
549, 0.3310501790685127, 0.33447083350471885, 0.3344789865168445,
550, 0.3173920469796698, 0.3413004391218145, 0.34130751298864365,
551, 0.31182671203960616, 0.34408170090443707, 0.3440915861465998,
552, 0.3102219636440534, 0.3448838192505641, 0.3448942161941106,
553, 0.3352615926957701, 0.33236529673154, 0.3323731096619002,
554, 0.33122475427124304, 0.3343827819670045, 0.33439246285191065,
555, 0.3634264640136944, 0.31828283638756893, 0.3182906986875492,
556, 0.3783907518053184, 0.3108039308064623, 0.3108053164778278,
557, 0.3708928384937171, 0.3145530279115689, 0.31455413268644217,
558, 0.37889938251594096, 0.3105516009994722, 0.3105490155761641,
559, 0.379612779009411, 0.31019548165460376, 0.31019173842722925,
560, 0.36598361075567, 0.3170106757740345, 0.317005712560557,
561, 0.329752660780605, 0.3351268147779925, 0.3351205235317664,
562, 0.3228133078478566, 0.3385968017635273, 0.3385898894794996,
563, 0.3343483270263093, 0.33282911385987807, 0.33282255820528767,
564, 0.3761788565257191, 0.3119142085994053, 0.3119069339652338,
565, 0.3649193822201073, 0.31754419986714577, 0.31753641700212654,
566, 0.3292052481569498, 0.3354002975825014, 0.335394453349768,
567, 0.3215660667074511, 0.3392170837411893, 0.3392168486408652,
568, 0.32348867873848475, 0.3382539601904247, 0.3382573601594629,
569, 0.3358807427040346, 0.3320588352076062, 0.3320604211764762,
570, 0.3141808830535846, 0.34290655233496403, 0.34291256369955897,
571, 0.32063897258813107, 0.33967754520019655, 0.33968348130076853,
572, 0.3525947915119066, 0.32370026986316225, 0.3237049377119199,
573, 0.31568164863609594, 0.3421560362713486, 0.34216231417822446,
574, 0.3091099200828235, 0.34544355596941234, 0.34544652303538426,
575, 0.32300077281955364, 0.3384987712719443, 0.33850045499523873,
576, 0.3471405585523138, 0.3264301688314343, 0.3264292717022016,
577, 0.3316029660973107, 0.334197914041879, 0.3341991189492885,
578, 0.3302404093520562, 0.33487813973438607, 0.3348814500003133,
579, 0.35795176316541827, 0.3210224213165225, 0.32102581460395835,
580, 0.3197647616286539, 0.34011450914870606, 0.3401207283100711,
581, 0.3135324913030443, 0.34323168168179097, 0.34323582610109715,
582, 0.3147185221188056, 0.3426392119868622, 0.34264226497798,
583, 0.3313395722815126, 0.334327036930747, 0.33433338987104416,
584, 0.36155081664919414, 0.31922196426948046, 0.3192272181658278,
585, 0.362269452229911, 0.3188657031991641, 0.3188648436565205,
586, 0.4012626298914639, 0.2993697390697108, 0.2993676301239008,
587, 0.394971969160553, 0.302514551497368, 0.3025134784272605,
588, 0.3782613399103548, 0.31086899452524475, 0.31086966465008165,
589, 0.3777337172013878, 0.3111326066423988, 0.3111336752448239,
590, 0.3465911649228695, 0.326703441961047, 0.32670539220325706,
591, 0.3518833895779556, 0.32405612650578264, 0.32406048300229784,
592, 0.31841429903166757, 0.3407892735885804, 0.3407964264656711,
593, 0.31492453484717536, 0.34253481063139724, 0.3425406536084585,
594, 0.3185485177151755, 0.34072298890836433, 0.3407284924630511,
595, 0.35026913853238717, 0.3248616707172323, 0.32486918983616164,
596, 0.36033917228918955, 0.3198281340049358, 0.31983269279471144,
