Optimize time:4.1063326503170865
Begin Prob:-27256.22756842383
End Prob:-26787.66671984413
Substitution parameters back:[0.1495798135599048, 0.3050090190572353, 0.09744761920568834, 0.4479635481771716, 3.5832224853575227]
Substitution parameters hot:[0.3876182544328856, 0.10206355996683326, 0.320662076509797, 0.18965610909048417, 8.672663696697656]
Transition parameters:[0.7728350009734785, 0.09901940564667178, 0.49091873292270466]
hscale parameters:71.11218931743753
Trees:
((3:763.6229571570835,4:763.9322585681878):760.5549493090091,(1:725.861629290322,2:763.9322585681878):763.9322585681878);
(2:763.9367380831889,(3:763.9297476705968,(1:763.9322585681878,4:763.9322051235581):763.1248571229695):763.7567897123113);
(2:764.1314935195945,(4:763.9322585681878,(1:763.9322585681878,3:758.4091534438521):763.9322585681878):763.9322585681878);
((3:54302.90029649601,4:54324.8953969986):54084.72754157636,(1:51617.60960035703,2:54324.8953969986):54324.8953969986);
(2:54325.213945117415,(3:54324.71684157376,(1:54324.8953969986,4:54324.89159643398):54267.47931257107):54312.4174225002);
(2:54339.06343058169,(4:54324.8953969986,(1:54324.8953969986,3:53932.13529977674):54324.8953969986):54324.8953969986);

Position, Posteriors1, Posteriors2, Posteriors3, Posteriors4, Posteriors5, Posteriors6,
0, 0.13132011555397563, 0.13132011555397563, 0.13132011555397563, 0.20201321753671264, 0.20201321754038723, 0.20201321753744755,
1, 0.15321131788060988, 0.15321131788060988, 0.15321131788060988, 0.18012201521062715, 0.18012201521324825, 0.18012201521128243,
2, 0.32656112410796717, 0.32656112410796717, 0.32656112410796717, 0.006772208984289276, 0.006772208984338551, 0.006772208984264639,
3, 0.034029865886234155, 0.034029865886234155, 0.034029865886234155, 0.2993034672033808, 0.2993034672088251, 0.2993034672033808,
4, 0.2887012969372101, 0.2887012969372101, 0.2887012969372101, 0.044632036154564306, 0.044632036155376156, 0.044632036154726676,
5, 0.3250415120043302, 0.3250415120043302, 0.3250415120043302, 0.008291821087833176, 0.008291821087984003, 0.008291821087863341,
6, 0.025874855613792744, 0.025874855613792744, 0.025874855613792744, 0.30745847747830596, 0.307458477480543, 0.3074584774771874,
7, 0.006779810774097773, 0.006779810774097773, 0.006779810774097773, 0.32655352231760676, 0.32655352231998275, 0.32655352231760676,
8, 0.004219456244097285, 0.004219456244097285, 0.004219456244097285, 0.3291138768482103, 0.32911387685060495, 0.32911387684701304,
9, 0.004242168610051349, 0.004242168610051349, 0.004242168610051349, 0.3290911644803866, 0.3290911644839783, 0.3290911644815838,
10, 0.030975157126642217, 0.030975157126642217, 0.030975157126642217, 0.3023581759634584, 0.3023581759678583, 0.3023581759634584,
11, 0.1317549052468954, 0.1317549052468954, 0.1317549052468954, 0.2015784278441376, 0.20157842784633762, 0.2015784278441376,
12, 0.2974492354410978, 0.2974492354410978, 0.2974492354410978, 0.035884097650390204, 0.03588409765091239, 0.035884097650390204,
13, 0.28823066350740556, 0.28823066350740556, 0.28823066350740556, 0.045102669584465446, 0.04510266958495769, 0.04510266958462953,
14, 0.0060008119804407295, 0.0060008119804407295, 0.0060008119804407295, 0.32733252111085737, 0.3273325211156207, 0.32733252111085737,
15, 0.2646702950981368, 0.2646702950981368, 0.2646702950981368, 0.06866303799418817, 0.06866303799493756, 0.06866303799443796,
16, 0.1542011908284002, 0.1542011908284002, 0.1542011908284002, 0.1791321422630815, 0.17913214226568822, 0.17913214226242982,
17, 0.26464171331068215, 0.26464171330971936, 0.26464171331068215, 0.06869161978114484, 0.06869161978189454, 0.06869161978114484,
18, 0.0035446284918279457, 0.0035446284918150502, 0.0035446284918150502, 0.32978870459834186, 0.32978870460194115, 0.32978870459834186,
19, 0.03085480529578205, 0.030854805295669804, 0.030854805295669804, 0.3024785277952, 0.3024785277974008, 0.3024785277952,
20, 0.11292998665358209, 0.11292998665317125, 0.11292998665317125, 0.22040334643632348, 0.22040334644033258, 0.22040334643632348,
21, 0.2761580552004921, 0.2761580552004921, 0.2761580552004921, 0.057175277890545405, 0.05717527789096141, 0.057175277890337405,
22, 0.0028673292478684923, 0.0028673292478684923, 0.0028673292478684923, 0.33046600384208596, 0.33046600384569264, 0.33046600384328817,
23, 0.13141856726302853, 0.13141856726302853, 0.13141856726302853, 0.20191476582710058, 0.20191476582930426, 0.20191476582636603,
24, 0.32322099938725946, 0.32322099938725946, 0.32322099938725946, 0.010112333703557562, 0.010112333703667927, 0.010112333703520774,
25, 0.32679631578251905, 0.32679631578251905, 0.32679631578251905, 0.006537017308442081, 0.006537017308537207, 0.006537017308442081,
26, 0.026747542464441606, 0.026747542464441606, 0.026747542464441606, 0.3065857906258286, 0.30658579063028996, 0.3065857906258286,
27, 0.1679613876907358, 0.1679613876907358, 0.1679613876907358, 0.16537194540053626, 0.1653719454017395, 0.16537194540053626,
28, 0.14915031946200188, 0.14915031946200188, 0.14915031946200188, 0.1841830136294039, 0.1841830136320841, 0.1841830136294039,
29, 0.04750073244809535, 0.04750073244809535, 0.04750073244809535, 0.2858326006426888, 0.28583260064580834, 0.2858326006426888,
30, 0.03067828424691837, 0.03067828424691837, 0.03067828424691837, 0.3026550488440823, 0.30265504884628436, 0.3026550488440823,
31, 0.04002605053465504, 0.04002605053465504, 0.04002605053465504, 0.2933072825560768, 0.29330728255927796, 0.2933072825560768,
32, 0.3263883282062497, 0.3263883282062497, 0.3263883282062497, 0.0069450048856147945, 0.006945004885665326, 0.00694500488564006,
33, 0.027335597060567852, 0.027335597060468408, 0.027335597060468408, 0.3059977360291247, 0.30599773603469077, 0.3059977360280115,
34, 0.2780918737197463, 0.2780918737197463, 0.2780918737197463, 0.05524145936995222, 0.05524145937055512, 0.055241459370153186,
35, 0.2782099358261592, 0.2782099358261592, 0.2782099358261592, 0.055123397263235174, 0.055123397264037324, 0.05512339726303463,
36, 0.03945475759861547, 0.03945475759861547, 0.03945475759861547, 0.29387857549023416, 0.2938785754923724, 0.29387857549023416,
37, 0.003574603565241897, 0.003574603565228893, 0.003574603565228893, 0.32975872952404295, 0.3297587295276419, 0.32975872952404295,
38, 0.295591307554691, 0.2955913075536156, 0.2955913075536156, 0.037742025536992546, 0.03774202553726715, 0.037742025536992546,
39, 0.15511802205013575, 0.15511802204957142, 0.15511802204957142, 0.1782153110406358, 0.17821531104322916, 0.1782153110406358,
40, 0.26786027186154027, 0.26786027186154027, 0.26786027186154027, 0.06547306122926996, 0.06547306122998453, 0.06547306122926996,
41, 0.2792283838884621, 0.2792283838884621, 0.2792283838884621, 0.05410494920115133, 0.05410494920193866, 0.05410494920134816,
42, 0.13662920558579436, 0.13662920558579436, 0.13662920558579436, 0.19670412750439126, 0.1967041275065381, 0.19670412750367566,
43, 0.32826614733781084, 0.3282661473366166, 0.32826614733781084, 0.005067185753277593, 0.005067185753314461, 0.005067185753277593,
44, 0.32507949974668077, 0.32507949974668077, 0.32507949974668077, 0.00825383334332682, 0.008253833343416903, 0.00825383334332682,
45, 0.006126905989230844, 0.006126905989230844, 0.006126905989230844, 0.32720642709928144, 0.3272064271040429, 0.32720642709928144,
46, 0.32775469399426804, 0.32775469399426804, 0.32775469399426804, 0.005578639095964164, 0.00557863909602505, 0.00557863909598446,
47, 0.00452119098298739, 0.00452119098298739, 0.00452119098298739, 0.3288121421061451, 0.32881214210973375, 0.3288121421049489,
48, 0.004389529006801165, 0.004389529006801165, 0.004389529006801165, 0.3289438040816725, 0.3289438040852626, 0.32894380408286916,
49, 0.18749598550955476, 0.18749598550955476, 0.18749598550955476, 0.14583734757897135, 0.145837347580563, 0.14583734757897135,
50, 0.17407548593481778, 0.17407548593481778, 0.17407548593481778, 0.15925784715412328, 0.15925784715586142, 0.1592578471535439,
51, 0.32535908065443087, 0.32535908065443087, 0.32535908065443087, 0.007974252435006757, 0.007974252435151808, 0.007974252435035767,
52, 0.32513488560017145, 0.3251348855989886, 0.32513488560017145, 0.008198447489262415, 0.008198447489381717, 0.008198447489262415,
53, 0.041842712109112626, 0.041842712109112626, 0.041842712109112626, 0.2914906209787465, 0.2914906209840487, 0.2914906209787465,
54, 0.26332103689886444, 0.26332103689886444, 0.26332103689886444, 0.07001229619036001, 0.0700122961908694, 0.0700122961901053,
55, 0.004606458659848578, 0.004606458659848578, 0.004606458659848578, 0.3287268744287587, 0.3287268744323464, 0.32872687442756277,
56, 0.1512235012523546, 0.1512235012523546, 0.1512235012523546, 0.18210983183618945, 0.182109831838177, 0.18210983183618945,
57, 0.32654066611835136, 0.32654066611835136, 0.32654066611835136, 0.0067926669710808565, 0.006792666971154992, 0.0067926669710808565,
58, 0.021527230920198544, 0.021527230920198544, 0.021527230920198544, 0.3118061021680752, 0.3118061021726126, 0.3118061021680752,
59, 0.19052910878461374, 0.19052910878461374, 0.19052910878461374, 0.14280422430404846, 0.14280422430612655, 0.142804224304568,
60, 0.3267255634290848, 0.3267255634290848, 0.3267255634290848, 0.006607769660048118, 0.006607769660144274, 0.006607769660048118,
61, 0.11331324130329304, 0.11331324130329304, 0.11331324130329304, 0.22002009178454568, 0.22002009178694695, 0.22002009178454568,
62, 0.004571521710241478, 0.004571521710224847, 0.004571521710224847, 0.3287618113766999, 0.328761811380288, 0.3287618113766999,
63, 0.26613701741186807, 0.26613701741089985, 0.26613701741089985, 0.06719631567719887, 0.06719631567817672, 0.06719631567744333,
64, 0.27922938101377975, 0.2792293810127639, 0.2792293810127639, 0.05410395207518424, 0.054103952075774724, 0.05410395207498741,
65, 0.15521697941071433, 0.15521697941014967, 0.15521697941014967, 0.1781163536768855, 0.1781163536801254, 0.1781163536768855,
66, 0.2897047037861085, 0.2897047037850546, 0.2897047037850546, 0.043628629303070286, 0.04362862930370516, 0.043628629303070286,
67, 0.32549485383040927, 0.32549485382922516, 0.32549485382922516, 0.007838479258660372, 0.007838479258774437, 0.007838479258631854,
68, 0.2897109546584861, 0.2897109546574322, 0.2897109546574322, 0.04362237842909144, 0.04362237842956753, 0.04362237842909144,
69, 0.15597489121581964, 0.1559748912152522, 0.1559748912152522, 0.17735844187053465, 0.1773584418737608, 0.17735844187117988,
70, 0.30451486968498476, 0.3045148696838769, 0.3045148696838769, 0.02881846340339596, 0.028818463403815324, 0.02881846340339596,
71, 0.2985077035414535, 0.2985077035392816, 0.29850770354036754, 0.03482562954701618, 0.03482562954764966, 0.03482562954701618,
72, 0.26802450042479425, 0.2680245004238192, 0.2680245004238192, 0.06530883266251228, 0.06530883266346264, 0.06530883266251228,
73, 0.14985458880279376, 0.1498545888022486, 0.1498545888022486, 0.18347874428407587, 0.18347874428607835, 0.18347874428407587,
74, 0.0035490013247877423, 0.0035490013247877423, 0.0035490013247877423, 0.32978433176113936, 0.3297843317647386, 0.3297843317623391,
75, 0.14841275662329706, 0.14841275662329706, 0.14841275662329706, 0.18492057646327995, 0.18492057646529814, 0.18492057646395266,
76, 0.17095219275811796, 0.170952192757496, 0.17095219275811796, 0.16238114032963924, 0.16238114033141146, 0.16238114032963924,
77, 0.19229481419223204, 0.19229481419223204, 0.19229481419223204, 0.14103851889546565, 0.14103851889751803, 0.14103851889546565,
78, 0.27726812410991464, 0.27726812410890594, 0.27726812410991464, 0.056065208978988396, 0.05606520897960029, 0.056065208978988396,
79, 0.03267758066109789, 0.03267758066109789, 0.03267758066109789, 0.3006557524268394, 0.3006557524301207, 0.3006557524257456,
80, 0.1289156989119221, 0.1289156989119221, 0.1289156989119221, 0.2044176341763338, 0.20441763417782113, 0.20441763417707745,
81, 0.13121496417594145, 0.13121496417546408, 0.13121496417546408, 0.20211836891171175, 0.20211836891465296, 0.20211836891244706,
82, 0.16760714215941075, 0.16760714215941075, 0.16760714215941075, 0.16572619092902147, 0.16572619093022728, 0.16572619092902147,
83, 0.0251740896296771, 0.0251740896296771, 0.0251740896296771, 0.3081592434577452, 0.30815924346110846, 0.3081592434577452,
84, 0.02496755884753081, 0.02496755884753081, 0.02496755884753081, 0.3083657742410657, 0.30836577424218753, 0.3083657742399439,
85, 0.12666168285807045, 0.12666168285760965, 0.12666168285760965, 0.20667165023014578, 0.20667165023240136, 0.20667165023014578,
86, 0.024867145281607547, 0.024867145281607547, 0.024867145281607547, 0.3084661878059516, 0.3084661878093181, 0.3084661878059516,
87, 0.005742608924399013, 0.0057426089243781215, 0.005742608924399013, 0.32759072416327306, 0.32759072416684837, 0.32759072416327306,
88, 0.3247623250976899, 0.3247623250965084, 0.3247623250976899, 0.008571007990451197, 0.008571007990575922, 0.008571007990482377,
89, 0.1538416653095381, 0.15384166530897841, 0.1538416653095381, 0.1794916677782104, 0.17949166778082237, 0.1794916677782104,
90, 0.16802644179911688, 0.1680264417985056, 0.16802644179911688, 0.1653068912896313, 0.16530689129143544, 0.1653068912896313,
91, 0.025637889618918733, 0.025637889618825464, 0.025637889618825464, 0.30769544346857386, 0.30769544347193206, 0.30769544346857386,
92, 0.11362835028645012, 0.11362835028645012, 0.11362835028645012, 0.2197049828001934, 0.21970498280418982, 0.21970498280099268,
93, 0.32473608662231673, 0.32473608662231673, 0.32473608662231673, 0.008597246466094662, 0.008597246466157215, 0.008597246466063385,
94, 0.032065996542730985, 0.03206599654261433, 0.032065996542730985, 0.3012673365435203, 0.30126733654790433, 0.3012673365435203,
95, 0.005394401496553727, 0.005394401496553727, 0.005394401496553727, 0.327938931591095, 0.3279389315934811, 0.32793893158990195,
96, 0.024964638054169912, 0.024964638054169912, 0.024964638054169912, 0.3083686950332116, 0.3083686950365771, 0.3083686950332116,
97, 0.14631821299297104, 0.14631821299297104, 0.14631821299297104, 0.18701512009561272, 0.1870151200962931, 0.18701512009493237,
98, 0.03278750649682061, 0.03278750649682061, 0.03278750649682061, 0.30054582659014095, 0.3005458265945145, 0.30054582659014095,
99, 0.2768600378616982, 0.2768600378616982, 0.2768600378616982, 0.05647329522614533, 0.056473295226350785, 0.056473295225939885,
100, 0.1354415234197041, 0.1354415234197041, 0.1354415234197041, 0.1978918096667476, 0.1978918096689074, 0.19789180966602768,
101, 0.2793356744577529, 0.2793356744577529, 0.2793356744577529, 0.053997658628328844, 0.05399765862911461, 0.053997658628328844,
102, 0.279726989566294, 0.279726989566294, 0.279726989566294, 0.053606343520378956, 0.05360634352096401, 0.053606343520378956,
103, 0.17570934805464872, 0.17570934805464872, 0.17570934805464872, 0.157623985030687, 0.1576239850324073, 0.157623985030687,
104, 0.3232496449164574, 0.3232496449164574, 0.3232496449164574, 0.010083688169212674, 0.01008368816935941, 0.010083688169212674,
105, 0.29696218007034775, 0.29696218007034775, 0.29696218007034775, 0.03637115301378923, 0.03637115301392155, 0.03637115301365691,
106, 0.04197319956095848, 0.04197319956095848, 0.04197319956095848, 0.29136013352087864, 0.29136013352723844, 0.2913601335219386,
107, 0.3251345837505826, 0.3251345837505826, 0.3251345837505826, 0.008198749333483916, 0.008198749333603223, 0.008198749333454089,
108, 0.32506850589387687, 0.32506850589387687, 0.32506850589387687, 0.008264827189562554, 0.008264827189652756, 0.008264827189562554,
109, 0.0029997341272589304, 0.0029997341272480172, 0.0029997341272589304, 0.33033359895437786, 0.3303335989603866, 0.33033359895437786,
110, 0.2944844781282603, 0.2944844781282603, 0.2944844781282603, 0.03884885495576466, 0.03884885495604732, 0.03884885495576466,
111, 0.0036318398749651394, 0.0036318398749651394, 0.0036318398749651394, 0.3297014932082203, 0.32970149321181863, 0.32970149320702086,
112, 0.1127915328708138, 0.1127915328708138, 0.1127915328708138, 0.22054180021242484, 0.22054180021483183, 0.22054180021242484,
113, 0.2953126284501478, 0.2953126284490734, 0.2953126284501478, 0.038020704635124934, 0.038020704635401574, 0.038020704635124934,
114, 0.007689397515994392, 0.007689397515994392, 0.007689397515994392, 0.32564393556828114, 0.3256439355718352, 0.3256439355670965,
115, 0.32470087133685954, 0.32470087133685954, 0.32470087133685954, 0.008632461748005926, 0.00863246174810014, 0.008632461748005926,
116, 0.11807367061141616, 0.11807367061141616, 0.11807367061141616, 0.21525966247206, 0.21525966247519243, 0.2152596624712769,
117, 0.2954151816161929, 0.2954151816161929, 0.2954151816161929, 0.03791815146800051, 0.0379181514682764, 0.03791815146800051,
118, 0.03375370372623569, 0.033753703726112895, 0.033753703726112895, 0.2995796293569261, 0.29957962936128557, 0.2995796293569261,
119, 0.27722686393430146, 0.27722686393430146, 0.27722686393430146, 0.05610646915016964, 0.05610646915078198, 0.05610646915016964,
120, 0.17054569041504963, 0.17054569041504963, 0.17054569041504963, 0.16278764266907428, 0.16278764267025872, 0.16278764266907428,
121, 0.04100510752115698, 0.0410051075210078, 0.0410051075210078, 0.29232822556210175, 0.2923282255663557, 0.29232822556210175,
122, 0.3279445042829076, 0.3279445042829076, 0.3279445042829076, 0.0053888288019842984, 0.005388828802043112, 0.0053888288019842984,
123, 0.1348029598658958, 0.1348029598658958, 0.1348029598658958, 0.19853037321860997, 0.1985303732207767, 0.19853037321860997,
124, 0.19183268117672608, 0.19183268117672608, 0.19183268117672608, 0.141500651907054, 0.1415006519091131, 0.14150065190756878,
125, 0.28731134099259875, 0.28731134099259875, 0.28731134099259875, 0.046021992091243455, 0.04602199209191316, 0.046021992091410883,
126, 0.005671218183607989, 0.005671218183607989, 0.005671218183607989, 0.3276621148991137, 0.32766211490268976, 0.3276621148991137,
127, 0.0035422287138250808, 0.0035422287138121944, 0.0035422287138121944, 0.3297911043684636, 0.32979110437206294, 0.3297911043684636,
128, 0.28804110567370084, 0.28804110567370084, 0.28804110567370084, 0.045292227410093734, 0.045292227410752825, 0.04529222741025851,
129, 0.27796059252516053, 0.27796059252516053, 0.27796059252516053, 0.055372740557879066, 0.0553727405584834, 0.05537274055808051,
130, 0.003763611206097933, 0.003763611206084241, 0.003763611206084241, 0.3295697218750913, 0.3295697218798872, 0.3295697218750913,
131, 0.29574484874569107, 0.29574484874461515, 0.29574484874461515, 0.03758848433837582, 0.03758848433878606, 0.037588484338512564,
132, 0.17602856881591844, 0.17602856881527806, 0.17602856881527806, 0.15730476426853754, 0.15730476427082662, 0.15730476426796527,
133, 0.3248390174993033, 0.3248390174981215, 0.3248390174981215, 0.008494315585831, 0.008494315585923708, 0.008494315585831,
134, 0.026527593698066964, 0.026527593697970458, 0.026527593697970458, 0.3068057393855573, 0.30680573938890576, 0.3068057393855573,
135, 0.1288088103541122, 0.1288088103536436, 0.1288088103536436, 0.20452452273053887, 0.20452452273202698, 0.2045245227297948,
136, 0.14785397371493234, 0.14785397371493234, 0.14785397371493234, 0.18547935936883708, 0.18547935937086138, 0.18547935936883708,
137, 0.031147050895485945, 0.031147050895485945, 0.031147050895485945, 0.30218628218875315, 0.3021862821898525, 0.30218628218655447,
138, 0.03201086564643511, 0.03201086564643511, 0.03201086564643511, 0.30132246743585167, 0.3013224674391403, 0.3013224674369479,
139, 0.2886885293316166, 0.2886885293316166, 0.2886885293316166, 0.044644803752934496, 0.044644803753421745, 0.044644803753096915,
140, 0.32549104500104176, 0.32549104500104176, 0.32549104500104176, 0.00784228808402325, 0.007842288084137368, 0.00784228808402325,
141, 0.2885018256665129, 0.28850182566546334, 0.28850182566546334, 0.04483150741860034, 0.04483150741908963, 0.04483150741876344,
142, 0.02645479947541392, 0.02645479947541392, 0.02645479947541392, 0.3068785336094199, 0.3068785336127692, 0.3068785336083035,
143, 0.15042485032061534, 0.15042485032061534, 0.15042485032061534, 0.1829084827642594, 0.18290848276625565, 0.1829084827642594,
144, 0.2767852747009924, 0.2767852747009924, 0.2767852747009924, 0.05654805838551342, 0.05654805838613058, 0.05654805838551342,
145, 0.027114689344067903, 0.027114689344067903, 0.027114689344067903, 0.30621864374150104, 0.30621864374595714, 0.30621864374150104,
146, 0.28611512895598623, 0.28611512895598623, 0.28611512895598623, 0.047218204131076545, 0.047218204131420104, 0.047218204131076545,
147, 0.03264251224454076, 0.03264251224454076, 0.03264251224454076, 0.30069082084120036, 0.30069082084557597, 0.30069082084120036,
148, 0.13144837617475613, 0.13144837617475613, 0.13144837617475613, 0.20188495691235148, 0.20188495691382038, 0.20188495691235148,
149, 0.2780004917630317, 0.2780004917630317, 0.2780004917630317, 0.05533284132332476, 0.05533284132412997, 0.05533284132332476,
150, 0.15053011378212908, 0.15053011378212908, 0.15053011378212908, 0.18280321930334079, 0.1828032193060009, 0.18280321930334079,
151, 0.03108191885585961, 0.03108191885585961, 0.03108191885585961, 0.3022514142292642, 0.3022514142314634, 0.3022514142281646,
152, 0.00283439957210964, 0.00283439957210964, 0.00283439957210964, 0.33049893351241616, 0.3304989335160232, 0.3304989335136185,
153, 0.3263004818474799, 0.3263004818474799, 0.3263004818474799, 0.0070328512381172825, 0.007032851238142868, 0.0070328512381172825,
154, 0.0037870927206451, 0.0037870927206451, 0.0037870927206451, 0.3295462403628441, 0.32954624036883845, 0.3295462403628441,
155, 0.27717175545509254, 0.27717175545509254, 0.27717175545509254, 0.05616157762960946, 0.05616157763001809, 0.05616157762960946,
156, 0.19440459231327956, 0.19440459231327956, 0.19440459231327956, 0.13892874077105646, 0.13892874077307812, 0.13892874077105646,
157, 0.2900280234570059, 0.2900280234570059, 0.2900280234570059, 0.04330530962681376, 0.04330530962728639, 0.04330530962681376,
158, 0.32550909863858524, 0.32550909863858524, 0.32550909863858524, 0.007824234445723792, 0.00782423444583765, 0.007824234445723792,
159, 0.2977116778059053, 0.2977116778059053, 0.2977116778059053, 0.03562165527680417, 0.035621655277322535, 0.03562165527693376,
160, 0.13129873276642595, 0.13129873276642595, 0.13129873276642595, 0.20203460031557832, 0.2020346003185183, 0.20203460031557832,
161, 0.004601206232980097, 0.004601206232980097, 0.004601206232980097, 0.3287321268481535, 0.3287321268529372, 0.3287321268481535,
162, 0.2783692060659209, 0.2783692060659209, 0.2783692060659209, 0.05496412701682951, 0.054964127017629344, 0.05496412701702947,
163, 0.32713773674909585, 0.32713773674909585, 0.32713773674909585, 0.006195596333264976, 0.006195596333332594, 0.0061955963332424365,
164, 0.3232700872696338, 0.3232700872696338, 0.3232700872696338, 0.010063245813401032, 0.010063245813547473, 0.010063245813437642,
165, 0.15420637941687956, 0.15420637941687956, 0.15420637941687956, 0.17912695366466408, 0.1791269536659674, 0.17912695366401243,
166, 0.18971589874814823, 0.18971589874814823, 0.18971589874814823, 0.14361743433250415, 0.14361743433459406, 0.14361743433250415,
167, 0.14906616571637715, 0.14906616571637715, 0.14906616571637715, 0.1842671673658547, 0.18426716736719542, 0.1842671673658547,
168, 0.021135929294900244, 0.021135929294900244, 0.021135929294900244, 0.31219740378604205, 0.31219740379058514, 0.31219740378604205,
169, 0.27678378098155637, 0.27678378098155637, 0.27678378098155637, 0.05654955210041526, 0.05654955210103244, 0.056549552100620994,
170, 0.15614681888396054, 0.15614681888396054, 0.15614681888396054, 0.17718651419701853, 0.17718651420024153, 0.17718651419766315,
171, 0.3269787997192474, 0.3269787997192474, 0.3269787997192474, 0.006354533362818068, 0.0063545333628874205, 0.006354533362771832,
172, 0.32815742140575094, 0.32815742140575094, 0.32815742140575094, 0.005175911675268358, 0.005175911675306017, 0.005175911675249527,
173, 0.03397526335641995, 0.03397526335641995, 0.03397526335641995, 0.29935806972293455, 0.2993580697272908, 0.29935806972293455,
174, 0.29577756972082686, 0.29577756972082686, 0.29577756972082686, 0.03755576336131965, 0.0375557633615929, 0.03755576336118302,
175, 0.1510495242970816, 0.1510495242970816, 0.1510495242970816, 0.18228380878390554, 0.18228380878655812, 0.18228380878390554,
176, 0.025550179287062037, 0.025550179287062037, 0.025550179287062037, 0.30778315379465004, 0.3077831537968895, 0.30778315379465004,
177, 0.11359110947936542, 0.11359110947936542, 0.11359110947936542, 0.21974222360137624, 0.21974222360537332, 0.21974222360137624,
178, 0.3225182708785993, 0.3225182708785993, 0.3225182708785993, 0.010815062202956735, 0.01081506220307477, 0.010815062202956735,
179, 0.026842185658074277, 0.026842185658074277, 0.026842185658074277, 0.3064911474226803, 0.3064911474260253, 0.3064911474237953,
180, 0.18979425255277702, 0.18979425255277702, 0.18979425255277702, 0.14353908052959624, 0.14353908053064063, 0.14353908052907405,
181, 0.28033666054605344, 0.28033666054605344, 0.28033666054605344, 0.05299667253579648, 0.05299667253656769, 0.05299667253579648,
182, 0.3267339833258756, 0.3267339833258756, 0.3267339833258756, 0.006599349756497524, 0.006599349756569549, 0.006599349756497524,
183, 0.02643898798905449, 0.02643898798905449, 0.02643898798905449, 0.30689434509123004, 0.3068943450956959, 0.30689434509123004,
184, 0.1269852046130648, 0.1269852046130648, 0.1269852046130648, 0.20634812846807624, 0.20634812846957762, 0.20634812846807624,
185, 0.02559369755614896, 0.02559369755605585, 0.02559369755605585, 0.3077396355240725, 0.30773963552743117, 0.3077396355240725,
186, 0.14601660545475956, 0.14601660545475956, 0.14601660545475956, 0.18731672762677448, 0.18731672762745594, 0.18731672762609303,
187, 0.03197612936119806, 0.03197612936119806, 0.03197612936119806, 0.3013572037191322, 0.3013572037224212, 0.3013572037191322,
188, 0.16541092469967036, 0.1654109246990686, 0.1654109246990686, 0.16792240838260938, 0.16792240838322028, 0.16792240838199848,
189, 0.003469844226057853, 0.003469844226057853, 0.003469844226057853, 0.3298634888540912, 0.32986348885769134, 0.3298634888540912,
190, 0.030186712183529647, 0.030186712183529647, 0.030186712183529647, 0.3031466208975072, 0.3031466208997129, 0.3031466208975072,
191, 0.004542491319640575, 0.004542491319640575, 0.004542491319640575, 0.3287908417603515, 0.3287908417639399, 0.32879084176154766,
192, 0.3228231978810084, 0.3228231978810084, 0.3228231978810084, 0.010510135200777792, 0.010510135200892499, 0.010510135200739557,
193, 0.27000131273218175, 0.27000131273218175, 0.27000131273218175, 0.06333202034966105, 0.06333202035058265, 0.06333202034966105,
194, 0.2986786633924444, 0.2986786633924444, 0.2986786633924444, 0.03465466968952672, 0.03465466969003101, 0.03465466968940065,
195, 0.3271211221630049, 0.3271211221630049, 0.3271211221630049, 0.0062122109186057446, 0.006212210918718744, 0.0062122109186283445,
196, 0.2908857604733711, 0.2908857604733711, 0.2908857604733711, 0.0424475726062265, 0.04244757260699862, 0.04244757260638093,
197, 0.2967848978072239, 0.2967848978072239, 0.2967848978072239, 0.03654843527293545, 0.03654843527333434, 0.036548435272802486,
198, 0.033196984191674016, 0.033196984191674016, 0.033196984191674016, 0.30013634888747887, 0.3001363488918464, 0.30013634888747887,
199, 0.190035482497415, 0.190035482497415, 0.190035482497415, 0.14329785058260633, 0.14329785058417027, 0.14329785058312763,
200, 0.2875321111222233, 0.2875321111222233, 0.2875321111222233, 0.04580122195848103, 0.045801221958814274, 0.04580122195848103,
201, 0.03371009185613405, 0.03371009185613405, 0.03371009185613405, 0.29962324122286577, 0.2996232412272259, 0.29962324122286577,
202, 0.2783618359059166, 0.2783618359059166, 0.2783618359059166, 0.054971497173701325, 0.054971497174301276, 0.054971497173701325,
203, 0.2985299629695161, 0.29852996296843004, 0.2985299629695161, 0.03480337011088685, 0.03480337011126669, 0.03480337011088685,
204, 0.29742834425073233, 0.29742834425073233, 0.29742834425073233, 0.03590498882962004, 0.03590498883014252, 0.03590498882962004,
205, 0.11813896044956033, 0.11813896044956033, 0.11813896044956033, 0.21519437262944366, 0.21519437263335803, 0.21519437262944366,
206, 0.3266531845206202, 0.3266531845206202, 0.3266531845206202, 0.0066801485591477675, 0.006680148559196372, 0.006680148559123466,
207, 0.134690314733342, 0.134690314732852, 0.134690314733342, 0.19864301834595996, 0.19864301834812795, 0.19864301834595996,
208, 0.1699865019261968, 0.1699865019261968, 0.1699865019261968, 0.16334683115298393, 0.16334683115417242, 0.1633468311517954,
209, 0.15280225307067394, 0.15280225307011805, 0.15280225307011805, 0.18053108000795842, 0.1805310800105855, 0.1805310800086152,
210, 0.26504044028187795, 0.26504044028187795, 0.26504044028187795, 0.06829289279799955, 0.06829289279849646, 0.06829289279799955,
211, 0.03922925992134358, 0.03922925992120086, 0.03922925992134358, 0.2941040731569774, 0.2941040731612572, 0.2941040731569774,
212, 0.003382611790189357, 0.003382611790189357, 0.003382611790189357, 0.32995072128906083, 0.3299507212914615, 0.32995072128906083,
213, 0.03978173430494036, 0.03978173430494036, 0.03978173430494036, 0.2935515987728223, 0.293551598777094, 0.2935515987728223,
214, 0.32235305237474476, 0.32235305237474476, 0.32235305237474476, 0.010980280704823557, 0.010980280704943396, 0.010980280704823557,
215, 0.02740428970287059, 0.02740428970287059, 0.02740428970287059, 0.30592904337499904, 0.3059290433816768, 0.30592904337499904,
216, 0.2949228487490975, 0.2949228487490975, 0.2949228487490975, 0.038410484331746785, 0.03841048433188652, 0.038410484331746785,
217, 0.03959476744348326, 0.039594767443339215, 0.03959476744348326, 0.2937385656366896, 0.2937385656398954, 0.2937385656366896,
218, 0.005577439090959988, 0.005577439090959988, 0.005577439090959988, 0.327755893988652, 0.3277558939910368, 0.327755893988652,
219, 0.17077642229084755, 0.17077642229084755, 0.17077642229084755, 0.16255691078877735, 0.16255691079114287, 0.16255691078936874,
220, 0.32530699263858126, 0.32530699263858126, 0.32530699263858126, 0.008026340441919369, 0.008026340442036168, 0.008026340441919369,
221, 0.29864272888169885, 0.29864272888169885, 0.29864272888169885, 0.03469060419952042, 0.03469060420002523, 0.03469060419952042,
222, 0.2666183210388178, 0.2666183210388178, 0.2666183210388178, 0.06671501204174535, 0.06671501204247347, 0.06671501204174535,
223, 0.026554135380538774, 0.02655413538044217, 0.026554135380538774, 0.30677919769959044, 0.3067791977029386, 0.30677919769959044,
224, 0.1905855748858997, 0.1905855748858997, 0.1905855748858997, 0.14274775819441032, 0.14274775819596827, 0.14274775819441032,
225, 0.3249048589279406, 0.3249048589279406, 0.3249048589279406, 0.008428474152283002, 0.008428474152374991, 0.008428474152283002,
226, 0.04915230246855743, 0.049152302468378616, 0.04915230246855743, 0.28418103061054717, 0.2841810306136487, 0.284181030611581,
227, 0.04006370222604112, 0.04006370222589537, 0.04006370222604112, 0.2932696308537914, 0.29326963085592517, 0.29326963085272445,
228, 0.32918076984763533, 0.32918076984763533, 0.32918076984763533, 0.004152563232646836, 0.004152563232692157, 0.004152563232646836,
229, 0.26838514533952096, 0.26838514533854463, 0.26838514533952096, 0.06494818774149631, 0.06494818774220515, 0.06494818774149631,
230, 0.15016274943604632, 0.15016274943604632, 0.15016274943604632, 0.18317058364475497, 0.1831705836460877, 0.18317058364475497,
231, 0.0036488592765377133, 0.0036488592765377133, 0.0036488592765377133, 0.32968447380340116, 0.3296844738081987, 0.32968447380340116,
232, 0.27811823858838197, 0.27811823858838197, 0.27811823858838197, 0.05521509449304299, 0.05521509449344473, 0.05521509449284212,
233, 0.30354295646882506, 0.30354295646882506, 0.30354295646882506, 0.029790376612625086, 0.02979037661305859, 0.029790376612625086,
234, 0.007698675452538505, 0.007698675452510497, 0.007698675452538505, 0.325634657627974, 0.32563465763271265, 0.3256346576267894,
235, 0.3222803758869514, 0.3222803758869514, 0.3222803758869514, 0.011052957194282812, 0.011052957194363233, 0.011052957194282812,
236, 0.02726357030460772, 0.02726357030460772, 0.02726357030460772, 0.3060697627757997, 0.3060697627802536, 0.3060697627746862,
237, 0.2857385052967781, 0.2857385052967781, 0.2857385052967781, 0.0475948277853094, 0.0475948277856557, 0.0475948277853094,
238, 0.006077014576596392, 0.006077014576596392, 0.006077014576596392, 0.3272563185041497, 0.3272563185089119, 0.3272563185041497,
239, 0.3277560530912553, 0.3277560530900629, 0.3277560530912553, 0.005577279991834241, 0.005577279991874821, 0.005577279991834241,
240, 0.005747124994917844, 0.005747124994917844, 0.005747124994917844, 0.32758620808567523, 0.32758620809044225, 0.32758620808567523,
241, 0.025618892011443486, 0.025618892011443486, 0.025618892011443486, 0.30771444106986423, 0.30771444107210316, 0.30771444106986423,
242, 0.2754678654604718, 0.2754678654604718, 0.2754678654604718, 0.057865467621504, 0.05786546762192502, 0.05786546762129348,
243, 0.005816504108066686, 0.005816504108045526, 0.005816504108045526, 0.32751682897275286, 0.32751682897632733, 0.32751682897275286,
244, 0.13051399338947475, 0.13051399338947475, 0.13051399338947475, 0.20281933969083268, 0.20281933969304625, 0.20281933969157054,
245, 0.26770729217396505, 0.26770729217396505, 0.26770729217396505, 0.06562604090762356, 0.06562604090833979, 0.06562604090714606,
246, 0.29025027199052567, 0.2902502719894698, 0.29025027199052567, 0.04308306109032381, 0.04308306109095075, 0.04308306109032381,
247, 0.279587735065405, 0.2795877350643879, 0.279587735065405, 0.05374559801535092, 0.05374559801574197, 0.053745598015155396,
248, 0.15039780532190866, 0.15039780532190866, 0.15039780532190866, 0.18293552775770525, 0.1829355277597018, 0.18293552775770525,
249, 0.0055362223697058835, 0.0055362223697058835, 0.0055362223697058835, 0.32779711071064394, 0.32779711071302897, 0.3277971107094514,
250, 0.025780169229595272, 0.025780169229595272, 0.025780169229595272, 0.307553163849731, 0.3075531638542065, 0.307553163849731,
251, 0.3247623791704189, 0.3247623791704189, 0.3247623791704189, 0.008570953910230274, 0.008570953910323817, 0.008570953910230274,
252, 0.13435039289327985, 0.1343503928927911, 0.13435039289327985, 0.19898294018553112, 0.19898294018842672, 0.19898294018553112,
253, 0.15242820164158358, 0.15242820164158358, 0.15242820164158358, 0.1809051314372365, 0.180905131439869, 0.1809051314372365,
254, 0.2799726708286998, 0.2799726708286998, 0.2799726708286998, 0.05336066225034639, 0.05336066225131702, 0.053360662250540515,
255, 0.3267521547852952, 0.3267521547852952, 0.3267521547852952, 0.006581178292995153, 0.0065811782930669796, 0.006581178292995153,
256, 0.040093286371576595, 0.04009328637143073, 0.04009328637143073, 0.29324004670637727, 0.29324004670957765, 0.29324004670637727,
257, 0.03889569350666403, 0.03889569350666403, 0.03889569350666403, 0.29443763957105346, 0.29443763957426694, 0.29443763957212465,
258, 0.1655532904848022, 0.1655532904848022, 0.1655532904848022, 0.16778004259386825, 0.16778004259630977, 0.16778004259386825,
259, 0.004389395517555329, 0.004389395517555329, 0.004389395517555329, 0.3289439375605677, 0.32894393756296114, 0.3289439375605677,
260, 0.025577492312547544, 0.025577492312547544, 0.025577492312547544, 0.30775584076583334, 0.30775584076919216, 0.30775584076583334,
261, 0.28572383855976563, 0.28572383855976563, 0.28572383855976563, 0.04760949451911932, 0.04760949451929253, 0.04760949451911932,
262, 0.006077406815093414, 0.006077406815093414, 0.006077406815093414, 0.327255926261699, 0.3272559262664613, 0.327255926261699,
263, 0.32808279702382176, 0.32808279702382176, 0.32808279702382176, 0.005250536055003356, 0.005250536055079762, 0.005250536055022458,
264, 0.2884768296391337, 0.2884768296380842, 0.2884768296391337, 0.044856503439443876, 0.04485650344025981, 0.044856503439607065,
265, 0.020711512692173806, 0.020711512692173806, 0.020711512692173806, 0.31262182038507424, 0.3126218203896235, 0.31262182038621156,
266, 0.039821509472796494, 0.039821509472796494, 0.039821509472796494, 0.2935118236054197, 0.2935118236075553, 0.2935118236054197,
267, 0.3265708005468573, 0.3265708005468573, 0.3265708005468573, 0.006762532530751957, 0.0067625325308503645, 0.006762532530751957,
268, 0.1542742201799397, 0.1542742201799397, 0.1542742201799397, 0.1790591128981464, 0.17905911290075208, 0.1790591128981464,
269, 0.1735014817529058, 0.1735014817529058, 0.1735014817529058, 0.15983185132482294, 0.1598318513271488, 0.15983185132482294,
270, 0.3269183042434404, 0.3269183042434404, 0.3269183042434404, 0.006415028833820455, 0.0064150288338904685, 0.006415028833797118,
271, 0.2681718800253377, 0.26817188002436215, 0.2681718800253377, 0.06516145305196727, 0.06516145305267844, 0.06516145305196727,
272, 0.13372890153812328, 0.13372890153763678, 0.13372890153763678, 0.1996044315391503, 0.19960443154132876, 0.1996044315391503,
273, 0.1730951410312915, 0.1730951410312915, 0.1730951410312915, 0.16023819204575512, 0.16023819204750397, 0.16023819204575512,
274, 0.3250523325556014, 0.3250523325556014, 0.3250523325556014, 0.008281000522066102, 0.008281000522186607, 0.008281000522066102,
275, 0.15118016398124004, 0.15118016398124004, 0.15118016398124004, 0.1821531690956094, 0.18215316909759743, 0.18215316909627208,
276, 0.0036854661277476593, 0.0036854661277476593, 0.0036854661277476593, 0.3296478669484358, 0.3296478669532328, 0.3296478669472365,
277, 0.3247244089794613, 0.3247244089794613, 0.3247244089794613, 0.008608924096905238, 0.008608924096999196, 0.008608924096905238,
278, 0.1349512831968255, 0.1349512831968255, 0.1349512831968255, 0.19838204987929953, 0.19838204988290808, 0.19838204987929953,
279, 0.186823313703454, 0.186823313703454, 0.186823313703454, 0.1465100193737422, 0.1465100193748082, 0.1465100193737422,
280, 0.0059026715111761534, 0.0059026715111761534, 0.0059026715111761534, 0.3274306615639394, 0.32743066156989536, 0.3274306615651306,
281, 0.2880623772411837, 0.2880623772411837, 0.2880623772411837, 0.04527095583619919, 0.04527095583669327, 0.04527095583619919,
282, 0.2781510379239955, 0.2781510379239955, 0.2781510379239955, 0.05518229515348948, 0.05518229515409174, 0.05518229515328873,
283, 0.006065883807124566, 0.006065883807124566, 0.006065883807124566, 0.32726744926822965, 0.327267449272992, 0.32726744926942025,
284, 0.3265547235512477, 0.3265547235512477, 0.3265547235512477, 0.0067786095256872165, 0.006778609525736538, 0.0067786095256872165,
285, 0.1759270088844923, 0.1759270088844923, 0.1759270088844923, 0.15740632419166334, 0.15740632419338127, 0.15740632419109069,
286, 0.2884269465560164, 0.2884269465560164, 0.2884269465560164, 0.044906386519946544, 0.04490638652043665, 0.044906386519946544,
287, 0.1707420482920702, 0.1707420482920702, 0.1707420482920702, 0.16259128478303556, 0.16259128478540158, 0.16259128478362705,
288, 0.040618554735014405, 0.040618554735014405, 0.040618554735014405, 0.2927147783403086, 0.2927147783445682, 0.2927147783403086,
289, 0.2770948273451573, 0.2770948273451573, 0.2770948273451573, 0.056238505731252324, 0.05623850573166151, 0.056238505731252324,
290, 0.1508179805255122, 0.15081798052496354, 0.15081798052496354, 0.18251535255082982, 0.18251535255282178, 0.18251535255082982,
291, 0.031304648283395006, 0.031304648283395006, 0.031304648283395006, 0.30202868479252787, 0.30202868479472544, 0.30202868479362666,
292, 0.03777429779623696, 0.03777429779623696, 0.03777429779623696, 0.29555903527992433, 0.2955590352831501, 0.29555903527884914,
293, 0.02455254422983784, 0.02455254422983784, 0.02455254422983784, 0.30878078884703747, 0.3087807888481608, 0.30878078884703747,
294, 0.03219287646791593, 0.03219287646791593, 0.03219287646791593, 0.3011404566078932, 0.3011404566111798, 0.3011404566078932,
295, 0.3251213182233675, 0.3251213182221847, 0.3251213182233675, 0.008212014853042965, 0.008212014853132589, 0.008212014853042965,
296, 0.3269225890461512, 0.3269225890461512, 0.3269225890461512, 0.006410744029511114, 0.006410744029581081, 0.006410744029511114,
