Optimize time:4.247327110701137
Begin Prob:-27289.294911232497
End Prob:-26465.649037561838
Substitution parameters back:[0.4173221434872727, 0.09956033903025412, 0.3326333559668208, 0.15048416151565244, 6.648965708119712]
Substitution parameters hot:[0.12073271420376393, 0.30059203113070015, 0.09881936057006774, 0.4798558940954682, 3.820278146489801]
Transition parameters:[0.8430206969216252, 0.1482269535453312, 0.5008215109763305]
hscale parameters:91.07699493957071
Trees:
(1:617.8374502539613,(2:618.0326283994842,(3:618.034370715906,4:618.034370715906):618.034370715906):618.034370715906);
(1:618.034370715906,(4:618.034370715906,(2:618.0327620198152,3:618.034370715906):618.034370715906):618.034370715906);
(1:618.034370715906,(3:618.034370715906,(2:554.2567877864088,4:618.034370715906):618.034370715906):618.034370715906);
(1:56270.7783302573,(2:56288.55456922941,(3:56288.71325417334,4:56288.71325417334):56288.71325417334):56288.71325417334);
(1:56288.71325417334,(4:56288.71325417334,(2:56288.56673896762,3:56288.71325417334):56288.71325417334):56288.71325417334);
(1:56288.71325417334,(3:56288.71325417334,(2:50480.042656445476,4:56288.71325417334):56288.71325417334):56288.71325417334);

Position, Posteriors1, Posteriors2, Posteriors3, Posteriors4, Posteriors5, Posteriors6,
0, 0.17764673902231304, 0.17764673902231304, 0.17764673902231304, 0.15568659449766925, 0.15568659449993477, 0.15568659449710287,
1, 0.3095079514327365, 0.3095079514327365, 0.3095079514327365, 0.02382538208790079, 0.023825382088160818, 0.023825382087814113,
2, 0.0033719789123267483, 0.0033719789123267483, 0.0033719789123390154, 0.3299613546078721, 0.3299613546114733, 0.3299613546054714,
3, 0.0033719810497744988, 0.0033719810497744988, 0.0033719810497867663, 0.32996135246997327, 0.32996135247237407, 0.32996135246757247,
4, 0.30947556426645506, 0.30947556426645506, 0.30947556426645506, 0.023857769254395287, 0.02385776925465567, 0.0238577692542217,
5, 0.3308098943517136, 0.3308098943517136, 0.3308098943517136, 0.0025234391682981247, 0.0025234391683348453, 0.002523439168270584,
6, 0.3074597855150225, 0.3074597855150225, 0.3074597855150225, 0.025873548005752953, 0.025873548006129465, 0.0258735480055647,
7, 0.3308099243015029, 0.3308099243015029, 0.3308099243027064, 0.002523409218243439, 0.0025234092182801595, 0.0025234092182250785,
8, 0.3088673114051628, 0.3088673114051628, 0.3088673114062865, 0.024466022113863138, 0.024466022114219166, 0.02446602211377413,
9, 0.03356372973075869, 0.03356372973075869, 0.033563729730880794, 0.2997696037880081, 0.29976960379237033, 0.2997696037869175,
10, 0.30897807201567756, 0.30897807201567756, 0.30897807201567756, 0.024355261504366475, 0.024355261504543684, 0.024355261504277873,
11, 0.003757050361408935, 0.003757050361422603, 0.003757050361422603, 0.3295762831578574, 0.32957628316265336, 0.32957628315665843,
12, 0.003213517893488239, 0.003213517893488239, 0.00321351789349993, 0.3301198156264336, 0.3301198156288356, 0.3301198156252327,
13, 0.00319431340532536, 0.00319431340532536, 0.00319431340532536, 0.3301390201147683, 0.33013902011837143, 0.33013902011236623,
14, 0.31076145876833, 0.31076145876833, 0.31076145876833, 0.022571874752021624, 0.022571874752267972, 0.022571874752021624,
15, 0.003350419151448179, 0.003350419151448179, 0.003350419151460368, 0.3299829143683818, 0.32998291437318367, 0.3299829143659809,
16, 0.33075800268205346, 0.33075800268205346, 0.33075800268205346, 0.0025753308398912935, 0.002575330839910031, 0.0025753308398819242,
17, 0.30761318210651156, 0.30761318210651156, 0.30761318210651156, 0.025720151414621473, 0.025720151414902182, 0.025720151414527905,
18, 0.003963434183488373, 0.003963434183488373, 0.003963434183488373, 0.32936989933711436, 0.3293698993419073, 0.3293698993359161,
19, 0.032111515321197215, 0.032111515321197215, 0.032111515321197215, 0.3012218182016446, 0.3012218182038363, 0.30122181819835714,
20, 0.3307553788908259, 0.3307553788908259, 0.33075537889202916, 0.00257795463140361, 0.0025779546314505025, 0.00257795463140361,
21, 0.3308875561142528, 0.3308875561142528, 0.3308875561142528, 0.0024457774085519567, 0.0024457774085786498, 0.002445777408543059,
22, 0.03523623222733117, 0.03523623222733117, 0.035236232227459356, 0.2980971012947615, 0.2980971012990994, 0.2980971012925926,
23, 0.30823139851980574, 0.30823139851980574, 0.30823139852092707, 0.0251019350034192, 0.025101935003693163, 0.025101935003327882,
24, 0.3099264188954934, 0.3099264188954934, 0.3099264188977484, 0.02340691462796333, 0.023406914628303948, 0.023406914627793023,
25, 0.3308087126899101, 0.3308087126899101, 0.330808712692317, 0.0025246208332766686, 0.0025246208333134065, 0.0025246208332582996,
26, 0.33100613334279566, 0.33100613334279566, 0.33100613334399986, 0.002327200181420675, 0.0023272001814545404, 0.0023272001814037425,
27, 0.18903335729575302, 0.18903335729575302, 0.18903335729644072, 0.14429997622767748, 0.14429997622977733, 0.14429997622715254,
28, 0.031410758153185156, 0.031410758153185156, 0.031410758153185156, 0.30192257537173994, 0.3019225753728383, 0.30192257536954314,
29, 0.03651715393627131, 0.03651715393627131, 0.03651715393627131, 0.29681617958801726, 0.29681617959017687, 0.29681617958693746,
30, 0.003388098788216316, 0.003388098788216316, 0.003388098788216316, 0.3299452347362356, 0.3299452347386363, 0.3299452347350353,
31, 0.032111730671992814, 0.032111730671992814, 0.032111730671992814, 0.3012216028519051, 0.3012216028551926, 0.30122160284971344,
32, 0.33095230641033463, 0.33095230641033463, 0.33095230641033463, 0.0023810271129017695, 0.002381027112936418, 0.002381027112893107,
33, 0.30944110157783883, 0.30944110157783883, 0.3094411015789646, 0.02389223194593123, 0.023892231946191986, 0.02389223194575739,
34, 0.003360203378781236, 0.003360203378781236, 0.0033602033787934605, 0.3299731301442098, 0.3299731301490116, 0.3299731301430094,
35, 0.1829354071643266, 0.1829354071643266, 0.1829354071643266, 0.1503979263595179, 0.1503979263606122, 0.15039792635897076,
36, 0.003546999050300278, 0.003546999050300278, 0.003546999050313182, 0.32978633447364797, 0.32978633447724726, 0.3297863344712485,
37, 0.3083071759420797, 0.3083071759420797, 0.3083071759432013, 0.025026157581492847, 0.02502615758176598, 0.025026157581401802,
38, 0.17571189189179082, 0.17571189189179082, 0.17571189189243006, 0.15762144163110453, 0.1576214416328248, 0.15762144163110453,
39, 0.003360747657693696, 0.003360747657693696, 0.003360747657693696, 0.3299725858649135, 0.32997258586971523, 0.32997258586251266,
40, 0.30837086618255777, 0.30837086618255777, 0.30837086618255777, 0.024962467341308088, 0.0249624673413989, 0.024962467341126462,
41, 0.03632059316331721, 0.03632059316331721, 0.03632059316331721, 0.297012740359764, 0.29701274036300557, 0.29701274035868347,
42, 0.03380587756065327, 0.03380587756065327, 0.03380587756089924, 0.29952745596293257, 0.29952745596511193, 0.2995274559607532,
43, 0.17611579908118485, 0.17611579908118485, 0.17611579908182556, 0.1572175344427217, 0.15721753444386563, 0.15721753444214975,
44, 0.0312651690695222, 0.0312651690695222, 0.0312651690695222, 0.3020681644539588, 0.3020681644583545, 0.3020681644528599,
45, 0.3094938942110634, 0.3094938942110634, 0.3094938942110634, 0.02383943931385274, 0.02383943931411292, 0.02383943931385274,
46, 0.18190389867603282, 0.18190389867603282, 0.18190389867603282, 0.15142943484785587, 0.15142943485005947, 0.15142943484675409,
47, 0.33088051500412624, 0.33088051500412624, 0.33088051500532994, 0.0024528185190324982, 0.0024528185190681915, 0.0024528185190324982,
48, 0.3308076862163114, 0.3308076862163114, 0.3308076862175149, 0.002525647306277393, 0.002525647306323334, 0.0025256473062682046,
49, 0.3308890829501304, 0.3308890829501304, 0.3308890829513342, 0.0024442505735035895, 0.002444250573539158, 0.0024442505735035895,
50, 0.0033686832881533535, 0.0033686832881533535, 0.003368683288165609, 0.3299646502344843, 0.3299646502380855, 0.3299646502320835,
51, 0.032111706235803006, 0.032111706235803006, 0.032111706235803006, 0.3012216272868975, 0.3012216272890892, 0.30122162728470586,
52, 0.33101421972841366, 0.33101421972841366, 0.33101421972841366, 0.0023191137946688444, 0.0023191137947025917, 0.0023191137946519703,
53, 0.3100569143346556, 0.3100569143346556, 0.3100569143357836, 0.023276419187173155, 0.02327641918742719, 0.023276419187088476,
54, 0.003175429066751767, 0.003175429066751767, 0.003175429066751767, 0.3301579044551377, 0.33015790445994214, 0.3301579044527355,
55, 0.30762406402358117, 0.30762406402358117, 0.30762406402358117, 0.025709269498288043, 0.02570926949856863, 0.025709269498194513,
56, 0.3082332225349476, 0.3082332225349476, 0.308233222536069, 0.02510011098618249, 0.025100110986547748, 0.02510011098609118,
57, 0.0335510699575815, 0.0335510699575815, 0.03355106995770356, 0.2997822635645109, 0.2997822635688733, 0.2997822635623297,
58, 0.3308370130886993, 0.3308370130886993, 0.3308370130886993, 0.0024963204336021223, 0.0024963204336202853, 0.0024963204335930406,
59, 0.031166704228745956, 0.031166704228745956, 0.03116670422885934, 0.30216662929174, 0.30216662929613713, 0.30216662929064075,
60, 0.3310201480386713, 0.3310201480386713, 0.33102014803987556, 0.0023131854827455915, 0.0023131854827708373, 0.0023131854827287608,
61, 0.18007840791130514, 0.18007840791130514, 0.18007840791196025, 0.15325492560944634, 0.1532549256116765, 0.15325492560888881,
62, 0.003566348043715282, 0.003566348043715282, 0.003566348043715282, 0.3297669854774061, 0.3297669854798055, 0.3297669854762065,
63, 0.032283498771045784, 0.032283498771045784, 0.032283498771045784, 0.30104983475018526, 0.30104983475237573, 0.3010498347490901,
64, 0.03133344314249468, 0.03133344314249468, 0.03133344314249468, 0.3019998903786167, 0.3019998903819127, 0.30199989037641933,
65, 0.3310281252945901, 0.3310281252945901, 0.3310281252945901, 0.002305208225983803, 0.0023052082260005755, 0.0023052082259754168,
66, 0.0037315171090497937, 0.0037315171090497937, 0.0037315171090497937, 0.32960181641139846, 0.3296018164149957, 0.3296018164078012,
67, 0.3308959514525751, 0.3308959514525751, 0.3308959514525751, 0.0024373820684048496, 0.0024373820684137166, 0.002437382068378248,
68, 0.18640723302662135, 0.18640723302662135, 0.1864072330272995, 0.14692610049285235, 0.1469261004949904, 0.1469261004917833,
69, 0.3094288700233577, 0.3094288700233577, 0.3094288700233577, 0.023904463497548645, 0.023904463497809537, 0.023904463497374715,
70, 0.1754200928036401, 0.1754200928036401, 0.17542009280427828, 0.1579132407176232, 0.15791324071934665, 0.15791324071647422,
71, 0.18033233659759126, 0.18033233659759126, 0.18033233659759126, 0.15300099692367133, 0.1530009969253412, 0.15300099692311472,
72, 0.0035683219977695, 0.0035683219977695, 0.0035683219977695, 0.32976501152351356, 0.3297650115259129, 0.32976501152231386,
73, 0.003578456143609272, 0.003578456143609272, 0.003578456143609272, 0.32975487737789444, 0.32975487738149334, 0.3297548773766948,
74, 0.034776690946447204, 0.034776690946447204, 0.034776690946447204, 0.2985566425750539, 0.29855664257722614, 0.2985566425750539,
75, 0.03311018163853496, 0.03311018163853496, 0.03311018163853496, 0.3002231518834745, 0.30022315188565885, 0.30022315188238224,
76, 0.003368612615837091, 0.003368612615837091, 0.003368612615837091, 0.32996472090590034, 0.3299647209095016, 0.32996472090349954,
77, 0.33096786897457847, 0.33096786897457847, 0.33096786897457847, 0.0023654645474472237, 0.002365464547455829, 0.0023654645474300126,
78, 0.003349076384953658, 0.003349076384953658, 0.0033490763849658416, 0.32998425713497315, 0.32998425714097557, 0.3299842571337727,
79, 0.3310280349006439, 0.3310280349006439, 0.3310280349018482, 0.0023052986207845946, 0.0023052986208097546, 0.0023052986207845946,
80, 0.03371357358352542, 0.03371357358352542, 0.03371357358352542, 0.2996197599396177, 0.29961975994179774, 0.29961975993634765,
81, 0.035497263087230876, 0.035497263087230876, 0.035497263087360016, 0.29783607043550053, 0.2978360704387511, 0.2978360704333335,
82, 0.18685076622305993, 0.18685076622305993, 0.18685076622305993, 0.14648256729910125, 0.14648256730123285, 0.14648256729856834,
83, 0.33094513835774736, 0.33094513835774736, 0.33094513835774736, 0.0023881951645225805, 0.0023881951645660215, 0.002388195164513892,
84, 0.3080861817045863, 0.3080861817045863, 0.3080861817057071, 0.025247151818097023, 0.02524715181837257, 0.025247151817821476,
85, 0.3308249270208928, 0.3308249270208928, 0.3308249270208928, 0.002508406502750792, 0.002508406502778169, 0.002508406502750792,
86, 0.0035558017634683015, 0.0035558017634683015, 0.0035558017634812374, 0.32977753175923835, 0.3297775317628375, 0.3297775317580386,
87, 0.033111049040754556, 0.033111049040754556, 0.033111049040875015, 0.30022228448136096, 0.3002222844835454, 0.30022228448136096,
88, 0.033111250980797466, 0.033111250980797466, 0.033111250980797466, 0.3002220825430519, 0.30022208254414406, 0.3002220825397753,
89, 0.0032116701510623504, 0.0032116701510623504, 0.0032116701510623504, 0.3301216633714864, 0.3301216633738883, 0.3301216633714864,
90, 0.003380208319455041, 0.003380208319455041, 0.003380208319455041, 0.32995312520302306, 0.3299531252066241, 0.3299531252018227,
91, 0.1849649879320864, 0.1849649879320864, 0.1849649879320864, 0.14836834559067583, 0.14836834559229511, 0.14836834559013606,
92, 0.17991097051635846, 0.17991097051635846, 0.17991097051701296, 0.1534223630066882, 0.15342236300892081, 0.15342236300501377,
93, 0.3308947844464604, 0.3308947844464604, 0.33089478444766424, 0.002438549075991061, 0.002438549076017675, 0.0024385490759821896,
94, 0.034594428319983175, 0.034594428319983175, 0.03459442832010903, 0.2987389052017262, 0.2987389052049866, 0.29873890520063934,
95, 0.0031924775830275563, 0.0031924775830275563, 0.0031924775830275563, 0.33014085593884207, 0.33014085594244524, 0.33014085593644,
96, 0.3089149121249514, 0.3089149121249514, 0.3089149121249514, 0.024418421396149654, 0.024418421396504988, 0.024418421396149654,
97, 0.17570992734985386, 0.17570992734985386, 0.1757099273504931, 0.1576234061714922, 0.15762340617263906, 0.15762340617034534,
98, 0.003952222776702261, 0.003952222776702261, 0.003952222776702261, 0.32938111074373916, 0.3293811107485323, 0.3293811107425409,
99, 0.30958353091020707, 0.30958353091020707, 0.30958353091020707, 0.023749802611577383, 0.02374980261192299, 0.023749802611577383,
100, 0.0037548348727056307, 0.0037548348727056307, 0.0037548348727192904, 0.3295784986486705, 0.3295784986522675, 0.3295784986474715,
101, 0.0329498741859593, 0.0329498741859593, 0.0329498741859593, 0.30038345933438537, 0.3003834593376637, 0.30038345933438537,
102, 0.3076089763233317, 0.3076089763233317, 0.3076089763244507, 0.025724357198319378, 0.025724357198506548, 0.025724357198038623,
103, 0.31063471801894665, 0.31063471801894665, 0.31063471802007675, 0.022698615502172316, 0.02269861550242005, 0.02269861550208974,
104, 0.0035592365616825957, 0.0035592365616825957, 0.0035592365616825957, 0.3297740969586565, 0.32977409696345533, 0.3297740969574568,
105, 0.0037794822256517688, 0.0037794822256517688, 0.0037794822256517688, 0.32955385129566256, 0.3295538512980604, 0.3295538512944637,
106, 0.003193019163957446, 0.003193019163957446, 0.003193019163957446, 0.33014031435667146, 0.3301403143602746, 0.3301403143542694,
107, 0.3308902047417347, 0.3308902047417347, 0.33089020474293845, 0.002443128779198693, 0.0024431287792253576, 0.002443128779180917,
108, 0.3074597483428447, 0.3074597483428447, 0.3074597483428447, 0.025873585179709623, 0.02587358518018026, 0.025873585179615494,
109, 0.33080883385098997, 0.33080883385098997, 0.33080883385098997, 0.0025244996703609945, 0.0025244996703977307, 0.0025244996703518104,
110, 0.331013242530819, 0.331013242530819, 0.3310132425320232, 0.0023200909900698875, 0.002320090990095209, 0.0023200909900530065,
111, 0.03293625819644546, 0.03293625819644546, 0.03293625819644546, 0.3003970753230446, 0.30039707532632315, 0.30039707532195176,
112, 0.003555809319534997, 0.003555809319534997, 0.003555809319547933, 0.32977752419977957, 0.32977752420337875, 0.32977752419857986,
113, 0.3308901195737045, 0.3308901195737045, 0.3308901195749083, 0.002443213946589528, 0.002443213946616193, 0.002443213946589528,
114, 0.3088808104325737, 0.3088808104325737, 0.3088808104325737, 0.02445252308862579, 0.024452523088892664, 0.02445252308853683,
115, 0.003350528801565785, 0.003350528801565785, 0.003350528801565785, 0.3299828047185931, 0.329982804723395, 0.3299828047161922,
116, 0.33096645922168244, 0.33096645922168244, 0.33096645922168244, 0.002366874299088361, 0.0023668742991055825, 0.0023668742990797503,
117, 0.0337141081500522, 0.0337141081500522, 0.033714108150174844, 0.2996192253695951, 0.29961922537395513, 0.2996192253685051,
118, 0.03466257172567556, 0.03466257172567556, 0.03466257172580166, 0.29867076179431434, 0.298670761797574, 0.29867076179322777,
119, 0.18927173896485308, 0.18927173896485308, 0.18927173896485308, 0.1440615945558202, 0.14406159455791656, 0.1440615945552961,
120, 0.1799400421790926, 0.1799400421790926, 0.1799400421790926, 0.15339329134194069, 0.15339329134417287, 0.1533932913408246,
121, 0.308776039174747, 0.308776039174747, 0.308776039174747, 0.024557294346434312, 0.024557294346881007, 0.024557294346434312,
122, 0.30935197595929337, 0.30935197595929337, 0.3093519759604188, 0.023981357560052027, 0.023981357560488244, 0.023981357559964785,
123, 0.30761004985714896, 0.30761004985714896, 0.30761004985826806, 0.02572328366262998, 0.025723283662910726, 0.025723283662536404,
124, 0.03193812799882506, 0.03193812799882506, 0.03193812799894125, 0.30139520552061805, 0.3013952055261004, 0.30139520551842514,
125, 0.3309513213937727, 0.3309513213937727, 0.3309513213937727, 0.0023820121267449463, 0.0023820121267709433, 0.0023820121267362805,
126, 0.330807682725041, 0.330807682725041, 0.330807682725041, 0.002525650794700507, 0.0025256507947464483, 0.002525650794700507,
127, 0.3308890913740953, 0.3308890913740953, 0.33088909137529904, 0.002444242144853137, 0.002444242144879813, 0.002444242144844245,
128, 0.003193054409169847, 0.003193054409169847, 0.003193054409169847, 0.3301402791096507, 0.33014027911445487, 0.3301402791084497,
129, 0.003213552653746093, 0.003213552653746093, 0.003213552653746093, 0.33011978086559185, 0.33011978086799376, 0.3301197808631899,
130, 0.0032025946139966582, 0.0032025946139966582, 0.0032025946139966582, 0.3301307389050618, 0.33013073890866484, 0.33013073890265976,
131, 0.17836911098172, 0.17836911098172, 0.17836911098172, 0.15496422253664674, 0.15496422253777425, 0.15496422253664674,
132, 0.031263523490063665, 0.031263523490063665, 0.031263523490063665, 0.30206981002817646, 0.3020698100314732, 0.3020698100259786,
133, 0.3101845157678543, 0.3101845157678543, 0.3101845157678543, 0.02314881775143643, 0.023148817751689074, 0.02314881775143643,
134, 0.003173974503677178, 0.003173974503677178, 0.003173974503688725, 0.3301593590138885, 0.3301593590186929, 0.33015935901148624,
135, 0.3308890955030178, 0.3308890955030178, 0.3308890955030178, 0.0024442380149024756, 0.002444238014938044, 0.0024442380149024756,
136, 0.3307402774482323, 0.3307402774482323, 0.3307402774482323, 0.0025930560693182823, 0.0025930560693560164, 0.0025930560692994154,
137, 0.33075521867760155, 0.33075521867760155, 0.33075521867760155, 0.0025781148410319674, 0.002578114841069484, 0.0025781148410132094,
138, 0.03542624981247469, 0.03542624981247469, 0.03542624981247469, 0.29790708370615554, 0.29790708370832314, 0.297907083703988,
139, 0.0031923111714443333, 0.0031923111714443333, 0.0031923111714443333, 0.33014102234613146, 0.3301410223497346, 0.33014102234372933,
140, 0.3107495663193559, 0.3107495663193559, 0.3107495663193559, 0.02258376719926476, 0.02258376719942908, 0.0225837671991826,
141, 0.03193629335116113, 0.03193629335116113, 0.03193629335127732, 0.30139704016726043, 0.30139704017164637, 0.3013970401650675,
142, 0.3310268129776903, 0.3310268129776903, 0.3310268129776903, 0.002306520541487994, 0.002306520541504776, 0.002306520541471212,
143, 0.032111467074973164, 0.032111467074973164, 0.03211146707508999, 0.30122186644375076, 0.3012218664470383, 0.301221866442655,
144, 0.003775129285227169, 0.003775129285227169, 0.003775129285240903, 0.3295582042342566, 0.3295582042354555, 0.32955820423305765,
145, 0.03392884945144226, 0.03392884945144226, 0.03392884945156569, 0.29940448406787673, 0.29940448407005515, 0.2994044840667875,
146, 0.0033882024296212217, 0.0033882024296212217, 0.0033882024296335482, 0.32994513108983137, 0.32994513109223206, 0.32994513108863105,
147, 0.0331286906417821, 0.0331286906417821, 0.0331286906417821, 0.3002046428786298, 0.30020464288081405, 0.30020464287644555,
148, 0.003211668426786608, 0.003211668426786608, 0.003211668426786608, 0.3301216650924845, 0.33012166509608737, 0.3301216650912835,
149, 0.003390340030635545, 0.003390340030635545, 0.003390340030635545, 0.32994299348903205, 0.329942993492633, 0.32994299348783174,
150, 0.03143655594649553, 0.03143655594649553, 0.03143655594649553, 0.301896777573385, 0.3018967775766799, 0.3018967775722867,
151, 0.1761127360913084, 0.1761127360913084, 0.1761127360913084, 0.15722059743010186, 0.15722059743067382, 0.15722059742838596,
152, 0.035504469083025146, 0.035504469083025146, 0.03550446908315431, 0.29782886443741574, 0.29782886444066625, 0.2978288644363323,
153, 0.03293018418989321, 0.03293018418989321, 0.03293018419001301, 0.3004031493299548, 0.3004031493332334, 0.3004031493299548,
154, 0.30957098835532426, 0.30957098835532426, 0.30957098835645047, 0.023762345165808895, 0.023762345165981788, 0.023762345165808895,
155, 0.0035381846815733275, 0.003538184681586199, 0.003538184681599071, 0.32979514883900785, 0.329795148843807, 0.3297951488354085,
156, 0.30902672827518346, 0.30902672827518346, 0.30902672827630767, 0.024306605245694664, 0.02430660524587152, 0.024306605245694664,
157, 0.0031752980382723558, 0.0031752980382723558, 0.0031752980382839077, 0.33015803548157424, 0.3301580354863787, 0.33015803547917205,
158, 0.31076146275462674, 0.31076146275462674, 0.31076146275462674, 0.022571870767014515, 0.022571870767178745, 0.022571870766850282,
159, 0.00335985626487667, 0.00335985626487667, 0.00335985626487667, 0.32997347725504794, 0.3299734772586493, 0.3299734772526471,
160, 0.18690301960664835, 0.18690301960664835, 0.18690301960664835, 0.14643031391310213, 0.14643031391470027, 0.1464303139120367,
161, 0.3308158989884846, 0.3308158989884846, 0.3308158989884846, 0.0025174345309894788, 0.0025174345310261122, 0.0025174345309803203,
162, 0.30808615350386204, 0.30808615350386204, 0.30808615350386204, 0.025247180016460605, 0.025247180016828002, 0.025247180016276908,
163, 0.3310156263634854, 0.3310156263634854, 0.3310156263646896, 0.002317707156594003, 0.0023177071566108666, 0.0023177071565687077,
164, 0.0031726710169402025, 0.0031726710169402025, 0.0031726710169517444, 0.33016066250125353, 0.3301606625072591, 0.33016066250005244,
165, 0.3310293986197618, 0.3310293986197618, 0.3310293986197618, 0.0023039348993084425, 0.0023039348993335873, 0.0023039348993084425,
166, 0.0037554194236923194, 0.0037554194236923194, 0.0037554194237059816, 0.32957791409492215, 0.32957791409851916, 0.32957791409492215,
167, 0.0033705423056282972, 0.0033705423056282972, 0.003370542305652821, 0.32996279121423344, 0.32996279121663424, 0.32996279121063227,
168, 0.3308962704974556, 0.3308962704974556, 0.3308962704986594, 0.002437063021947406, 0.0024370630219740035, 0.0024370630219296735,
169, 0.18007891659874745, 0.18007891659874745, 0.1800789165994026, 0.15325441692026848, 0.15325441692194108, 0.15325441691971095,
170, 0.0033786177091968306, 0.0033786177091968306, 0.0033786177091968306, 0.32995471580957575, 0.3299547158131768, 0.3299547158083754,
171, 0.03229973890701502, 0.03229973890701502, 0.03229973890701502, 0.3010335946110021, 0.3010335946153827, 0.3010335946110021,
172, 0.00320991405365455, 0.00320991405365455, 0.00320991405365455, 0.33012341946431917, 0.33012341946672114, 0.33012341946431917,
173, 0.032282785884707156, 0.032282785884707156, 0.032282785884707156, 0.3010505476327846, 0.30105054763607025, 0.3010505476327846,
174, 0.03293247792284627, 0.03293247792284627, 0.03293247792296608, 0.3004008555965404, 0.3004008555987261, 0.30040085559326185,
175, 0.3088675087197695, 0.3088675087197695, 0.3088675087197695, 0.024465824799601146, 0.02446582479995717, 0.024465824799423132,
176, 0.3310016761319935, 0.3310016761319935, 0.3310016761331977, 0.0023316573868478263, 0.0023316573868817567, 0.002331657386839344,
177, 0.30883236809319814, 0.30883236809319814, 0.3088323680943217, 0.024500965426518716, 0.024500965426786116, 0.024500965426429582,
178, 0.03277066969089537, 0.03277066969089537, 0.032770669691014595, 0.3005626638288271, 0.3005626638332009, 0.30056266382664026,
179, 0.3094282104496987, 0.3094282104496987, 0.3094282104496987, 0.02390512307084688, 0.02390512307110778, 0.023905123070672947,
180, 0.33093937476568336, 0.33093937476568336, 0.33093937476568336, 0.0023939587553647407, 0.0023939587553995774, 0.002393958755338613,
181, 0.30884558831439957, 0.30884558831439957, 0.30884558831439957, 0.024487745206935363, 0.024487745207291706, 0.024487745206846278,
182, 0.0033606836485083466, 0.0033606836485083466, 0.0033606836485205725, 0.3299726498720219, 0.3299726498768237, 0.32997264986962105,
183, 0.17621163514769791, 0.17621163514769791, 0.17621163514769791, 0.15712169837249657, 0.15712169837421136, 0.15712169837249657,
184, 0.0032008261059585414, 0.0032008261059585414, 0.0032008261059585414, 0.33013250741422506, 0.3301325074166271, 0.330132507413024,
185, 0.033746126787305465, 0.033746126787305465, 0.033746126787305465, 0.2995872067335055, 0.29958720673568523, 0.29958720673132566,
186, 0.30884215396192943, 0.30884215396192943, 0.30884215396192943, 0.02449117955900486, 0.024491179559450352, 0.02449117955900486,
187, 0.30809629965017915, 0.30809629965017915, 0.30809629965017915, 0.025237033872525294, 0.025237033872892542, 0.025237033872433482,
188, 0.33087557559214015, 0.33087557559214015, 0.33087557559334385, 0.002457757930408946, 0.0024577579304447114, 0.002457757930408946,
189, 0.30753040709250873, 0.30753040709250873, 0.3075304070936275, 0.02580292643054163, 0.025802926430917115, 0.025802926430353892,
190, 0.1802452433185036, 0.1802452433185036, 0.18024524331915934, 0.1530880902043822, 0.153088090206053, 0.15308809020326833,
191, 0.003568315677819543, 0.003568315677819543, 0.003568315677819543, 0.32976501784461765, 0.329765017847017, 0.32976501784341794,
192, 0.0037569350075974525, 0.0037569350075974525, 0.0037569350075974525, 0.329576398515251, 0.329576398517649, 0.32957639851285303,
193, 0.31019606102816033, 0.31019606102816033, 0.31019606102816033, 0.023137272494790653, 0.023137272495043174, 0.023137272494790653,
194, 0.003559268034178209, 0.003559268034178209, 0.003559268034178209, 0.32977406548783444, 0.32977406549143357, 0.3297740654866347,
195, 0.00376599046014626, 0.00376599046014626, 0.00376599046014626, 0.3295673430610927, 0.32956734306588853, 0.3295673430598937,
196, 0.18690233989052268, 0.18690233989052268, 0.18690233989120264, 0.14643099363128187, 0.14643099363288, 0.14643099363074916,
197, 0.3308295019527229, 0.3308295019527229, 0.3308295019527229, 0.0025038315698543852, 0.002503831569890821, 0.0025038315698543852,
198, 0.031179005958622455, 0.031179005958622455, 0.03117900595873588, 0.30215432756324245, 0.3021543275665401, 0.30215432755994476,
199, 0.3090015182202463, 0.3090015182202463, 0.3090015182202463, 0.024331815302243594, 0.02433181530242063, 0.024331815302155075,
200, 0.03210746435148861, 0.03210746435148861, 0.03210746435160542, 0.30122586917047345, 0.30122586917376104, 0.3012258691693776,
201, 0.03291958369422139, 0.03291958369422139, 0.03291958369422139, 0.30041374982793906, 0.3004137498312177, 0.30041374982575325,
202, 0.33102804360633337, 0.33102804360633337, 0.33102804360633337, 0.002305289915791963, 0.002305289915808736, 0.0023052899157835764,
203, 0.003950362501630076, 0.003950362501630076, 0.003950362501644447, 0.3293829710199093, 0.3293829710247025, 0.32938297101751274,
204, 0.17836664381100228, 0.17836664381100228, 0.17836664381100228, 0.1549666897105786, 0.1549666897117061, 0.15496668971001482,
205, 0.032024493192331374, 0.032024493192331374, 0.032024493192331374, 0.3013088403294521, 0.3013088403327406, 0.3013088403272598,
206, 0.3089022355760429, 0.3089022355760429, 0.3089022355760429, 0.024431097945857943, 0.02443109794612458, 0.024431097945769063,
207, 0.17521044300307007, 0.17521044300307007, 0.1752104430043449, 0.15812289051787984, 0.15812289052075607, 0.15812289051730458,
208, 0.3088139443968161, 0.3088139443968161, 0.3088139443979395, 0.024519389125040852, 0.024519389125486856, 0.024519389125040852,
209, 0.30823376160565524, 0.30823376160565524, 0.3082337616067766, 0.025099571916413516, 0.025099571916687453, 0.025099571916322207,
210, 0.03119131155845383, 0.03119131155845383, 0.031191311558567306, 0.30214202196190737, 0.3021420219674033, 0.3021420219608082,
211, 0.3095718974445561, 0.3095718974445561, 0.3095718974445561, 0.023761436077775533, 0.02376143607794842, 0.023761436077775533,
212, 0.0031925908830719263, 0.0031925908830719263, 0.0031925908830835407, 0.3301407426382402, 0.33014074264184334, 0.3301407426358381,
213, 0.032111842234197725, 0.032111842234197725, 0.03211184223431454, 0.30122149128687026, 0.3012214912901578, 0.3012214912857744,
214, 0.33095231263138963, 0.33095231263138963, 0.33095231263259367, 0.0023810208909999502, 0.0023810208910259364, 0.0023810208909999502,
215, 0.3093071293348888, 0.3093071293348888, 0.30930712933601406, 0.02402620418652552, 0.024026204186962552, 0.024026204186438114,
216, 0.3088775406842804, 0.3088775406842804, 0.3088775406842804, 0.024455792839497805, 0.024455792839764717, 0.024455792839319868,
217, 0.03212428591362081, 0.03212428591362081, 0.03212428591373768, 0.30120904760997136, 0.30120904761325873, 0.3012090476077798,
218, 0.003576417575983464, 0.003576417575983464, 0.003576417575996475, 0.32975691594657747, 0.32975691594897677, 0.32975691594657747,
219, 0.03552003603713943, 0.03552003603713943, 0.03552003603726865, 0.297813297485749, 0.29781329748791585, 0.29781329748466556,
220, 0.18051395145034235, 0.18051395145034235, 0.18051395145034235, 0.15281938207238097, 0.15281938207349288, 0.15281938207238097,
221, 0.03218008265229045, 0.03218008265229045, 0.03218008265240752, 0.3011532508704524, 0.30115325087373923, 0.30115325086935685,
222, 0.0347577085650942, 0.0347577085650942, 0.034757708565220646, 0.2985756249576312, 0.29857562496088985, 0.298575624956545,
223, 0.03549661155953974, 0.03549661155953974, 0.03549661155953974, 0.29783672196407934, 0.2978367219662464, 0.2978367219619123,
224, 0.18685065781238666, 0.18685065781238666, 0.18685065781306642, 0.1464826757102825, 0.1464826757124141, 0.1464826757092167,
225, 0.3310127814223769, 0.3310127814223769, 0.3310127814223769, 0.0023205521010486773, 0.0023205521010740034, 0.002320552101040235,
226, 0.18661679344524046, 0.18661679344524046, 0.18661679344591936, 0.14671654007820017, 0.1467165400803352, 0.1467165400776664,
227, 0.1799081911644443, 0.1799081911644443, 0.1799081911644443, 0.1534251423598577, 0.15342514236153218, 0.15342514235818325,
228, 0.3309454002469138, 0.3309454002469138, 0.3309454002481178, 0.0023879332764754784, 0.00238793327650154, 0.002387933276458104,
229, 0.3094278659719895, 0.3094278659719895, 0.3094278659719895, 0.023905467552619263, 0.02390546755296713, 0.023905467552532294,
230, 0.03355024867334591, 0.03355024867334591, 0.03355024867346797, 0.29978308485074595, 0.2997830848540177, 0.2997830848474741,
231, 0.33101973080682595, 0.33101973080682595, 0.33101973080682595, 0.0023136027175387434, 0.002313602717563994, 0.0023136027175303265,
232, 0.18690238970206843, 0.18690238970206843, 0.1869023897027484, 0.1464309438215733, 0.14643094382370414, 0.1464309438215733,
233, 0.0035451525431159474, 0.0035451525431159474, 0.0035451525431159474, 0.32978818098081714, 0.3297881809856162, 0.3297881809784176,
234, 0.33096637576424304, 0.33096637576424304, 0.33096637576424304, 0.0023669577603621507, 0.0023669577603793726, 0.0023669577603449288,
235, 0.035315987452698205, 0.035315987452698205, 0.035315987452698205, 0.29801734607129476, 0.2980173460745473, 0.2980173460680422,
236, 0.18006388307725263, 0.18006388307725263, 0.1800638830779077, 0.15326945044639625, 0.15326945044806903, 0.15326945044528106,
237, 0.30815543957572256, 0.30815543957572256, 0.30815543957572256, 0.025177893947730096, 0.025177893948096483, 0.025177893947638502,
238, 0.3307564809019767, 0.3307564809019767, 0.33075648090318, 0.002576852621094264, 0.0025768526211223876, 0.0025768526210848894,
239, 0.03291926916950907, 0.03291926916950907, 0.03291926916962883, 0.30041406435346524, 0.30041406435783685, 0.30041406435237233,
240, 0.03291915093561564, 0.03291915093561564, 0.0329191509357354, 0.300414182587782, 0.3004141825899678, 0.30041418258668917,
241, 0.3309579667566933, 0.3309579667566933, 0.33095796675910133, 0.0023753667662894016, 0.0023753667663239677, 0.00237536676628076,
242, 0.18685236721968868, 0.18685236721968868, 0.1868523672210482, 0.14648096630269536, 0.14648096630429405, 0.14648096630216248,
243, 0.03449582579251711, 0.03449582579251711, 0.034495825792642605, 0.29883750773153833, 0.29883750773371265, 0.298837507729364,
244, 0.3090003793247719, 0.3090003793247719, 0.3090003793247719, 0.024332954200098525, 0.02433295420027557, 0.02433295419992148,
245, 0.031345804782190366, 0.031345804782190366, 0.0313458047823044, 0.3019875287430629, 0.30198752874635876, 0.30198752874086565,
246, 0.03228338447589319, 0.03228338447589319, 0.03228338447589319, 0.30104994904991283, 0.30104994905210325, 0.3010499490488176,
247, 0.003753319186495124, 0.003753319186495124, 0.003753319186495124, 0.3295800143387157, 0.3295800143435117, 0.32958001433751666,
248, 0.330896062339936, 0.330896062339936, 0.330896062339936, 0.002437271186294355, 0.002437271186320955, 0.0024372711862854883,
249, 0.1840601113783308, 0.1840601113783308, 0.1840601113790004, 0.1492732221470486, 0.1492732221492208, 0.14927322214541944,
250, 0.3308222389914159, 0.3308222389914159, 0.3308222389914159, 0.002511094535057655, 0.002511094535085061, 0.0025110945350393845,
251, 0.18186905374932946, 0.18186905374932946, 0.18186905374932946, 0.15146427977543678, 0.15146427977819188, 0.15146427977488575,
252, 0.3309443027039254, 0.3309443027039254, 0.3309443027039254, 0.002389030821788632, 0.0023890308218147056, 0.002389030821771249,
253, 0.3310064518520763, 0.3310064518520763, 0.3310064518520763, 0.0023268816736922893, 0.0023268816737176848, 0.002326881673675359,
254, 0.18190466339255035, 0.18190466339255035, 0.18190466339255035, 0.1514286701330304, 0.15142867013468309, 0.15142867013137773,
255, 0.3088984852489838, 0.3088984852489838, 0.3088984852489838, 0.02443484827649615, 0.02443484827676283, 0.024434848276407257,
256, 0.03372874732609261, 0.03372874732609261, 0.03372874732609261, 0.2996045861983949, 0.2996045862016648, 0.29960458619730496,
257, 0.03228222570392063, 0.03228222570392063, 0.03228222570403807, 0.30105110782180244, 0.3010511078239929, 0.30105110781961203,
258, 0.0033902848409413057, 0.0033902848409413057, 0.0033902848409413057, 0.3299430486836096, 0.3299430486872105, 0.3299430486836096,
259, 0.003202297979464564, 0.003202297979464564, 0.003202297979464564, 0.33013103554592005, 0.33013103554952306, 0.330131035543518,
260, 0.18293531105864233, 0.18293531105864233, 0.18293531105930785, 0.15039802246711598, 0.15039802246821027, 0.15039802246602169,
261, 0.0037639426631425623, 0.0037639426631425623, 0.0037639426631425623, 0.32956939086186704, 0.3295693908666629, 0.3295693908594691,
262, 0.03552007217488292, 0.03552007217488292, 0.035520072175012136, 0.2978132613509115, 0.2978132613530784, 0.29781326134982805,
263, 0.18026919614946288, 0.18026919614946288, 0.18026919614946288, 0.153064137376995, 0.1530641373781087, 0.15306413737643818,
264, 0.18214941210319885, 0.18214941210319885, 0.18214941210319885, 0.15118392142370482, 0.15118392142590484, 0.1511839214220548,
265, 0.30937263275466687, 0.30937263275466687, 0.30937263275466687, 0.023960700772022572, 0.02396070077228408, 0.023960700771848236,
266, 0.3082461002363384, 0.3082461002363384, 0.3082461002363384, 0.02508723329075552, 0.025087233291029323, 0.025087233290572986,
267, 0.003733189321361386, 0.003733189321361386, 0.003733189321374967, 0.3296001442048795, 0.3296001442096758, 0.32960014420248135,
268, 0.3307644183348043, 0.3307644183348043, 0.3307644183360076, 0.002568915192803737, 0.0025689151928224288, 0.0025689151927943917,
269, 0.17954436325590026, 0.17954436325590026, 0.17954436325655343, 0.15378897027159313, 0.15378897027327157, 0.1537889702699147,
270, 0.33089484317808876, 0.33089484317808876, 0.3308948431792926, 0.0024384903498716197, 0.0024384903498982334, 0.0024384903498627488,
271, 0.03373269747531634, 0.03373269747531634, 0.03373269747543906, 0.29960063605263315, 0.299600636055903, 0.2996006360515432,
272, 0.0035572832906473582, 0.0035572832906473582, 0.0035572832906602997, 0.32977605023700113, 0.32977605024060025, 0.32977605023580137,
273, 0.3089139878402152, 0.3089139878402152, 0.3089139878402152, 0.024419345689021744, 0.024419345689288253, 0.02441934568884407,
274, 0.1774159740622365, 0.1774159740622365, 0.1774159740622365, 0.1559173594671992, 0.15591735946890087, 0.15591735946606475,
275, 0.30830647842846337, 0.30830647842846337, 0.30830647842846337, 0.025026855100882733, 0.025026855101064827, 0.02502685510070064,
276, 0.003372045908128617, 0.003372045908128617, 0.003372045908128617, 0.3299612876199802, 0.3299612876235814, 0.32996128761877985,
277, 0.003559347861991175, 0.003559347861991175, 0.003559347862004124, 0.3297739856662683, 0.32977398566986743, 0.3297739856650686,
278, 0.3094410477843495, 0.3094410477843495, 0.30944104778547527, 0.023892285743297513, 0.023892285743558273, 0.023892285743036753,
279, 0.33087541943379783, 0.33087541943379783, 0.33087541943379783, 0.0024579140946368763, 0.0024579140946726437, 0.0024579140946189926,
280, 0.30944113878580515, 0.30944113878580515, 0.30944113878580515, 0.023892194743051955, 0.023892194743312712, 0.02389219474287812,
281, 0.003351825911528665, 0.003351825911528665, 0.0033518259115530528, 0.32998150761642236, 0.3299815076212242, 0.32998150761282097,
282, 0.31063432886849385, 0.31063432886849385, 0.31063432886962394, 0.022699004660660323, 0.02269900466082548, 0.022699004660577744,
283, 0.3087528157018421, 0.3087528157018421, 0.3087528157018421, 0.0245805178270371, 0.024580517827394795, 0.024580517826858255,
284, 0.30931719862412943, 0.30931719862412943, 0.30931719862412943, 0.024016134904650707, 0.024016134904912816, 0.024016134904475964,
285, 0.30810597388433214, 0.30810597388433214, 0.30810597388433214, 0.025227359645038496, 0.025227359645405602, 0.025227359644763164,
286, 0.30930752354157115, 0.30930752354157115, 0.3093075235426964, 0.024025809987441145, 0.024025809987878174, 0.02402580998735374,
287, 0.33082487693462254, 0.33082487693462254, 0.3308248769358261, 0.0025084565947800373, 0.0025084565948074143, 0.0025084565947800373,
288, 0.0033589687234145613, 0.0033589687234145613, 0.003358968723451221, 0.32997436480498277, 0.32997436480858405, 0.32997436480258185,
289, 0.18031817919171822, 0.18031817919171822, 0.1803181791930302, 0.15301515433744675, 0.15301515433911675, 0.15301515433689009,
290, 0.18430464187266699, 0.18430464187266699, 0.18430464187400797, 0.14902869165646435, 0.149028691658633, 0.14902869165538002,
291, 0.3308803966046448, 0.3308803966046448, 0.330880396608256, 0.0024529369250300926, 0.0024529369250657876, 0.002452936925021169,
292, 0.33087442491284264, 0.33087442491284264, 0.33087442491645375, 0.0024589086183011144, 0.002458908618336896, 0.0024589086182832233,
293, 0.30873412373812803, 0.30873412373812803, 0.3087341237403744, 0.024599209793761047, 0.02459920979402952, 0.024599209793492574,
