Optimize time:0.15925365520848167
Begin Prob:-27297.392487212768
End Prob:-27287.732058018835
Substitution parameters:[0.21642644568541575, 0.2719218404321058, 0.2782199781813541, 0.2334317357011243, 0.656072117839797]
Trees:
(3:150.77460561195122,(2:256.07459752834416,(1:145.8988878522817,4:145.8988878522817):145.8988878522817):152.6387206207995);
(3:145.8988878522817,(4:154.29474982833037,(1:244.59202662151387,2:145.8988878522817):203.42106423128917):145.8988878522817);
(3:0.749053,(1:145.8988878522817,(2:0.639625,4:1.0554):1e-06):0.749053);

Position, Posteriors1, Posteriors2, Posteriors3,
0, 0.31838221528531224, 0.350700002351009, 0.3309177832908697,
1, 0.32195728864248535, 0.34718321419882625, 0.33085949808552506,
2, 0.3289774986930024, 0.33837763563625006, 0.3326448665980359,
3, 0.32676099281671234, 0.33328191240558175, 0.33995709570511934,
4, 0.3384714912917335, 0.3245101506299386, 0.33701835900690225,
5, 0.3426536801126029, 0.32595393066314593, 0.33139239015345234,
6, 0.3329776009366222, 0.33482188343953306, 0.33220051655241467,
7, 0.320546948266782, 0.35042730622724505, 0.32902574643369975,
8, 0.3343534563228361, 0.3313242666902678, 0.33432227791290764,
9, 0.33233715840227296, 0.3342215658274971, 0.33344127669697643,
10, 0.3211001527728261, 0.34324141375445677, 0.3356584343975409,
11, 0.32435059682890544, 0.3440791610900949, 0.3315702430079309,
12, 0.3367718778065994, 0.3296681779673095, 0.3335599451533119,
13, 0.332816082592362, 0.33106873326044645, 0.33611518507510874,
14, 0.3348428846390846, 0.33189389448970075, 0.333263221798659,
15, 0.33413576740123, 0.3328495026374013, 0.33301473088903855,
16, 0.3357817013904538, 0.3309958736255818, 0.3332224259107897,
17, 0.3507896828714473, 0.3226269531540231, 0.3265833649009642,
18, 0.3195122309737999, 0.34296087855661705, 0.33752689139683434,
19, 0.3301446497412962, 0.3346377629543401, 0.3352175882313534,
20, 0.35485058950489257, 0.3193060910261538, 0.32584332039637215,
21, 0.33711196216846034, 0.3300297707623167, 0.33285826799611523,
22, 0.3411524454587722, 0.3280999772624224, 0.33074757820677014,
23, 0.32136670253834326, 0.3476658559360666, 0.33096744245313947,
24, 0.3282506008237841, 0.3403185430941862, 0.3314308570093386,
25, 0.3230528162073653, 0.34609479051122266, 0.33085239420834406,
26, 0.33347077984766965, 0.33368524405609123, 0.3328439770234061,
27, 0.323464353662934, 0.34128524275860467, 0.3352504045063761,
28, 0.32660621564516007, 0.34050023055318146, 0.33289355473046395,
29, 0.3378450412641903, 0.3289629099752676, 0.33319204969045546,
30, 0.35895858207748277, 0.31699896373143704, 0.3240424551183616,
31, 0.32936098198748004, 0.3403026546181284, 0.33033636432315455,
32, 0.3312343150867006, 0.3330688205116187, 0.3356968653286199,
33, 0.32899928209960627, 0.3379950766618833, 0.33300564216524337,
34, 0.31766464808145156, 0.344218820882048, 0.3381165319621904,
35, 0.33647301169810895, 0.3295531040746989, 0.33397388515467363,
36, 0.340122907522837, 0.32677928576071036, 0.3330978076433808,
37, 0.34852802023775503, 0.32139358491999287, 0.33007839577034986,
38, 0.33265490975922235, 0.3357222163904444, 0.33162287477920405,
39, 0.3421931399094857, 0.32697251766227636, 0.33083434335635814,
40, 0.3344253351356399, 0.3325152763676127, 0.33305938942578767,
41, 0.3248520586035604, 0.33970820860555717, 0.33543973372086844,
42, 0.33793777943874764, 0.3281255526702339, 0.3339366688213965,
43, 0.34202918469993276, 0.3225036941441184, 0.33546712208602764,
44, 0.36097202153886504, 0.3142179870911178, 0.32480999230272406,
45, 0.3415851279858077, 0.3231192233358524, 0.3352956496116253,
46, 0.33508205541022956, 0.3306722968234978, 0.33424564869739665,
47, 0.32327934645113793, 0.33482409758304355, 0.3418965568967428,
48, 0.3285646704752956, 0.33710556296810124, 0.33432976748948945,
49, 0.32193790029374025, 0.3350949089149446, 0.34296719172439777,
50, 0.3322735379986753, 0.3333503057017915, 0.33437615723376657,
51, 0.3329833294374387, 0.33219815555406773, 0.33481851594219303,
52, 0.3301098884683489, 0.33130934631223163, 0.33858076615274324,
53, 0.3329825256351463, 0.33513687205414794, 0.3318806032435292,
54, 0.35210517681566667, 0.32219977234445607, 0.3256950517736572,
55, 0.33302641569562896, 0.3353982243165843, 0.33157536092159023,
56, 0.3304848621632652, 0.33348577849080824, 0.33602936027964475,
57, 0.3193834368828595, 0.34631113452007806, 0.33430542953152903,
58, 0.35247868341746885, 0.321154612786291, 0.3263667047296829,
59, 0.33948789411694413, 0.3272032133397258, 0.3333088934789245,
60, 0.3303497717209734, 0.3301593070093138, 0.3394909222032293,
61, 0.3365917686524573, 0.3285505185475999, 0.33485771373417544,
62, 0.3284418097285706, 0.3324147330535018, 0.33914345815308383,
63, 0.32340879133045264, 0.34613717319797715, 0.3304540364048549,
64, 0.36754528932860125, 0.3125965296496654, 0.31985818195317806,
65, 0.3396296507819226, 0.3274191024889871, 0.3329512476616821,
66, 0.33037910797007347, 0.3368997917400416, 0.3327211012225275,
67, 0.3301290902257804, 0.33111767027057576, 0.3387532404359076,
68, 0.3357574722164834, 0.3288383606586864, 0.33540416805466117,
69, 0.33809138849533144, 0.3253093384031146, 0.33659927403420453,
70, 0.3304443454300817, 0.3371474652539591, 0.3324081902493025,
71, 0.32290040208817133, 0.3449379402048815, 0.3321616586391136,
72, 0.33481231272076384, 0.33047334082240265, 0.33471434738897154,
73, 0.33382561935489014, 0.3325750960002307, 0.33359928557764584,
74, 0.33614227987652345, 0.3307309728895484, 0.3331267481659384,
75, 0.35410906557785027, 0.32068597624126277, 0.32520495911373837,
76, 0.3334074542347577, 0.33557068705025644, 0.3310218596475387,
77, 0.3316774804579389, 0.3364402427359573, 0.33188227773868445,
78, 0.3378979070203504, 0.32878514218285315, 0.3333169517306216,
79, 0.33349529774545517, 0.33275541818299303, 0.3337492850043563,
80, 0.328930672202345, 0.33124820390299997, 0.33982112482751914,
81, 0.334822299949547, 0.33128246287068347, 0.33389523811242855,
82, 0.3334444603545876, 0.33207989176812425, 0.334475648811051,
83, 0.33140703786590214, 0.3323864174180122, 0.33620654564847074,
84, 0.3266887251982761, 0.3404332343316411, 0.3328780414039052,
85, 0.33028444907329935, 0.33761633971343447, 0.33209921214792565,
86, 0.3329773246291219, 0.33369536736813527, 0.33332730893737017,
87, 0.33264487683715727, 0.3335496530782865, 0.3338054710190896,
88, 0.3257760220131755, 0.3431206128482721, 0.33110336607525015,
89, 0.32678999654650653, 0.3424615668350596, 0.33074843755651157,
90, 0.34185885479324823, 0.3279219928766827, 0.33021915326820434,
91, 0.3288461816600601, 0.33943561647776277, 0.3317182027996171,
92, 0.32359505400321675, 0.34449926149478505, 0.3319056854390555,
93, 0.32264320509615396, 0.3369563132901025, 0.3404004825513133,
94, 0.32034993487861, 0.33522338671310686, 0.34442667934637644,
95, 0.32477521318624414, 0.3348076051311959, 0.34041718261963694,
96, 0.3424417047555565, 0.326333791783494, 0.3312245043988687,
97, 0.33134855343506175, 0.3365658639803288, 0.33208558352088147,
98, 0.3370941750731455, 0.3293202560057194, 0.33358556985719523,
99, 0.3271538465193081, 0.3371036612595297, 0.3357424931595157,
100, 0.31849529325907744, 0.3523700908040601, 0.32913461687566936,
101, 0.3279031947432861, 0.3395441637726378, 0.332552642422974,
102, 0.3229580776400829, 0.3349938587759484, 0.34204806452465103,
103, 0.3366971726321972, 0.32881611145567147, 0.3344867168543038,
104, 0.3364923249122804, 0.33000252455834317, 0.33350515147092225,
105, 0.33640457507761307, 0.32655454365614794, 0.3370408822090359,
106, 0.31654510916498124, 0.3438108798915946, 0.33964401188633375,
107, 0.3366823737105301, 0.3260377898143102, 0.3372798374205164,
108, 0.3379821817134402, 0.3283065206670934, 0.33371129856522214,
109, 0.3305504730132478, 0.33769544838550924, 0.3317540795447441,
110, 0.32564070173465237, 0.343694842925997, 0.3306644562855355,
111, 0.3477819886410649, 0.32259308737172226, 0.3296249249320299,
112, 0.33378515753733323, 0.33392352950250087, 0.3322913139068501,
113, 0.3378691684483852, 0.32608794481081216, 0.3360428876874761,
114, 0.3313701015376907, 0.3359701144745164, 0.33265978493527254,
115, 0.32748531100583167, 0.3398999724220092, 0.33261471751954186,
116, 0.33732071947404224, 0.329288868642923, 0.33339041283235094,
117, 0.3373192026320144, 0.32890192319972034, 0.33377887511646487,
118, 0.32306491222484884, 0.3408719308847293, 0.3360631578405592,
119, 0.3359545774775926, 0.32975998661760386, 0.33428543685600015,
120, 0.32732971361664226, 0.3350211281072625, 0.3376491592287345,
121, 0.31916728075846584, 0.3490108072976772, 0.3318219128953348,
122, 0.3326584812810622, 0.3337882224748653, 0.33355329719594384,
123, 0.32547767770483726, 0.33497731195117425, 0.33954501129661174,
124, 0.33523310481589375, 0.3292701854033519, 0.33549671073256204,
125, 0.3383773804687621, 0.32506926003743164, 0.3365533604457541,
126, 0.3341965956487151, 0.332035554697544, 0.3337678506056849,
127, 0.3325818481290389, 0.3312559545713656, 0.3361621982529112,
128, 0.3357709228472309, 0.33100619366084344, 0.3332228844445594,
129, 0.33799394737437066, 0.329494693397175, 0.3325113601817838,
130, 0.34981124132427477, 0.3201443442926749, 0.33004441533571593,
131, 0.3381385424586606, 0.3274498786053098, 0.33441157989047793,
132, 0.3384309487994157, 0.3242931625134588, 0.33727588964189853,
133, 0.33095389127694413, 0.32995685772604866, 0.3390892519501923,
134, 0.3350046469930306, 0.33154091100063365, 0.3334544429583158,
135, 0.3297607212505211, 0.3382749583935006, 0.33196432130892367,
136, 0.3296120106763961, 0.3384056731617273, 0.3319823171147641,
137, 0.33361162582334053, 0.33275637831357796, 0.3336319968172568,
138, 0.3270808542765861, 0.332710064152366, 0.3402090825248626,
139, 0.31914602900485023, 0.3435976895906439, 0.3372562823591305,
140, 0.32193071593788414, 0.34227740950297836, 0.3357918755119919,
141, 0.3279736554652758, 0.3388759746545228, 0.333150370830444,
142, 0.3200974820249641, 0.33954090160477374, 0.3403616173210253,
143, 0.32700075279373525, 0.33428933564731883, 0.33870991251116095,
144, 0.332438374791321, 0.3331212207270545, 0.334440405434509,
145, 0.32946679548269936, 0.3308662831844234, 0.3396669222829271,
146, 0.33622060523290526, 0.3285880062860554, 0.3351913894316695,
147, 0.326249297219862, 0.3320144672079486, 0.34173623652179574,
148, 0.35828763016178183, 0.31700873983654915, 0.32470363095018806,
149, 0.32740350093341875, 0.3423978382128275, 0.3301986618006916,
150, 0.334888747301834, 0.3325468246371571, 0.3325644290076284,
151, 0.3355119588689093, 0.3315158254734692, 0.33297221660607,
152, 0.3376335049663867, 0.32821934228870453, 0.33414715369248454,
153, 0.3274966903992142, 0.33290827893217056, 0.33959503161642834,
154, 0.3356887555303929, 0.33156284896216803, 0.3327483964553832,
155, 0.35592399277791, 0.3194624824154148, 0.3246135257549455,
156, 0.3614785468811869, 0.3162090382400896, 0.32231241582571485,
157, 0.3235102528606378, 0.34883244232813654, 0.327657305760112,
158, 0.33605862967650885, 0.3313316189299355, 0.33260975234386847,
159, 0.3307761190900354, 0.33709200314479054, 0.33213187871527183,
160, 0.337037422435576, 0.32879534820737166, 0.33416723030679335,
161, 0.34447597453474416, 0.3263570659127683, 0.3291669605012668,
162, 0.3287879836138967, 0.3364946711937375, 0.33471734614091536,
163, 0.3186870323384379, 0.3514403632453287, 0.3298726053660493,
164, 0.3227465681267255, 0.3380204192968489, 0.33923301352546975,
165, 0.32610774688314237, 0.3370618205739786, 0.33683043349186736,
166, 0.3240436120685482, 0.34337386271328346, 0.332582526169681,
167, 0.33132367975974775, 0.3361031946467268, 0.33257312654227744,
168, 0.32534689913765513, 0.3436632487901315, 0.3309898530220903,
169, 0.324188918516247, 0.34487822075564195, 0.3309328616794656,
170, 0.3312170166753065, 0.3358134160988113, 0.3329695681772409,
171, 0.3236306422562077, 0.34065290817733995, 0.33571645051843363,
172, 0.3302431908530584, 0.3331572273715767, 0.33659958272644414,
173, 0.3303124792509459, 0.33784091251085824, 0.3318466091903276,
174, 0.35113426780250545, 0.322323564641067, 0.32654216851016865,
175, 0.3277883654848723, 0.3335769922409712, 0.33863464322831666,
176, 0.33624734952966223, 0.3289114824107291, 0.3348411690137813,
177, 0.32813633276698473, 0.3320228108667838, 0.33984085731964775,
178, 0.345290835774479, 0.3231729089651731, 0.3315362562131685,
179, 0.332567845257824, 0.33556401854444556, 0.3318681371501761,
180, 0.33345080952587763, 0.3339009451566916, 0.33264824627067024,
181, 0.3263456793426188, 0.34268370589757885, 0.3309706157127032,
182, 0.3313976305879365, 0.3364884958896055, 0.33211387447590723,
183, 0.3214508026687909, 0.3505418739076239, 0.32800732437973623,
184, 0.34874780307735664, 0.32509253986840286, 0.32615965800748803,
185, 0.37261348864628197, 0.3092272680405883, 0.3181592442676904,
186, 0.33824677299466555, 0.33056327670240526, 0.331189951258647,
187, 0.33452012215243954, 0.3316325922672432, 0.33384728653554163,
188, 0.3343545841254874, 0.332354590135351, 0.3332908266944015,
189, 0.339471379641911, 0.3250621596367361, 0.3354664616759077,
190, 0.3459174807979999, 0.3238509470061352, 0.33023157315213864,
191, 0.3309232255287557, 0.3313374336251423, 0.3377393418033161,
192, 0.3395718540447409, 0.32401673581486456, 0.3364114110972253,
193, 0.34845554718244537, 0.3210956925651293, 0.3304487612084469,
194, 0.33263228502291414, 0.335933313938701, 0.33143440199454577,
195, 0.3432013932797302, 0.3258327854567369, 0.3309658222201908,
196, 0.3297524562696012, 0.33126538290891844, 0.3389821617765241,
197, 0.32782898530909155, 0.3391822698046724, 0.3329887458391638,
198, 0.34150135931155956, 0.3283616735670885, 0.33013696807436443,
199, 0.32049561719017744, 0.34928258475670987, 0.3302217990057229,
200, 0.3181436753782918, 0.3408694540957973, 0.34098687147895534,
201, 0.3305263055187535, 0.3319983320149256, 0.3374753634202178,
202, 0.3382152712822536, 0.3279502518060984, 0.3338344778640332,
203, 0.33730533607650964, 0.33018051499145457, 0.33251414988439637,
204, 0.34512126140900873, 0.32591572305940275, 0.32896301648214626,
205, 0.33382846672280775, 0.3314378897269936, 0.3347336445021286,
206, 0.32174290269618894, 0.33536262791427907, 0.3428944703415466,
207, 0.3203177789401832, 0.3424539959089534, 0.33722822610136677,
208, 0.3122920413307968, 0.34827054716370304, 0.33943741245611164,
209, 0.3164648345108997, 0.34715680322876963, 0.33637836321021664,
210, 0.3281724946893201, 0.33192886016450346, 0.3398986460960681,
211, 0.3413256402168614, 0.32350966359914457, 0.3351646971332764,
212, 0.36765160800036056, 0.310988639769051, 0.32135975317982207,
213, 0.32897195187336437, 0.33239722223932366, 0.3386308268361748,
214, 0.33689906264530173, 0.32824924194736893, 0.3348516963549107,
215, 0.32795611476195224, 0.3322605358993591, 0.33978335028721895,
216, 0.3232079254108619, 0.3442997225154654, 0.3324923530234886,
217, 0.32976029746401153, 0.33311739788362404, 0.33712230560256606,
218, 0.3228398080934944, 0.3344564284596609, 0.3427037643978476,
219, 0.33387016178084017, 0.3308173703297778, 0.3353124688391688,
220, 0.3296344744243904, 0.3385494889126617, 0.33181603761104594,
221, 0.32037395883819403, 0.3510708430035395, 0.32855519910724923,
222, 0.3363136929319638, 0.33284342181147675, 0.3308428862044946,
223, 0.3684731675158787, 0.3118135684052569, 0.31971326502474845,
224, 0.3353000127774051, 0.3342032515824245, 0.3304967365880383,
225, 0.3331334978374339, 0.333942104149068, 0.33292439896141923,
226, 0.32851171382471844, 0.33573002486323156, 0.3357582622587575,
227, 0.33177680443998164, 0.3367385710365288, 0.33148462547136215,
228, 0.352992097368328, 0.3214476037290284, 0.325560299848966,
229, 0.33737093711730215, 0.3298063800491195, 0.3328226837811583,
230, 0.3433587256994207, 0.32620951383556934, 0.3304317614121874,
231, 0.33065668911563867, 0.33772900136777484, 0.3316143104635732,
232, 0.3317918479875655, 0.3356266472085532, 0.332581505749276,
233, 0.32025081945218287, 0.34854913553202094, 0.3312000459621933,
234, 0.3281708600875112, 0.3400830422485791, 0.33174609861210175,
235, 0.32537805669676545, 0.3433195269519944, 0.3313024172997184,
236, 0.33834130245819916, 0.32654270175916605, 0.3351159967320798,
237, 0.345467163696018, 0.32535902078189677, 0.3291738164704457,
238, 0.35001094707969066, 0.3206770326252279, 0.32931202124489317,
239, 0.33226003409402755, 0.33617356843789187, 0.33156639841695834,
240, 0.3385362373255685, 0.32824591287803145, 0.3332178507445423,
241, 0.3395616982772035, 0.3270658515570514, 0.33337245111480085,
242, 0.3404620222427069, 0.32653547983506576, 0.33300249887266276,
243, 0.3468991627881701, 0.3232818324952134, 0.32981900566861905,
244, 0.3381583142405662, 0.32502475310195594, 0.33681693360783527,
245, 0.3207506537949115, 0.337636092685124, 0.3416132544692694,
246, 0.3350587253057349, 0.32930714792790095, 0.33563412771568574,
247, 0.33917756536757876, 0.32765405919777746, 0.3331683763857826,
248, 0.34209008461689544, 0.32896865353919263, 0.32894126279337293,
249, 0.321322393024468, 0.349785034848368, 0.3288925730755951,
250, 0.32435298493434894, 0.34272469931869, 0.33292231669454136,
251, 0.321062394543549, 0.33890188638598784, 0.3400357200200651,
252, 0.3515182483545506, 0.32195119939520106, 0.3265305531997799,
253, 0.33608727480885164, 0.3316803179244731, 0.33223240821837274,
254, 0.31823226827224793, 0.34747155122424167, 0.33429618145401335,
255, 0.31958563816534524, 0.35099996482879997, 0.3294143979584176,
256, 0.3332244836855454, 0.3335691004030084, 0.3332064168651978,
257, 0.3248758165091957, 0.33541360977451834, 0.3397105746683428,
258, 0.33354041663654765, 0.3319523339691195, 0.33450725034430534,
259, 0.32223910083195856, 0.33747174107051575, 0.34028915904672763,
260, 0.3523195487673091, 0.3207984976182424, 0.32688195456558655,
261, 0.33451253349781096, 0.3334440036509062, 0.3320434638016549,
262, 0.3392767580756096, 0.3241582635421708, 0.3365649793322948,
263, 0.3415625182373288, 0.3228398381955304, 0.33559764451618923,
264, 0.35660261188874925, 0.31836432733620607, 0.32503306172376134,
265, 0.35565768268215725, 0.319447241829367, 0.32489507643668575,
266, 0.3383925248100978, 0.3292260807074663, 0.3323813954323465,
267, 0.3367294309063215, 0.3264377032745235, 0.3368328667686097,
268, 0.31914734086817015, 0.33853335108017707, 0.3423193090028104,
269, 0.3228652055836168, 0.335513169027806, 0.3416216263401553,
270, 0.3190076447307836, 0.34297782231605556, 0.33801453390515773,
271, 0.32494247981133373, 0.33441727916818814, 0.3406402419742509,
272, 0.3366851126551062, 0.3292290797770118, 0.3340858085219147,
273, 0.33152183713589584, 0.33702853613440864, 0.3314496276810097,
274, 0.3511532880151529, 0.3232079026645555, 0.3256388102742817,
275, 0.32261344861534896, 0.34426250851086937, 0.33312404382712835,
276, 0.35265984125327293, 0.32105735829069365, 0.3262828014100933,
277, 0.33772925436061524, 0.3284484972408907, 0.33382224935305216,
278, 0.3321626041870024, 0.33175637178104667, 0.3360810249862367,
279, 0.32872724692235905, 0.3387856715630038, 0.33248708246734193,
280, 0.33224804327864915, 0.3352879399433136, 0.33246401773177603,
281, 0.320159289126583, 0.35103262801093943, 0.3288080838170479,
282, 0.33185204736672774, 0.33580810297212876, 0.3323398506149286,
283, 0.33125151607855474, 0.33676103377431976, 0.3319874511005697,
284, 0.3358939462173986, 0.3312129899134248, 0.3328930648220562,
285, 0.33543878682871475, 0.3299726007622908, 0.3345886133624609,
286, 0.3298593971646193, 0.334364919479656, 0.33577568431090593,
287, 0.3364892142047674, 0.33004867533395377, 0.33346211141555,
288, 0.32360687987445746, 0.3454153538022053, 0.33097776727803363,
289, 0.32987718900832724, 0.338360221867686, 0.33176259007981734,
290, 0.3343914288335349, 0.3321037443769157, 0.3335048277448895,
291, 0.32890146868900644, 0.3318361853845093, 0.3392623468782169,
292, 0.32948539468293087, 0.33772460867800713, 0.33278999758979216,
293, 0.33337862375517135, 0.33355330351442924, 0.33306807368160707,
294, 0.3346517187591918, 0.33126723635128497, 0.3340810458400519,
295, 0.3255782798317887, 0.34322989390252157, 0.3311918272148532,
296, 0.3231201712564558, 0.3456540483595622, 0.3312257813340547,
297, 0.3366706960582206, 0.32716801483307895, 0.3361612900577407,
298, 0.33205589360488846, 0.3333375540970439, 0.33460655324890487,
299, 0.3171796735715877, 0.34789143698615155, 0.33492889039156964,
300, 0.3321369135137687, 0.33445174425386026, 0.33341134318031845,
301, 0.3366074831169177, 0.32859993064648435, 0.33479258718509747,
302, 0.33955521159526064, 0.32735115276340243, 0.3330936365910599,
303, 0.3465477518165268, 0.3241643674030535, 0.3292878817310265,
304, 0.3361523472069143, 0.33167445918515515, 0.3321731945592147,
305, 0.3237220988844807, 0.34521608556675976, 0.33106181649926975,
306, 0.33117438113970726, 0.33509363259809943, 0.333731987211306,
307, 0.3237298975523877, 0.33432279843984103, 0.3419473049546772,
308, 0.3362951102190679, 0.3284819132220829, 0.3352229775079502,
309, 0.3295352945268017, 0.33083492756412697, 0.3396297788581924,
310, 0.3329380630498373, 0.33296106683615906, 0.334100871063699,
311, 0.334014527484933, 0.3335908855437989, 0.33239458792004584,
312, 0.31810527144274553, 0.3536527723452937, 0.32824195716219473,
313, 0.3179034695048958, 0.35351001398571014, 0.3285865174569284,
314, 0.3326439751555102, 0.33380246093275007, 0.33355356485737936,
315, 0.3242998518570456, 0.34448227454421937, 0.33121787454562646,
316, 0.32514334257219374, 0.34272307038160466, 0.3321335879927066,
317, 0.32477372109212205, 0.34415018890635046, 0.3310760909479659,
318, 0.32588925056996576, 0.34179306215812977, 0.33231768821817637,
319, 0.33054740216281736, 0.33678794984494864, 0.33266464893855147,
320, 0.33259229799813267, 0.3309941043988589, 0.33641359854905584,
321, 0.33920394216950867, 0.3241624446906731, 0.33663361408602077,
322, 0.34288662078894583, 0.3253183457833253, 0.3317950343743522,
323, 0.32498100766025917, 0.33578154105986097, 0.3392374522279269,
324, 0.320815866144879, 0.3444462424049345, 0.3347378923993261,
325, 0.3525600149260615, 0.32189367921373296, 0.3255463068081562,
326, 0.3361140253094844, 0.3319249987229159, 0.3319609769131415,
327, 0.3361025771018808, 0.33122628610815436, 0.33267113773645696,
328, 0.3323103934741106, 0.33492312621600223, 0.3327664812553429,
329, 0.3208486431406896, 0.3468922294718861, 0.33225912833286236,
330, 0.3156663610780951, 0.3488392511854015, 0.3354943886824184,
331, 0.32388268198818077, 0.33550345355441463, 0.34061386540525324,
332, 0.32997855750068084, 0.33253398621507047, 0.33748745723009754,
333, 0.329552638129333, 0.3376228853536877, 0.33282447746303884,
334, 0.33588646996025895, 0.32844098283091205, 0.33567254815699005,
335, 0.3190517015784579, 0.3520867581956665, 0.32886154117248806,
336, 0.32390519564339404, 0.3458726867365959, 0.3302221185682993,
337, 0.3254158466116582, 0.344002061136316, 0.3305820931997246,
338, 0.34331496596363276, 0.32666368128348294, 0.33002135369929697,
339, 0.3422428891402311, 0.3273815239624602, 0.33037558784402044,
340, 0.3241713896854068, 0.34504474431129367, 0.33078386694955364,
341, 0.3237415420326008, 0.3440534774390416, 0.33220498147571514,
342, 0.33074772736802227, 0.33372393849307136, 0.3355283350852986,
343, 0.3305419025484044, 0.3397208079560084, 0.32973729044268996,
344, 0.36938308588390883, 0.31211804104226676, 0.3184988740194678,
345, 0.33050904095270844, 0.34027093135696107, 0.3292200286354606,
346, 0.3305269149606902, 0.3376650655524166, 0.33180802043276375,
347, 0.33119053338704046, 0.33425952040687823, 0.3345499471539114,
348, 0.31609334374937564, 0.34507919985636654, 0.33882745734041414,
349, 0.3380797155476888, 0.32873132035264024, 0.33318896504505696,
350, 0.3550633305615956, 0.3190487967644601, 0.32588787362339905,
351, 0.3309141287039338, 0.3337636017761932, 0.3353222704681444,
352, 0.3321136529639575, 0.3347189432388828, 0.33316740474455553,
353, 0.3250617583522133, 0.3417436098380772, 0.3331946327585317,
354, 0.3162210572804262, 0.34584791242044716, 0.33793103124618423,
355, 0.3278464656822096, 0.33957480558429187, 0.3325787296811209,
356, 0.3323668599183736, 0.3348957667130713, 0.3327373743166405,
357, 0.3295708438121912, 0.33830952239255324, 0.33211963474343276,
358, 0.3252093973441153, 0.3419478906476492, 0.3328427129573863,
359, 0.32001754405344074, 0.34393298470424505, 0.3360494721913521,
360, 0.33124303343741607, 0.33567557464291936, 0.3330813928682261,
361, 0.32647909116170337, 0.34251817294454373, 0.3310027368415057,
362, 0.3347354410130105, 0.33273603922343775, 0.33252852071116,
363, 0.3319887749023805, 0.33571116313715826, 0.33230006290865177,
364, 0.3195346886200775, 0.35195404335950087, 0.3285112689671987,
365, 0.3319287580625306, 0.3374808061220391, 0.3305904367612407,
366, 0.3539508067525935, 0.3210561550031353, 0.3249930391892985,
367, 0.32795078666969335, 0.342068890679936, 0.3299803235967947,
368, 0.3244691577787687, 0.34361232866676916, 0.33191851449967447,
369, 0.3331057782781205, 0.33303428727951495, 0.3338599353854413,
370, 0.3389293527593094, 0.32803402890052397, 0.3330366192845005,
371, 0.3450601809560463, 0.32526290215304204, 0.32967691783564146,
372, 0.3245500301256363, 0.34015796942980076, 0.3352920013899079,
373, 0.34078417978376174, 0.3273923295236213, 0.3318234916364315,
374, 0.33145628818655015, 0.3311937296901561, 0.33734998306732394,
375, 0.32504660514342393, 0.33449213677543366, 0.34046125902588853,
376, 0.3212219436651834, 0.3419610289793919, 0.3368170283015725,
377, 0.3415758618310445, 0.32684010118822765, 0.3315840379258618,
378, 0.3321213586828034, 0.33076093634884174, 0.3371177059141044,
379, 0.3281305359236582, 0.3315924781260414, 0.3402769868943327,
380, 0.32948118367151763, 0.33620881757009813, 0.3343099997028655,
381, 0.3214018976491725, 0.33639751566848275, 0.34220058762797273,
382, 0.32172681352263827, 0.34627548010865317, 0.3319977073120762,
383, 0.35095184933781415, 0.3206279516842749, 0.3284201999222622,
384, 0.3709351616051889, 0.31000891113280393, 0.3190559282078047,
385, 0.31943911320996254, 0.3435450537795858, 0.33701583395622936,
386, 0.32699756751120396, 0.33992160894359524, 0.33308082449094023,
387, 0.3304634400219974, 0.332943703065073, 0.33659285785794996,
388, 0.3304739742911747, 0.3366008818310218, 0.33292514482250546,
389, 0.3307576119353199, 0.3327546729914725, 0.3364877160178856,
390, 0.3294599182147632, 0.3383341445090069, 0.3322059382197386,
391, 0.322012536008088, 0.34734356791481297, 0.3306438970211093,
392, 0.32353594575594563, 0.3459517271498498, 0.3305123280368332,
393, 0.31868572004152795, 0.35202917848580106, 0.3292851024159111,
394, 0.32885697692941274, 0.33571353317470953, 0.3354294908380109,
395, 0.31975474327389275, 0.34838266860228945, 0.3318625890659015,
396, 0.3360871694127689, 0.3279310807949456, 0.33598175073411013,
397, 0.3305466953353378, 0.33703080171369676, 0.33242250389491046,
398, 0.32239637582941794, 0.3468805538392194, 0.3307230712749854,
399, 0.32566860633456063, 0.3434431520335937, 0.330888242574643,
400, 0.3368009785037535, 0.3291790617647384, 0.3340199606762165,
401, 0.34871750765129994, 0.32080449067880273, 0.33047800261351207,
402, 0.3520787480688775, 0.3185976168880901, 0.32932363598665854,
403, 0.3531937237516821, 0.3182469699605291, 0.32855930723372995,
404, 0.37277623108098945, 0.3082770396667339, 0.3189467301981114,
405, 0.34344089909022657, 0.32492463822721956, 0.3316344636269475,
406, 0.33972583017099, 0.32717395056545123, 0.33310022020842983,
407, 0.34133939261710666, 0.32616344496795596, 0.33249716335859963,
408, 0.3540013292948321, 0.32007349133027224, 0.32592518032015194,
409, 0.3401650800366646, 0.3264869656495293, 0.3333479552596457,
410, 0.3483471827462683, 0.32160266536938154, 0.3300501528278318,
411, 0.33112336676255955, 0.33777968057844737, 0.3310969536047611,
412, 0.3201028666381275, 0.3511081296563149, 0.3287890046506089,
413, 0.3325041172702825, 0.33393469350658367, 0.33356119016960184,
414, 0.3374755130815487, 0.32893458259583147, 0.3335899052674627,
415, 0.33338174292966505, 0.33208320341399444, 0.334535054602628,
416, 0.36830715391171387, 0.3112275092262392, 0.3204653378048647,
417, 0.34213300735247, 0.32613076532856333, 0.3317362282621917,
418, 0.33200918386044714, 0.3357822662336047, 0.3322085508487489,
419, 0.33555229049622104, 0.3300252060048444, 0.334422504442139,
420, 0.33197484756514756, 0.33553882171491617, 0.3324863316619347,
421, 0.3349837533097836, 0.3320986371972844, 0.3329176104351004,
422, 0.33173391366593213, 0.3346227366038224, 0.3336433506733689,
423, 0.31544322060604, 0.3458092761904622, 0.3387475041473708,
424, 0.34194479948662443, 0.327708964268292, 0.33034623718793626,
425, 0.3295474465868471, 0.33067145797661224, 0.3397810963808966,
426, 0.3274074525527508, 0.33236417466917634, 0.34022837371971243,
427, 0.3137810456347083, 0.34563891344142744, 0.34058004186665347,
428, 0.32204644263963805, 0.3355964174826433, 0.3423571408205608,
429, 0.339451220341759, 0.32868112557124124, 0.3318676550289444,
430, 0.32238140066122584, 0.34687616265109233, 0.3307424376300013,
431, 0.3477858267746786, 0.3224658609574891, 0.329748313211418,
432, 0.3370850973142802, 0.32966273909945215, 0.3332521645302095,
433, 0.34878859809814894, 0.32100077865430005, 0.33021062419044056,
434, 0.33784444825906323, 0.3295125056777088, 0.3326430470079414,
435, 0.3355522764846581, 0.33029377368966906, 0.3341539507686008,
436, 0.32862188296064937, 0.33911996613495937, 0.33225815184788904,
437, 0.3316419474545052, 0.3358156975563288, 0.3325423559323672,
438, 0.3227501175213541, 0.34643066125042843, 0.33081922217294607,
439, 0.32753777459493155, 0.34095481027808566, 0.3315074160710887,
440, 0.3263212911792724, 0.3421571444250045, 0.33152156533861543,
441, 0.32043148007312233, 0.3503085194484999, 0.3292600014216723,
442, 0.3325600674655384, 0.3338591873560299, 0.3335807461228089,
443, 0.33761498018716474, 0.32910220951407054, 0.33328281124178266,
444, 0.33026020504235803, 0.33799435445458614, 0.3317454414456165,
445, 0.3235854557708775, 0.345381352393997, 0.3310331927769503,
446, 0.3359200421234899, 0.33013720078026465, 0.3339427580375758,
447, 0.32957945520474025, 0.3305150251261645, 0.3399055206111681,
448, 0.3378675466851282, 0.3277445858909076, 0.33438786836685086,
449, 0.33673119960287506, 0.32847987524838357, 0.33478892609216787,
450, 0.32209014296938643, 0.3342327717845044, 0.34367708618941806,
451, 0.3203110502772849, 0.33604547440383303, 0.3436434762618237,
452, 0.316441668962969, 0.34405372821532393, 0.3395046037646594,
453, 0.3344166494575147, 0.33061169301645543, 0.3349716584691111,
454, 0.3240382088432699, 0.3359832053080361, 0.339978586789651,
455, 0.3284494963820305, 0.3388278006069223, 0.3327227039525533,
456, 0.32413314012388045, 0.3451758965534317, 0.3306909642648811,
457, 0.317872796937186, 0.3521436119137928, 0.32998359209009376,
458, 0.3212964906433355, 0.3374794104676298, 0.3412240998310498,
459, 0.3289203541128698, 0.33782982902478176, 0.3332498178036692,
460, 0.3379004449061259, 0.3286908325774624, 0.33340872345968575,
461, 0.3376260772411234, 0.3291305885387703, 0.33324333516156174,
462, 0.32922673371567446, 0.3389825490305578, 0.33179071819632955,
463, 0.32253767046070203, 0.3466924980193402, 0.33076983246277936,
464, 0.3230204151953908, 0.346040638337563, 0.33093894740810215,
465, 0.33375135651468546, 0.33296800664009724, 0.3332806377877803,
466, 0.34577083540052134, 0.325052668870667, 0.32917649667334736,
467, 0.33539514220770755, 0.33362840560816537, 0.3309764531282755,
468, 0.35320172160546914, 0.32145107766884307, 0.3253472016684491,
469, 0.33545680988983095, 0.3329848816690573, 0.33155830938465225,
470, 0.318890994189465, 0.3516160022837394, 0.3294930044694236,
471, 0.3228868900714418, 0.3375032941984104, 0.3396098166728933,
472, 0.3342220431562368, 0.33051927123611446, 0.3352586865519602,
473, 0.33003708290859335, 0.3379508782596888, 0.33201203977737415,
474, 0.3251002597627076, 0.34360410958883664, 0.3312956315936759,
475, 0.3341432068532942, 0.33102135588103165, 0.3348354382103857,
476, 0.32985266596112117, 0.33076168482113216, 0.33938565016254724,
477, 0.3297058236866861, 0.3317636885020094, 0.33853048875548153,
478, 0.3213373446411913, 0.33595835812639424, 0.34270429817765363,
479, 0.32087286632423573, 0.34713278913289575, 0.33199434548973844,
480, 0.3219199566188697, 0.3466786978195935, 0.3314013465101558,
481, 0.32611462515999357, 0.3378159103953522, 0.33606946539282806,
482, 0.32492877227606176, 0.34095909243751815, 0.33411213623552455,
483, 0.3210448519689888, 0.3362929302432813, 0.3426622187380267,
484, 0.32316552703061263, 0.34073265011422876, 0.33610182380684356,
485, 0.35311800238030366, 0.32119309570798776, 0.325688902863019,
486, 0.34703037514870005, 0.32365220200186295, 0.32931742380139706,
487, 0.34515822606910074, 0.3250099534243538, 0.3298318214573363,
488, 0.3314656906094972, 0.33676076918933034, 0.33177354115260155,
489, 0.328269577611427, 0.3389671493751833, 0.3327632739660862,
490, 0.3206489215277069, 0.3389410784793295, 0.34041000094406454,
491, 0.3392977108079618, 0.3274259634035841, 0.3332763267381335,
492, 0.3561962299065335, 0.3188477443494843, 0.32495602669397045,
493, 0.34726312830320766, 0.32348740209959387, 0.3292494705477509,
494, 0.3199401549151792, 0.35205812976560535, 0.3280017162699628,
495, 0.3201745651037451, 0.35053511839606827, 0.3292903174514961,
496, 0.33701518262539804, 0.32762568813280996, 0.33535913019128794,
497, 0.3397302655850497, 0.3270623335364097, 0.3332074018283458,
498, 0.34337725573135575, 0.3271307512968064, 0.32949199392257,
499, 0.31706363000306864, 0.34466647945256185, 0.33826989149596765,
500, 0.3341930647673708, 0.33233378859671203, 0.33347314758579083,
501, 0.32151078866538024, 0.349807892443565, 0.32868131984116333,
502, 0.3413054945379163, 0.32870785059528224, 0.32998665581545605,
503, 0.32954900004425824, 0.33869220894951013, 0.33175879195462055,
504, 0.333675021115393, 0.33383992759018755, 0.3324850522439116,
505, 0.32009137959616646, 0.34875317139535544, 0.3311554499594295,
506, 0.3341952114740731, 0.33279039867113774, 0.33301439080526296,
507, 0.3324596228984748, 0.3311634702260265, 0.33637690782619817,
508, 0.3344443765447333, 0.3295726613732418, 0.3359829630336394,
509, 0.3566667249899338, 0.3172715908882535, 0.3260616850745877,
510, 0.32947685214972255, 0.33182209702849513, 0.3387010517737235,
511, 0.333331323642346, 0.33331721500680117, 0.333351462302827,
512, 0.32487654044444686, 0.34398274467451206, 0.33114071583325,
513, 0.3293028761643669, 0.33907825447539, 0.3316188703132728,
514, 0.32660716964386316, 0.3422793321401038, 0.3311134991677961,
515, 0.3370995350729095, 0.32997851100586156, 0.3329219548739276,
516, 0.33191829564051717, 0.33692592197135857, 0.3311557833403077,
517, 0.3577352405797251, 0.31790163013296646, 0.32436313024086894,
518, 0.3253673403325318, 0.3398606789315698, 0.33477198168890676,
519, 0.3350448042864697, 0.3322317014245867, 0.33272349524353967,
520, 0.3557830528701295, 0.31847855203591047, 0.3257383960485398,
521, 0.33980815258306335, 0.32549917279587043, 0.33469267557584687,
522, 0.32735121138171797, 0.34123059584966614, 0.3314181937229231,
523, 0.3334320177926387, 0.33289361638430776, 0.333674366777589,
524, 0.3216463275060376, 0.348802236464448, 0.3295514369828564,
525, 0.3359696150883238, 0.3323557357368218, 0.33167465012994163,
526, 0.35828603296954176, 0.3165844103261254, 0.3251295576575817,
527, 0.32584071785093355, 0.33314684417809415, 0.3410124389254032,
528, 0.3307319994054555, 0.33611918762934373, 0.33314881392114803,
529, 0.337534606971616, 0.3285460161159731, 0.33391937786680637,
530, 0.3314425347568277, 0.33105355739015263, 0.3375039088076097,
531, 0.3281811475177069, 0.3321726082891561, 0.3396462451466667,
532, 0.3263876263587025, 0.3416330395353192, 0.33197933505931126,
533, 0.33694284389658974, 0.32956455577253957, 0.3334926012853635,
534, 0.3350657897123078, 0.3296691702010573, 0.33526504104086874,
535, 0.3537820537858275, 0.32015914773155757, 0.32605879943489174,
536, 0.32348622603460264, 0.34213218650430194, 0.3343815884161784,
537, 0.3231511951526607, 0.34881776120485075, 0.32803104459678495,
538, 0.36676631229553963, 0.3130843084435272, 0.32014938021507494,
539, 0.3336210230916988, 0.3287676272231802, 0.3376113506399077,
540, 0.3286855143783436, 0.33282437821187866, 0.33849010836387156,
541, 0.3329279064731821, 0.33165645620045936, 0.33541563828092,
542, 0.3306534495181382, 0.3302999908152019, 0.33904656062100164,
543, 0.3456854768551867, 0.32524606842147397, 0.32906845568038623,
544, 0.3451339165975483, 0.32569595808683305, 0.3291701262734219,
545, 0.33906865773659906, 0.3253881431714394, 0.3355432000494224,
546, 0.331888063172236, 0.33305214543555517, 0.33505979234985545,
547, 0.31418851177969914, 0.34641710103540657, 0.3393943881429323,
548, 0.33103541017209115, 0.33445038141745453, 0.3345142093692606,
549, 0.32914009835716745, 0.3403367017799642, 0.3305232008218046,
550, 0.3563133844288102, 0.3190044158308637, 0.32468220069902587,
551, 0.34508120005751947, 0.3250078435426966, 0.3299109573574112,
552, 0.33515234305323877, 0.3325181924338354, 0.3323294654707192,
553, 0.320352267981934, 0.34839922177985577, 0.33124851119699866,
554, 0.32574171392728984, 0.3419569567116543, 0.3323013303200258,
555, 0.33373570795802726, 0.33389969918445006, 0.33236459381688976,
556, 0.3437788761857094, 0.3267249184651249, 0.329496206308006,
557, 0.32635366945691957, 0.3344279106575506, 0.33921842084537274,
558, 0.33150792029027637, 0.3316944783716183, 0.33679760230040917,
559, 0.334333957947057, 0.3323941213914396, 0.3332719216228164,
560, 0.32679073425093913, 0.34093256539854594, 0.33227670131139597,
561, 0.32854998301187244, 0.34141257199904057, 0.3300374459499472,
562, 0.3566273575349072, 0.3189219132281166, 0.3244507301975091,
563, 0.33560159663959366, 0.33385770524060865, 0.3305406990781428,
564, 0.34917284430386425, 0.3211900637745028, 0.32963709288065696,
565, 0.33525644731488446, 0.3319480986503825, 0.33279545499500146,
566, 0.3212453414592046, 0.3431914394216411, 0.33556322008055467,
567, 0.32266582919324943, 0.3459298354168398, 0.33140433635126726,
568, 0.33717374807763867, 0.32948587004221347, 0.3333403828443718,
569, 0.3364910244345245, 0.3291446341466564, 0.3343643423812252,
570, 0.33711989642911944, 0.32951695951536636, 0.3333631450178232,
571, 0.32221933725264434, 0.3461897316386324, 0.33159093207035667,
572, 0.31623873789442813, 0.35496572849046526, 0.32879553457604677,
573, 0.3138588554072548, 0.3516984041559566, 0.3344427413979614,
574, 0.31978629048093843, 0.3441994905607615, 0.3360142199195199,
575, 0.3317086903988115, 0.3345960966892038, 0.33369521387295986,
576, 0.33213525764666185, 0.33119298186557594, 0.33667176144680794,
577, 0.339778859591083, 0.32726297225605744, 0.3329581691145549,
578, 0.3530953775854132, 0.3206391209781376, 0.3262655023968509,
579, 0.33434004851823074, 0.33007136171281193, 0.3355885907314435,
580, 0.33513307269459774, 0.33197124825209146, 0.3328956800138,
581, 0.32601724290041395, 0.34300121378285187, 0.33098154427737847,
582, 0.326963054657415, 0.34104442527244033, 0.3319925210325531,
583, 0.3182199251351951, 0.34633951850061473, 0.33544055732495276,
584, 0.32850714262089503, 0.33240304133199905, 0.3390898170083213,
585, 0.33465056647816216, 0.3300440609557012, 0.33530537352736217,
586, 0.3279897446615907, 0.3390722492932209, 0.33293800700661774,
587, 0.3379492328565153, 0.32867308200237844, 0.3333776861001403,
588, 0.33761395344840706, 0.32918453654235896, 0.33320151096919803,
589, 0.3262089952505217, 0.34243434694739455, 0.3313566587614801,
590, 0.33586450151398006, 0.33012489245762117, 0.3340106069886484,
591, 0.3220799473498758, 0.3379638696795661, 0.33995618393342986,
592, 0.3358474424689932, 0.32998895836228836, 0.3341636001289387,
593, 0.33049553671849713, 0.33667499833222375, 0.332829465909931,
594, 0.32220294346503653, 0.34185880578498407, 0.33593825171168457,
595, 0.3355004402594495, 0.3301733599289866, 0.3343262007733604,
596, 0.3440700716067009, 0.32540433358177434, 0.33052559577476376,
