Optimize time:4.0973213241497675
Begin Prob:-27181.35086281424
End Prob:-26684.831091143187
Substitution parameters back:[1, 0.13566401961649593, 0.3017673709593178, 0.10021926772292471, 0.4623493417012616, 6.737652134813933]
Substitution parameters hot:[1, 0.3994029367320441, 0.10212957114413095, 0.32721239080460274, 0.1712551013192223, 6.153565809482358]
Transition parameters:[0.9056848224329132, 0.11185934787191654, 0.5135748306165514]
hscale parameters:85.52837133409358
Trees:
(1:671.7016131148383,(2:673.7625989026506,(4:673.7624799691295,3:673.7624049886572):673.7624049886572):673.7668020161052);
(1:554.2839258265863,(4:612.1519421690688,(2:673.7624792751593,3:673.7628392234893):673.7624049886572):673.7637470383762);
(1:673.7624049886572,(3:671.2680398246591,(2:673.7624049886572,4:673.7658926233828):673.7624049886572):673.7624049886572);
(1:57449.54499219555,(2:57625.81774996984,(4:57625.80757777949,3:57625.801164821816):57625.801164821816):57626.17723541815);
(1:47407.00143261545,(4:52356.35862272269,(2:57625.807518425354,3:57625.83830421978):57625.801164821816):57625.91594814853);
(1:57625.801164821816,(3:57412.46217483256,(2:57625.801164821816,4:57626.099456539705):57625.801164821816):57625.801164821816);

Position, Posteriors1, Posteriors2, Posteriors3, Posteriors4, Posteriors5, Posteriors6,
0, 0.295081051292164, 0.295081051292164, 0.2950810512932375, 0.038252282351954076, 0.038252282351954076, 0.03825228235139743,
1, 0.0036027894323859013, 0.0036027894323859013, 0.0036027894323859013, 0.3297305442138669, 0.3297305442150664, 0.32973054420666953,
2, 0.32865439321829903, 0.32865439321829903, 0.3286543932194947, 0.004678940425646991, 0.004678940425646991, 0.004678940425595925,
3, 0.025168951010952866, 0.025168951010952866, 0.02516895101104443, 0.3081643826343479, 0.308164382635469, 0.3081643826287424,
4, 0.16800580748139235, 0.16800580748139235, 0.16800580748139235, 0.16532752616354354, 0.16532752616354354, 0.16532752616234062,
5, 0.004169950765859201, 0.004169950765859201, 0.004169950765874371, 0.32916338287922525, 0.32916338288042274, 0.3291633828756328,
6, 0.0043528619684077945, 0.0043528619684077945, 0.0043528619684077945, 0.32898047167771316, 0.32898047167771316, 0.3289804716741227,
7, 0.03180701775151384, 0.03180701775151384, 0.03180701775174526, 0.3015263158945972, 0.3015263158956941, 0.30152631588911244,
8, 0.29910485871864817, 0.29910485871864817, 0.29910485871864817, 0.03422847492711351, 0.03422847492711351, 0.034228474926739944,
9, 0.03044837890292798, 0.03044837890292798, 0.03044837890303875, 0.3028849547427689, 0.3028849547449727, 0.3028849547394632,
10, 0.15561461412957384, 0.15561461412957384, 0.15561461413013997, 0.17771871951594992, 0.17771871951594992, 0.17771871951465684,
11, 0.13871420566128187, 0.13871420566128187, 0.13871420566178652, 0.19461912798401018, 0.19461912798542624, 0.19461912798188613,
12, 0.3280007379816709, 0.3280007379816709, 0.32800073798286417, 0.0053325956636250645, 0.005332595663644464, 0.005332595663528065,
13, 0.2927975401893524, 0.2927975401893524, 0.2927975401904176, 0.04053579345534941, 0.040535793455496884, 0.04053579345490701,
14, 0.0032955138258789806, 0.0032955138258789806, 0.003295513825902959, 0.33003781982174907, 0.33003781982174907, 0.33003781981454505,
15, 0.2917085681580712, 0.2917085681580712, 0.29170856815913243, 0.04162476548754962, 0.041624765487701054, 0.041624765487246765,
16, 0.14073799432519002, 0.14073799432519002, 0.140737994325702, 0.1925953393206529, 0.19259533932135356, 0.19259533931855094,
17, 0.15611048542194353, 0.15611048542194353, 0.15611048542251146, 0.17722284822407167, 0.1772228482247164, 0.17722284822213746,
18, 0.32744931654275394, 0.32744931654275394, 0.3274493165439452, 0.005884017103139468, 0.005884017103139468, 0.005884017103053844,
19, 0.028971440689220147, 0.028971440689220147, 0.028971440689430944, 0.30436189295705945, 0.30436189295927396, 0.3043618929526304,
20, 0.29164333854726743, 0.29164333854726743, 0.2916433385483284, 0.0416899950981557, 0.04168999509830736, 0.041689995097852366,
21, 0.1600709256096214, 0.1600709256096214, 0.16007092561020375, 0.17326240803698162, 0.17326240803698162, 0.1732624080344603,
22, 0.030137168517117965, 0.030137168517117965, 0.030137168517227603, 0.3031961651294368, 0.3031961651305398, 0.30319616512502473,
23, 0.32818965480760554, 0.32818965480760554, 0.32818965480879947, 0.005143678837168156, 0.005143678837186868, 0.005143678837112018,
24, 0.29167369305670454, 0.29167369305670454, 0.29167369305776564, 0.041659640588459036, 0.04165964058876215, 0.041659640587852806,
25, 0.13622504318135772, 0.13622504318135772, 0.1362250431823489, 0.19710829046331718, 0.19710829046403425, 0.19710829046116593,
26, 0.2864132490634706, 0.2864132490634706, 0.2864132490645126, 0.04692008458128068, 0.04692008458128068, 0.046920084580597904,
27, 0.15163557589289942, 0.15163557589289942, 0.15163557589345106, 0.18169775775207964, 0.18169775775274064, 0.18169775775009658,
28, 0.030081169751133185, 0.030081169751133185, 0.03008116975124262, 0.30325216389413207, 0.3032521638952353, 0.3032521638908224,
29, 0.026214939329589803, 0.026214939329589803, 0.026214939329685175, 0.3071183943163919, 0.30711839431750915, 0.3071183943119227,
30, 0.32858240360864394, 0.32858240360864394, 0.3285824036098393, 0.0047509300355421235, 0.004750930035576691, 0.004750930035490273,
31, 0.32684438086610407, 0.32684438086610407, 0.32684438086848216, 0.006488952777965552, 0.006488952777989159, 0.006488952777871126,
32, 0.1636718921866544, 0.1636718921866544, 0.16367189218784525, 0.16966144145812792, 0.16966144145874515, 0.16966144145565903,
33, 0.1391183600058848, 0.1391183600058848, 0.1391183600063909, 0.19421497363894372, 0.19421497363965026, 0.19421497363682405,
34, 0.027891804187702183, 0.027891804187702183, 0.02789180418790512, 0.3054415294573604, 0.3054415294584716, 0.3054415294540268,
35, 0.29324277591733544, 0.29324277591733544, 0.29324277591840225, 0.04009055772737351, 0.040090557727519356, 0.04009055772708181,
36, 0.026705658800913995, 0.026705658800913995, 0.02670565880101115, 0.30662767484430975, 0.30662767484542525, 0.30662767484096326,
37, 0.003967888580009688, 0.003967888580009688, 0.003967888580009688, 0.32936544506554893, 0.32936544506554893, 0.32936544506195425,
38, 0.298298216087119, 0.2982982160860338, 0.298298216087119, 0.035035117558354596, 0.03503511755848206, 0.03503511755797223,
39, 0.13688482152960763, 0.13688482152960763, 0.13688482153010562, 0.19644851211553915, 0.1964485121169685, 0.19644851211268047,
40, 0.2950922544558222, 0.2950922544558222, 0.29509225445689574, 0.03824107918891588, 0.03824107918891588, 0.03824107918849852,
41, 0.028043339713353006, 0.028043339713353006, 0.028043339713557047, 0.3052899939323013, 0.3052899939334119, 0.3052899939278587,
42, 0.15969856716423494, 0.15969856716423494, 0.15969856716423494, 0.17363476648084086, 0.17363476648147252, 0.17363476647957748,
43, 0.030564924385569667, 0.030564924385569667, 0.030564924385569667, 0.30276840926096443, 0.302768409259863, 0.30276840925766,
44, 0.003969607856231581, 0.003969607856231581, 0.003969607856246023, 0.329363725789212, 0.32936372579160844, 0.32936372578561735,
45, 0.2934616008732331, 0.2934616008732331, 0.2934616008743007, 0.03987173277278592, 0.03987173277278592, 0.03987173277235076,
46, 0.03225519096152061, 0.03225519096152061, 0.03225519096163795, 0.3010781426857793, 0.30107814268687466, 0.3010781426824934,
47, 0.003177632828610358, 0.003177632828610358, 0.003177632828621918, 0.33015570081946266, 0.33015570081946266, 0.3301557008158594,
48, 0.02910914957261927, 0.02910914957261927, 0.02910914957261927, 0.30422418407411406, 0.3042241840752208, 0.3042241840730073,
49, 0.003933085387591347, 0.003933085387591347, 0.003933085387605656, 0.3294002482602559, 0.32940024826145425, 0.3294002482554625,
50, 0.0043900139354906605, 0.0043900139354906605, 0.004390013935506631, 0.3289433197107434, 0.3289433197119401, 0.32894331970835006,
51, 0.004344570004553585, 0.004344570004553585, 0.004344570004569391, 0.3289887636432697, 0.3289887636432697, 0.3289887636384823,
52, 0.03777140860870085, 0.03777140860870085, 0.03777140860870085, 0.2955619250378597, 0.2955619250378597, 0.2955619250357092,
53, 0.02755532805295193, 0.02755532805295193, 0.027555328053052178, 0.30577800559447493, 0.3057780055955873, 0.30577800559113766,
54, 0.158253212666621, 0.158253212666621, 0.15825321266719672, 0.1750801209802957, 0.17508012098093265, 0.1750801209783849,
55, 0.0032416811022409307, 0.0032416811022409307, 0.003241681102252724, 0.33009165254481954, 0.3300916525460204, 0.330091652541217,
56, 0.16472663372213628, 0.16472663372213628, 0.16472663372213628, 0.16860669992586533, 0.16860669992586533, 0.16860669992341176,
57, 0.14690844689258137, 0.14690844689258137, 0.1469084468931158, 0.18642488675444308, 0.1864248867557995, 0.18642488675308666,
58, 0.3280096803824653, 0.3280096803824653, 0.3280096803836586, 0.0053236532644966575, 0.00532365326447729, 0.0053236532644385555,
59, 0.003986343857517059, 0.003986343857517059, 0.0039863438575460635, 0.32934698979182403, 0.3293469897930222, 0.3293469897858332,
60, 0.29905338885081195, 0.29905338885081195, 0.29905338885081195, 0.034279944797698525, 0.034279944797698525, 0.034279944797449106,
61, 0.024183271301853344, 0.024183271301853344, 0.0241832713020293, 0.3091500623471534, 0.30915006234940273, 0.30915006234377934,
62, 0.32766108460604754, 0.32766108460604754, 0.3276610846072396, 0.005672249042202869, 0.005672249042223505, 0.0056722490421409625,
63, 0.32766171095093183, 0.32766171095093183, 0.3276617109521239, 0.005671622696108545, 0.005671622696129179, 0.005671622696026012,
64, 0.02385425135323172, 0.02385425135323172, 0.023854251353318503, 0.3094790822954046, 0.3094790822965305, 0.30947908229090104,
65, 0.026527926822991592, 0.026527926822991592, 0.0265279268230881, 0.30680540682466895, 0.30680540682578505, 0.3068054068224366,
66, 0.2963336647066537, 0.2963336647066537, 0.2963336647066537, 0.03699966894166684, 0.03699966894180144, 0.036999668941532234,
67, 0.02662646674054996, 0.02662646674054996, 0.026626466740743693, 0.3067068669089236, 0.3067068669089236, 0.3067068669033447,
68, 0.3282161027104588, 0.3282161027104588, 0.3282161027104588, 0.005117230936914807, 0.0051172309369334245, 0.005117230936896191,
69, 0.003991584069440775, 0.003991584069440775, 0.003991584069455296, 0.3293417495784343, 0.32934174957963247, 0.32934174957364176,
70, 0.2949299446884584, 0.2949299446884584, 0.2949299446906043, 0.038403388957237716, 0.038403388957377424, 0.038403388956958294,
71, 0.13601281204628057, 0.13601281204628057, 0.13601281204628057, 0.19732052160050623, 0.1973205216012241, 0.197320521596917,
72, 0.2911918587337178, 0.2911918587337178, 0.2911918587337178, 0.04214147491153768, 0.04214147491184429, 0.042141474911077746,
73, 0.3282375592103129, 0.3282375592103129, 0.32823755921150705, 0.005095774434351663, 0.005095774434370201, 0.005095774434296049,
74, 0.0027727099138959684, 0.0027727099138959684, 0.0027727099139262298, 0.3305606237313456, 0.3305606237313456, 0.33056062372533274,
75, 0.15699764034965324, 0.15699764034965324, 0.15699764034965324, 0.17633569329430288, 0.1763356932949444, 0.17633569329366136,
76, 0.15565844531648568, 0.15565844531648568, 0.15565844531705197, 0.17767488832831752, 0.1776748883289639, 0.177674888325732,
77, 0.32791574307578397, 0.32791574307578397, 0.3279157430769769, 0.005417590567809885, 0.005417590567809885, 0.00541759056771134,
78, 0.32657371863977264, 0.32657371863977264, 0.3265737186421488, 0.006759615004995926, 0.006759615005020517, 0.006759615004897561,
79, 0.2948692041519788, 0.2948692041519788, 0.2948692041530515, 0.03846412949168713, 0.03846412949182706, 0.038464129490987466,
80, 0.1362895068891855, 0.1362895068891855, 0.13628950688968133, 0.1970438267541767, 0.19704382675489354, 0.197043826752743,
81, 0.003462753947992776, 0.003462753947992776, 0.0034627539480053737, 0.3298705796968754, 0.3298705796968754, 0.32987057969207517,
82, 0.29685122409586945, 0.29685122409586945, 0.2968512240969494, 0.03648210954684816, 0.03648210954698088, 0.03648210954658272,
83, 0.002934516667560179, 0.002934516667560179, 0.0029345166675815303, 0.3303988169780174, 0.3303988169780174, 0.33039881697200746,
84, 0.32770146664419764, 0.32770146664419764, 0.3277014666453898, 0.005631866999471173, 0.00563186699951215, 0.005631866999450684,
85, 0.32766097623677215, 0.32766097623677215, 0.3276609762379642, 0.005672357407110788, 0.0056723574071314235, 0.005672357407028244,
86, 0.024204150198087207, 0.024204150198087207, 0.02420415019817526, 0.30912918344709656, 0.30912918344822116, 0.3091291834425981,
87, 0.2962996230787431, 0.2962996230787431, 0.296299623079821, 0.03703371056567424, 0.03703371056567424, 0.03703371056527006,
88, 0.03201971376310869, 0.03201971376310869, 0.03201971376322518, 0.3013136198823485, 0.30131361988344463, 0.3013136198779638,
89, 0.0260282257216575, 0.0260282257216575, 0.02602822572175219, 0.3073051079233026, 0.30730510792442056, 0.3073051079199487,
90, 0.034194215075007875, 0.034194215075007875, 0.034194215075132275, 0.2991391185695341, 0.2991391185706224, 0.29913911856735764,
91, 0.03163716654264939, 0.03163716654264939, 0.03163716654287958, 0.3016961671028298, 0.3016961671039274, 0.30169616709843955,
92, 0.3279716067637678, 0.3279716067637678, 0.32797160676496095, 0.005361726879433885, 0.005361726879433885, 0.005361726879355861,
93, 0.14019341369801916, 0.14019341369801916, 0.1401934136985292, 0.19313991994521232, 0.19313991994661758, 0.19313991994380703,
94, 0.1401737288092188, 0.1401737288092188, 0.14017372880972875, 0.19315960483492958, 0.1931596048356323, 0.19315960483211875,
95, 0.32869072649591463, 0.32869072649591463, 0.3286907264971104, 0.004642607147009001, 0.0046426071470258914, 0.004642607146958333,
96, 0.13416500632506773, 0.13416500632506773, 0.134165006326532, 0.19916832731818834, 0.1991683273196375, 0.19916832731529008,
97, 0.3274504183160705, 0.3274504183160705, 0.32745041831845306, 0.005882915325594794, 0.0058829153256375975, 0.0058829153255305884,
98, 0.328588289114528, 0.328588289114528, 0.32858828911572335, 0.004745044527894652, 0.004745044527911914, 0.004745044527842865,
99, 0.021975808730717698, 0.021975808730717698, 0.021975808730797644, 0.3113575249133808, 0.3113575249145135, 0.3113575249077173,
100, 0.2962946667479742, 0.2962946667479742, 0.29629466674905214, 0.037038666893755394, 0.037038666893755394, 0.03703866689321641,
101, 0.03470074864635226, 0.03470074864635226, 0.0347007486464785, 0.298632584996506, 0.29863258499759243, 0.29863258499216033,
102, 0.028846281501891325, 0.028846281501891325, 0.028846281501996265, 0.30448705214061567, 0.30448705214061567, 0.3044870521384002,
103, 0.004139392530281294, 0.004139392530281294, 0.004139392530296353, 0.32919394111149136, 0.32919394111268896, 0.32919394110789857,
104, 0.16750474997108605, 0.16750474997108605, 0.16750474997169543, 0.1658285836702484, 0.16582858367085165, 0.1658285836696451,
105, 0.003101658630931261, 0.003101658630931261, 0.003101658630942545, 0.3302316750119745, 0.33023167501317585, 0.3302316750059676,
106, 0.28992764546429234, 0.28992764546429234, 0.2899276454664019, 0.043405688176038223, 0.04340568817619613, 0.04340568817556449,
107, 0.29012415383362117, 0.29012415383362117, 0.29012415383467666, 0.04320917980646352, 0.043209179806620715, 0.04320917980599194,
108, 0.026945781249191093, 0.026945781249191093, 0.02694578124928912, 0.30638755239347215, 0.30638755239347215, 0.30638755238789894,
109, 0.2961575587250088, 0.2961575587250088, 0.29615755872608623, 0.03717577491534325, 0.03717577491534325, 0.03717577491493751,
110, 0.002972358972025152, 0.002972358972025152, 0.0029723589720467786, 0.3303609746691958, 0.3303609746703976, 0.33036097466438835,
111, 0.2904916770012459, 0.2904916770012459, 0.2904916770012459, 0.04284165663990594, 0.042841656640061794, 0.04284165663943837,
112, 0.2845315299295414, 0.2845315299295414, 0.2845315299295414, 0.048801803711883585, 0.04880180371206112, 0.048801803711173423,
113, 0.14009473974757336, 0.14009473974757336, 0.14009473974808304, 0.19323859389393608, 0.19323859389463907, 0.19323859389112408,
114, 0.14709957024652953, 0.14709957024652953, 0.14709957024759984, 0.1862337633942486, 0.1862337633942486, 0.18623376339221606,
115, 0.028170974049822817, 0.028170974049822817, 0.0281709740499253, 0.30516235959177357, 0.3051623595939939, 0.305162359588443,
116, 0.292506633089672, 0.292506633089672, 0.2925066330907361, 0.040826700551673256, 0.04082670055182178, 0.04082670055107915,
117, 0.3271506989400932, 0.3271506989400932, 0.3271506989400932, 0.0061826347017865735, 0.006182634701809066, 0.006182634701674112,
118, 0.3279108748538111, 0.3279108748538111, 0.32791087485619697, 0.00542245878626498, 0.005422458786304434, 0.005422458786205799,
119, 0.15790663108520048, 0.15790663108520048, 0.1579066310863494, 0.17542670255589454, 0.17542670255653275, 0.17542670255334175,
120, 0.03318114499199425, 0.03318114499199425, 0.03318114499211497, 0.30015218864907317, 0.30015218864907317, 0.30015218864688925,
121, 0.0039659614818134585, 0.0039659614818134585, 0.003965961481827886, 0.3293673721600874, 0.3293673721612856, 0.32936737215529444,
122, 0.2937956689452914, 0.2937956689452914, 0.2937956689452914, 0.03953766469599567, 0.03953766469613951, 0.03953766469570799,
123, 0.004001952156103242, 0.004001952156103242, 0.0040019521561178014, 0.3293313814852723, 0.3293313814876685, 0.3293313814828761,
124, 0.0037735247290711514, 0.0037735247290711514, 0.0037735247290986073, 0.3295598089127751, 0.3295598089139741, 0.3295598089091783,
125, 0.1610934794672233, 0.1610934794672233, 0.1610934794672233, 0.1722398541749461, 0.1722398541749461, 0.1722398541730663,
126, 0.003250630642565424, 0.003250630642565424, 0.0032506306425890757, 0.3300827030000754, 0.33008270300127623, 0.3300827029952721,
127, 0.15331314219331169, 0.15331314219331169, 0.15331314219386943, 0.18002019144816742, 0.18002019144882234, 0.1800201914455478,
128, 0.2913857225689735, 0.2913857225689735, 0.2913857225689735, 0.04194761107217307, 0.041947611072325676, 0.04194761107141005,
129, 0.29344443147888044, 0.29344443147888044, 0.293444431479948, 0.03988890216090527, 0.03988890216105039, 0.03988890216046993,
130, 0.02229647302779023, 0.02229647302779023, 0.02229647302787134, 0.31103686061399166, 0.31103686061399166, 0.31103686060946545,
131, 0.2856558430890436, 0.2856558430890436, 0.2856558430890436, 0.04767749055225931, 0.04767749055243276, 0.04767749055191241,
132, 0.32820061431734426, 0.32820061431734426, 0.32820061431853825, 0.005132719322915501, 0.005132719322934173, 0.005132719322878155,
133, 0.029314828605867163, 0.029314828605867163, 0.0293148286061871, 0.30401850503475786, 0.30401850503586386, 0.3040185050303338,
134, 0.2917706372774123, 0.2917706372774123, 0.29177063727847374, 0.04156269636308461, 0.04156269636323581, 0.041562696362631,
135, 0.14901684722106176, 0.14901684722106176, 0.14901684722160388, 0.18431648642029372, 0.18431648642096427, 0.18431648641761156,
136, 0.1629755558746834, 0.1629755558746834, 0.16297555587527632, 0.17035777776618702, 0.17035777776680677, 0.17035777776494748,
137, 0.02517904838136252, 0.02517904838136252, 0.025179048381545725, 0.3081542852608355, 0.3081542852619566, 0.3081542852563513,
138, 0.2932442279456532, 0.2932442279456532, 0.29324422794672, 0.04008910569639033, 0.04008910569639033, 0.040089105696098644,
139, 0.029297279469099883, 0.029297279469099883, 0.029297279469206468, 0.3040360541742071, 0.30403605417531315, 0.3040360541686767,
140, 0.2896452143557162, 0.2896452143557162, 0.28964521435676993, 0.04368811928535198, 0.04368811928535198, 0.0436881192845573,
141, 0.3276789891932166, 0.3276789891932166, 0.32767898919560073, 0.0056543444467552625, 0.005654344446796403, 0.005654344446672981,
142, 0.3285827534857699, 0.3285827534857699, 0.32858275348696525, 0.004750580156218767, 0.004750580156218767, 0.0047505801561496365,
143, 0.025236836364185427, 0.025236836364185427, 0.025236836364369047, 0.308096497279249, 0.30809649728036986, 0.3080964972747656,
144, 0.1591244596790096, 0.1591244596790096, 0.1591244596790096, 0.1742088739639696, 0.17420887396460338, 0.1742088739620683,
145, 0.2909241888992875, 0.2909241888992875, 0.2909241888992875, 0.04240914474388238, 0.04240914474388238, 0.042409144743110964,
146, 0.3272468499179605, 0.3272468499179605, 0.32724684991915104, 0.0060864837236524584, 0.006086483723674601, 0.006086483723563889,
147, 0.0035718730091525304, 0.0035718730091525304, 0.003571873009165525, 0.32976146063334977, 0.3297614606345494, 0.3297614606309504,
148, 0.004180252012444228, 0.004180252012444228, 0.004180252012459436, 0.3291530816305757, 0.3291530816317732, 0.32915308162698337,
149, 0.16106910287177975, 0.16106910287177975, 0.16106910287177975, 0.17226423077111228, 0.17226423077173897, 0.1722642307692322,
150, 0.0037450350284950534, 0.0037450350284950534, 0.003745035028508678, 0.32958829861491323, 0.3295882986161123, 0.32958829861131617,
151, 0.028698463560899782, 0.028698463560899782, 0.028698463560899782, 0.30463487008206436, 0.3046348700831726, 0.3046348700787396,
152, 0.32813592062043057, 0.32813592062043057, 0.32813592062043057, 0.005197413021864101, 0.00519741302188301, 0.005197413021788469,
153, 0.3271301929262525, 0.3271301929262525, 0.3271301929274426, 0.006203140715500702, 0.006203140715523269, 0.006203140715433002,
154, 0.026234173761414587, 0.026234173761414587, 0.026234173761510025, 0.3070991598806412, 0.30709915988175845, 0.3070991598761723,
155, 0.029120421993741607, 0.029120421993741607, 0.029120421993847546, 0.3042129116485422, 0.3042129116485422, 0.3042129116441153,
156, 0.2992083165229226, 0.2992083165229226, 0.29920831652401114, 0.03412501711806423, 0.03412501711806423, 0.034125017117815945,
157, 0.02314666131567032, 0.02314666131567032, 0.023146661315754526, 0.31018667232795183, 0.31018667232908026, 0.31018667232230956,
158, 0.15835802459897336, 0.15835802459897336, 0.15835802459897336, 0.17497530904261865, 0.17497530904325523, 0.1749753090419821,
159, 0.00376934340604209, 0.00376934340604209, 0.0037693434060558023, 0.32956399023723576, 0.3295639902384347, 0.329563990231241,
160, 0.32775003346396564, 0.32775003346396564, 0.32775003346396564, 0.005583300177950471, 0.005583300177950471, 0.005583300177909847,
161, 0.02198420021735714, 0.02198420021735714, 0.02198420021735714, 0.31134913342532117, 0.3113491334264539, 0.31134913341965775,
162, 0.2959312968073087, 0.2959312968073087, 0.2959312968073087, 0.037402036834516386, 0.03740203683465245, 0.037402036834380314,
163, 0.028107590780755944, 0.028107590780755944, 0.028107590780960454, 0.30522574286089005, 0.30522574286200044, 0.3052257428575588,
164, 0.1511282830201238, 0.1511282830201238, 0.1511282830201238, 0.1822050506219747, 0.18220505062263756, 0.18220505062131184,
165, 0.03027370472953555, 0.03027370472953555, 0.030273704729645686, 0.3030596289133019, 0.30305962891440447, 0.3030596289099943,
166, 0.004318142271074901, 0.004318142271074901, 0.00431814227109061, 0.3290151913723784, 0.3290151913723784, 0.32901519136878754,
167, 0.03180720290228875, 0.03180720290228875, 0.03180720290240446, 0.30152613074108015, 0.3015261307421771, 0.3015261307377893,
168, 0.29911791207350197, 0.29911791207350197, 0.29911791207350197, 0.03421542156925548, 0.03421542156925548, 0.034215421569006525,
169, 0.029188730322304762, 0.029188730322304762, 0.029188730322410948, 0.30414460332141313, 0.3041446033225196, 0.3041446033158808,
170, 0.2958413464208157, 0.2958413464208157, 0.2958413464208157, 0.037491987221691586, 0.037491987221555195, 0.0374919872212824,
171, 0.02891990918147267, 0.02891990918147267, 0.028919909181683093, 0.30441342446133596, 0.3044134244624434, 0.3044134244580136,
172, 0.32901958676959125, 0.3290195867683943, 0.32901958676959125, 0.004313746873204031, 0.004313746873219724, 0.004313746873188338,
173, 0.02286965339655987, 0.02286965339655987, 0.02286965339664307, 0.31046368024690707, 0.3104636802480365, 0.31046368024238924,
174, 0.16699655801126384, 0.16699655801126384, 0.16699655801187138, 0.1663367756306456, 0.1663367756306456, 0.16633677562943533,
175, 0.0030986849870562262, 0.0030986849870562262, 0.0030986849870562262, 0.33023464865641344, 0.3302346486576148, 0.3302346486492051,
176, 0.2932709524227082, 0.2932709524227082, 0.293270952424842, 0.04006238121865451, 0.04006238121865451, 0.04006238121821727,
177, 0.2857486409234447, 0.2857486409234447, 0.2857486409234447, 0.047584692718041, 0.04758469271838722, 0.04758469271734855,
178, 0.32659224490857924, 0.32659224490857924, 0.32659224491095556, 0.006741088732442959, 0.006741088732492006, 0.006741088732320339,
179, 0.3281018562620285, 0.3281018562620285, 0.32810185626441574, 0.005231477378438838, 0.005231477378457871, 0.0052314773783436784,
180, 0.3276486922218938, 0.3276486922218938, 0.3276486922230858, 0.0056846414191465576, 0.005684641419167238, 0.0056846414191051966,
181, 0.030303298449688054, 0.030303298449688054, 0.030303298449908537, 0.30303003519262844, 0.30303003519373084, 0.30303003518711635,
182, 0.1419956178971501, 0.1419956178971501, 0.14199561789818324, 0.19133771574427344, 0.19133771574496952, 0.1913377157421852,
183, 0.3288542696295246, 0.3288542696295246, 0.3288542696295246, 0.004479064011223589, 0.004479064011256179, 0.004479064011174706,
184, 0.02380692877433633, 0.02380692877433633, 0.02380692877442294, 0.3095264048673724, 0.30952640486962446, 0.3095264048639942,
185, 0.03205214821025224, 0.03205214821025224, 0.03205214821025224, 0.30128118543147403, 0.3012811854325701, 0.3012811854281859,
186, 0.29504458641867753, 0.29504458641867753, 0.29504458642082426, 0.03828874722220933, 0.038288747222348624, 0.03828874722179145,
187, 0.1370559599409674, 0.1370559599409674, 0.13705595994196462, 0.1962773737013789, 0.196277373702807, 0.1962773736985227,
188, 0.2918794166508166, 0.2918794166508166, 0.29187941665187844, 0.04145391699162548, 0.04145391699177628, 0.04145391699132386,
189, 0.032059084609575565, 0.032059084609575565, 0.032059084609692194, 0.30127424903463595, 0.30127424903463595, 0.30127424903025185,
190, 0.026440665445603036, 0.026440665445506845, 0.026440665445699226, 0.3068926681981844, 0.3068926681981844, 0.3068926681937185,
191, 0.2993123934324059, 0.2993123934324059, 0.2993123934324059, 0.03402094020918707, 0.03402094020931083, 0.034020940208692,
192, 0.2918212645022934, 0.2918212645022934, 0.29182126450335505, 0.041512069138745195, 0.041512069138745195, 0.04151206913799009,
193, 0.15155010410951358, 0.15155010410951358, 0.15155010411006492, 0.18178322953199946, 0.1817832295333221, 0.18178322953067683,
194, 0.027820093402408663, 0.027820093402408663, 0.02782009340261108, 0.305513240240168, 0.30551324024127946, 0.3055132402357222,
195, 0.32864492017251895, 0.32864492017132335, 0.32864492017251895, 0.004688413469295669, 0.004688413469312725, 0.004688413469261556,
196, 0.2820216743567652, 0.28202167435573916, 0.28202167435881714, 0.05131165928418043, 0.05131165928455377, 0.051311659283620414,
197, 0.28588205941422357, 0.2858820594131835, 0.2858820594163036, 0.04745127422791158, 0.04745127422808421, 0.04745127422722108,
198, 0.32750976458654474, 0.32750976458535325, 0.3275097645877362, 0.0058235690545546445, 0.005823569054597017, 0.005823569054491087,
199, 0.14328254120296247, 0.14328254120244122, 0.143282541204005, 0.19005079243811476, 0.19005079244018896, 0.19005079243534914,
200, 0.30070098273573426, 0.30070098273573426, 0.3007009827379221, 0.032632350904010676, 0.032632350904129394, 0.03263235090377324,
201, 0.03069946386665777, 0.03069946386665777, 0.030699463866769455, 0.30263386977483997, 0.3026338697759409, 0.3026338697693351,
202, 0.1667704887106123, 0.1667704887106123, 0.16677048871121902, 0.16656284492988407, 0.16656284493049003, 0.16656284492867218,
203, 0.003599928594091576, 0.003599928594091576, 0.003599928594117769, 0.3297334050455855, 0.3297334050467851, 0.32973340504198684,
204, 0.1486305814686123, 0.1486305814686123, 0.148630581469153, 0.184702752171709, 0.184702752171709, 0.18470275216969317,
205, 0.1479060570521399, 0.1479060570521399, 0.14790605705267798, 0.18542727658877786, 0.18542727658877786, 0.18542727658607955,
206, 0.030067937471730987, 0.030067937471730987, 0.030067937471840372, 0.3032653961690375, 0.3032653961701408, 0.303265396166831,
207, 0.03160582404558865, 0.03160582404558865, 0.03160582404581861, 0.30172750959595235, 0.30172750959595235, 0.3017275095926593,
208, 0.29601674045330295, 0.29601674045330295, 0.29601674045437987, 0.03731659318754021, 0.03731659318767597, 0.037316593186997184,
209, 0.32862712390026333, 0.32862712390026333, 0.32862712390026333, 0.004706209739980203, 0.004706209739997325, 0.004706209739928841,
210, 0.02622397766364344, 0.02622397766364344, 0.026223977663738844, 0.3071093559771705, 0.30710935597828776, 0.3071093559738187,
211, 0.028840154644837798, 0.028840154644837798, 0.028840154644942717, 0.30449317899629424, 0.30449317899629424, 0.304493178992971,
212, 0.2914549696770173, 0.2914549696770173, 0.2914549696770173, 0.04187836396312288, 0.04187836396342759, 0.04187836396281818,
213, 0.13559173129073213, 0.13559173129073213, 0.13559173129073213, 0.1977416023501659, 0.19774160235088528, 0.19774160234728838,
214, 0.03380052794272454, 0.03380052794272454, 0.033800527942847505, 0.2995328056981066, 0.29953280569919627, 0.29953280569483753,
215, 0.0035727883591729196, 0.0035727883591599218, 0.0035727883591729196, 0.32976054528047133, 0.329760545281671, 0.32976054527807197,
216, 0.29952145737992925, 0.29952145737992925, 0.29952145738210856, 0.033811876259209436, 0.03381187625933244, 0.033811876258717406,
217, 0.2946343633961288, 0.2946343633961288, 0.29463436339720067, 0.03869897024404737, 0.038698970244328945, 0.038698970243484225,
218, 0.14290929098567975, 0.14290929098567975, 0.14290929098671956, 0.19042404265474347, 0.19042404265474347, 0.19042404265335797,
219, 0.03035374401663922, 0.03035374401663922, 0.030353744016749645, 0.30297958962431853, 0.30297958962542076, 0.3029795896210118,
220, 0.003542124804783761, 0.003542124804770875, 0.003542124804783761, 0.32979120883511903, 0.3297912088363188, 0.32979120883271945,
221, 0.32817848844460124, 0.32817848844460124, 0.3281784884457951, 0.005154845195117922, 0.005154845195136675, 0.005154845195061662,
222, 0.3279195916808252, 0.3279195916808252, 0.3279195916820182, 0.005413741958857338, 0.005413741958877033, 0.005413741958778558,
223, 0.1519275059006367, 0.1519275059006367, 0.15192750590118942, 0.1814058277403831, 0.18140582774104305, 0.1814058277377433,
224, 0.29505315621639594, 0.29505315621639594, 0.2950531562185427, 0.03828017742411321, 0.03828017742425247, 0.03828017742355616,
225, 0.293033821690432, 0.293033821690432, 0.29303382169149805, 0.04029951194992079, 0.040299511950067396, 0.04029951194933436,
226, 0.29021301289034684, 0.290213012889291, 0.2902130128914026, 0.043120320750109, 0.043120320750265874, 0.043120320749481515,
227, 0.293219316219206, 0.293219316219206, 0.29321931622133945, 0.04011401741925334, 0.04011401741925334, 0.04011401741881554,
228, 0.0032546149828490832, 0.0032546149828490832, 0.0032546149828846043, 0.3300787186573151, 0.3300787186597167, 0.33007871865251176,
229, 0.328256873221525, 0.328256873221525, 0.328256873221525, 0.005076460417223158, 0.005076460417223158, 0.005076460417186222,
230, 0.0036075081250241158, 0.0036075081250241158, 0.003607508125050364, 0.3297258255142695, 0.3297258255178681, 0.3297258255106709,
231, 0.2915828835543491, 0.2915828835543491, 0.29158288355540984, 0.04175045008361467, 0.04175045008376656, 0.041750450083310894,
232, 0.15094241816051257, 0.15094241816051257, 0.1509424181610617, 0.18239091547896363, 0.18239091547962716, 0.18239091547498243,
233, 0.32745404629952707, 0.32745404629952707, 0.32745404630071834, 0.0058792873390999395, 0.0058792873390999395, 0.005879287339035774,
234, 0.031532097724553336, 0.031532097724553336, 0.03153209772466805, 0.3018012359148892, 0.3018012359159872, 0.3018012359104974,
235, 0.004325151992064161, 0.004325151992064161, 0.004325151992079896, 0.32900818164650397, 0.32900818164770085, 0.32900818164530704,
236, 0.025279111809167577, 0.025279111809167577, 0.025279111809167577, 0.3080542218295063, 0.3080542218295063, 0.30805422182726494,
237, 0.16031604883079253, 0.16031604883079253, 0.16031604883137576, 0.17301728480857975, 0.1730172848092092, 0.1730172848054326,
238, 0.2874504281273516, 0.2874504281273516, 0.2874504281273516, 0.045882905512153904, 0.045882905512320826, 0.04588290551148622,
239, 0.32768436045151034, 0.32768436045151034, 0.32768436045270244, 0.005648973186689474, 0.005648973186730575, 0.00564897318660727,
240, 0.32768344990103176, 0.32768344990103176, 0.32768344990341597, 0.00564988373573154, 0.00564988373573154, 0.0056498837356287685,
241, 0.28797230473731694, 0.28797230473731694, 0.2879723047383646, 0.04536102890079509, 0.04536102890096012, 0.045361028900135006,
242, 0.16017570504188672, 0.16017570504188672, 0.16017570504305215, 0.17315762859545766, 0.1731576285960876, 0.17315762859356781,
243, 0.02994585131846513, 0.02994585131846513, 0.029945851318574072, 0.3033874823186052, 0.3033874823197089, 0.3033874823163978,
244, 0.03316330148147351, 0.03316330148147351, 0.03316330148171481, 0.30017003215632115, 0.30017003215741317, 0.3001700321530451,
245, 0.17530978141476014, 0.17530978141476014, 0.17530978141476014, 0.15802355222278824, 0.15802355222278824, 0.15802355222106357,
246, 0.0037901041660482037, 0.0037901041660482037, 0.0037901041660482037, 0.32954322947257414, 0.329543229473773, 0.3295432294677787,
247, 0.29529916037374176, 0.29529916037374176, 0.29529916037374176, 0.038034173262748, 0.03803417326288637, 0.038034173262471264,
248, 0.14322451137247744, 0.14322451137247744, 0.14322451137351955, 0.1901088222642537, 0.19010882226494533, 0.19010882226079567,
249, 0.29477694074802774, 0.29477694074802774, 0.29477694074802774, 0.03855639288870653, 0.0385563928888468, 0.038556392888145455,
250, 0.3279642688965723, 0.3279642688965723, 0.3279642688977654, 0.005369064739904879, 0.0053690647399244115, 0.005369064739826749,
251, 0.15797549887894202, 0.15797549887894202, 0.15797549888009144, 0.1753578347589854, 0.17535783475962333, 0.1753578347564336,
252, 0.030576735066220904, 0.030576735066220904, 0.030576735066332142, 0.30275659857185283, 0.30275659857185283, 0.3027565985685486,
253, 0.004400924274559581, 0.004400924274559581, 0.004400924274559581, 0.3289324093637328, 0.32893240936492946, 0.32893240936014284,
254, 0.29049833878583353, 0.29049833878583353, 0.29049833878689035, 0.04283499485130742, 0.04283499485146325, 0.04283499485083992,
255, 0.28243922982938924, 0.28243922982938924, 0.2824392298304167, 0.05089410380826739, 0.05089410380845254, 0.05089410380734163,
256, 0.29339371786169455, 0.29339371786169455, 0.2933937178627619, 0.03993961577374825, 0.039939615774038845, 0.03993961577345765,
257, 0.034970275273638225, 0.034970275273638225, 0.03497027527389267, 0.29836305836257193, 0.29836305836257193, 0.2983630583582302,
258, 0.0043957380757288665, 0.0043957380757288665, 0.004395738075744858, 0.32893759555990665, 0.3289375955611033, 0.32893759555631663,
259, 0.2899753380440376, 0.2899753380440376, 0.2899753380450925, 0.04335799559100119, 0.043357995591158924, 0.04335799559037025,
260, 0.32667776395307635, 0.32667776395307635, 0.3266777639542648, 0.006655569681915976, 0.006655569681940189, 0.006655569681794912,
261, 0.28210088882583956, 0.28210088882583956, 0.28210088882686585, 0.05123244480942467, 0.05123244480961105, 0.05123244480830637,
262, 0.28207419392263844, 0.28207419392263844, 0.2820741939246908, 0.05125913971262099, 0.05125913971262099, 0.05125913971150211,
263, 0.3286105122706538, 0.3286105122706538, 0.3286105122730448, 0.004722821363686865, 0.004722821363704046, 0.004722821363618139,
264, 0.3286153916040361, 0.3286153916040361, 0.3286153916064271, 0.004717942029881165, 0.004717942029881165, 0.00471794202981251,
265, 0.003945387309247979, 0.003945387309247979, 0.003945387309291039, 0.329387946327606, 0.329387946327606, 0.32938794632161444,
266, 0.3290447872766816, 0.3290447872766816, 0.3290447872766816, 0.004288546358495626, 0.004288546358480024, 0.004288546358464423,
267, 0.030506603496599075, 0.030506603496599075, 0.030506603496710055, 0.3028267301393909, 0.30282673014049255, 0.3028267301349842,
268, 0.15857732991472062, 0.15857732991472062, 0.15857732991529752, 0.17475600372008201, 0.17475600372071776, 0.1747560037188105,
269, 0.02895319484754381, 0.02895319484754381, 0.02895319484764914, 0.30438013878749726, 0.3043801387886046, 0.30438013878417525,
270, 0.1506430556425238, 0.1506430556425238, 0.15064305564307184, 0.182690277991838, 0.18269027799250262, 0.1826902779891795,
271, 0.283891940497019, 0.283891940497019, 0.28389194049805183, 0.04944139313626589, 0.04944139313644575, 0.04944139313536655,
272, 0.32799486999923944, 0.32799486999923944, 0.32799486999923944, 0.005338463634342639, 0.00533846363436206, 0.005338463634284375,
273, 0.1506403137621355, 0.1506403137621355, 0.15064031376268353, 0.1826930198715536, 0.1826930198715536, 0.18269301986889505,
274, 0.025308502467087286, 0.025308502467087286, 0.02530850246727143, 0.30802483116654905, 0.30802483116879026, 0.3080248311620667,
275, 0.32765895463281997, 0.32765895463281997, 0.32765895463401196, 0.005674378999669607, 0.005674378999690251, 0.005674378999587034,
276, 0.32765684333671724, 0.32765684333671724, 0.32765684333790923, 0.005676490296261302, 0.005676490296281953, 0.005676490296178699,
277, 0.026417567734549067, 0.026417567734549067, 0.026417567734645174, 0.3069157658996771, 0.30691576590079367, 0.30691576589632746,
278, 0.004359462469755108, 0.004359462469755108, 0.004359462469755108, 0.3289738711651085, 0.3289738711639117, 0.3289738711615181,
279, 0.004641451850019292, 0.004641451850019292, 0.004641451850036177, 0.3286918817838564, 0.32869188178505215, 0.32869188178026904,
280, 0.15229937266855204, 0.15229937266855204, 0.1522993726691061, 0.1810339609656447, 0.18103396096630328, 0.1810339609636689,
281, 0.3274830779190445, 0.3274830779190445, 0.3274830779202359, 0.005850255714926345, 0.005850255714947628, 0.005850255714841213,
282, 0.2913055489098754, 0.2913055489098754, 0.29130554891199495, 0.04202778472313376, 0.04202778472328665, 0.042027784722369274,
283, 0.167686054521314, 0.167686054521314, 0.16768605452253407, 0.16564727911196422, 0.16564727911196422, 0.16564727910955374,
284, 0.02670851890376112, 0.02670851890376112, 0.026708518903858284, 0.30662481472964526, 0.30662481473076075, 0.30662481472629877,
285, 0.13479895780053025, 0.13479895780053025, 0.13479895780102064, 0.19853437583379815, 0.19853437583524267, 0.19853437583235362,
286, 0.3284630672920995, 0.3284630672920995, 0.32846306729329444, 0.004870266341470059, 0.004870266341487776, 0.0048702663413991865,
287, 0.2909801516010393, 0.2909801516010393, 0.29098015160315643, 0.04235318203281461, 0.042353182032968686, 0.04235318203219829,
288, 0.15332409906523634, 0.15332409906523634, 0.1533240990657941, 0.18000923456896933, 0.18000923456962423, 0.18000923456700474,
289, 0.0032511681920652665, 0.0032511681920652665, 0.0032511681920770943, 0.3300821654436251, 0.3300821654436251, 0.3300821654388218,
290, 0.16056867817210263, 0.16056867817210263, 0.16056867817210263, 0.17276465546262557, 0.17276465546325406, 0.17276465546199704,
291, 0.023173082844808315, 0.023173082844808315, 0.023173082844808315, 0.3101602507901112, 0.310160250792368, 0.31016025078559784,
292, 0.29345241971229674, 0.29345241971229674, 0.29345241971229674, 0.03988091392161661, 0.0398809139217617, 0.03988091392132644,
293, 0.28972868318954886, 0.28972868318954886, 0.28972868318954886, 0.04360465044378456, 0.04360465044394319, 0.04360465044315003,
294, 0.2916338355183367, 0.2916338355183367, 0.29163383551939764, 0.04169949811492504, 0.04169949811507675, 0.04169949811446994,
295, 0.13617700366316998, 0.13617700366316998, 0.1361770036646562, 0.19715632996985147, 0.19715632997128596, 0.19715632996698246,
