Optimize time:3.7144507520066368
Begin Prob:-27199.94799195021
End Prob:-26684.831090985845
Substitution parameters back:[0.13566453648081134, 0.30176708698506716, 0.10021899949830088, 0.4623493770358206, 5.9912443926721295]
Substitution parameters hot:[0.3994011427592577, 0.10213297585019207, 0.3272093829444847, 0.1712564984460657, 2.5306800254543447]
Transition parameters:[0.8430608394323613, 0.500972453735464, 0.5135747940986745]
hscale parameters:92.3755817009481
Trees:
(1:381.9543503399961,(2:381.9666292840938,(4:381.9666292840938,3:373.7331358191076):384.49361319214813):381.9666292840938);
(1:381.8497093887357,(4:381.9666292840938,(2:381.9666292840938,3:388.63854386878273):381.9668437919298):381.9666292840938);
(1:381.967985677545,(3:427.3299194845801,(2:388.54692340677457,4:381.9666292840938):373.3647707604387):381.9666292840938);
(1:35283.25529586487,(2:35284.389570468564,(4:35284.389570468564,3:34523.81582220951):35517.821178924016):35284.389570468564);
(1:35273.58902712244,(4:35284.389570468564,(2:35284.389570468564,3:35900.71156128824):35284.4093857547):35284.389570468564);
(1:35284.51486810263,(3:39474.8498906074,(2:35892.24806781453,4:35284.389570468564):34489.787885636666):35284.389570468564);

Position, Posteriors1, Posteriors2, Posteriors3, Posteriors4, Posteriors5, Posteriors6,
0, 0.295081629062564, 0.295081629062564, 0.295081629062564, 0.03825170424356873, 0.03825170424440369, 0.038251704241898825,
1, 0.0036027884006786513, 0.0036027884006786513, 0.0036027884006786513, 0.3297305449072083, 0.3297305449132061, 0.32973054489401327,
2, 0.32865446951792887, 0.32865446951792887, 0.32865446951792887, 0.0046788637874452844, 0.004678863787598479, 0.004678863787206982,
3, 0.02516896435303762, 0.02516896435303762, 0.02516896435303762, 0.3081643689536199, 0.3081643689614676, 0.30816436894240895,
4, 0.16800669307751384, 0.16800669307751384, 0.16800669307751384, 0.16532664022845442, 0.16532664023326604, 0.16532664021943258,
5, 0.0041699476571238295, 0.0041699476571238295, 0.0041699476571238295, 0.3291633856502158, 0.3291633856597957, 0.32916338563345093,
6, 0.0043528595040377, 0.0043528595040377, 0.0043528595040377, 0.32898047380327256, 0.3289804738128472, 0.328980473786517,
7, 0.03180699512194317, 0.03180699512194317, 0.03180699512194317, 0.30152633818454777, 0.30152633819332336, 0.30152633817248137,
8, 0.2991051762709656, 0.2991051762709656, 0.2991051762709656, 0.034228157035060755, 0.03422815703605692, 0.03422815703319294,
9, 0.03044835651930818, 0.03044835651930818, 0.03044835651930818, 0.3028849767882638, 0.30288497679487514, 0.30288497677504117,
10, 0.15561507100935376, 0.15561507100935376, 0.15561507100935376, 0.1777182622979017, 0.17771826230242743, 0.17771826228885018,
11, 0.13871423565755217, 0.13871423565755217, 0.13871423565755217, 0.1946190976495924, 0.19461909765384053, 0.19461909764109617,
12, 0.32800082636523803, 0.32800082636523803, 0.32800082636523803, 0.005332506941424428, 0.005332506941521426, 0.005332506941191634,
13, 0.2927977287889796, 0.2927977287889796, 0.2927977287889796, 0.040535604518002866, 0.040535604518740206, 0.04053560451608579,
14, 0.003295495710907138, 0.003295495710907138, 0.003295495710907138, 0.3300378375976777, 0.3300378376048817, 0.330037837585671,
15, 0.2917089866213616, 0.2917089866213616, 0.2917089866213616, 0.041624346686176344, 0.04162434668738777, 0.041624346684056346,
16, 0.14073896730049923, 0.14073896730049923, 0.14073896730049923, 0.1925943660078844, 0.19259436601208835, 0.19259436599947657,
17, 0.15611136827094135, 0.15611136827094135, 0.1561113682715093, 0.17722196503752943, 0.1772219650413978, 0.17722196502979268,
18, 0.32744948825963355, 0.32744948825963355, 0.32744948825963355, 0.0058838450477475875, 0.005883845047897424, 0.005883845047469319,
19, 0.02897142083392132, 0.02897142083392132, 0.028971420834026717, 0.3043619124758767, 0.304361912481413, 0.30436191246480404,
20, 0.2916441935279336, 0.2916441935279336, 0.2916441935279336, 0.04168913977984463, 0.04168913978105795, 0.041689139777873,
21, 0.16007180860548154, 0.16007180860548154, 0.16007180860548154, 0.17326152470371345, 0.1732615247074954, 0.17326152469551928,
22, 0.030137145549420968, 0.030137145549420968, 0.030137145549530606, 0.3031961877590211, 0.30319618776784524, 0.30319618774909385,
23, 0.3281897389796865, 0.3281897389796865, 0.32818973898088044, 0.005143594328847288, 0.005143594328978275, 0.005143594328604029,
24, 0.29167432331632004, 0.29167432331632004, 0.29167432331632004, 0.04165900999199133, 0.041659009993052214, 0.04165900999032423,
25, 0.13622505776490357, 0.13622505776490357, 0.13622505776490357, 0.19710827554455607, 0.1971082755488585, 0.1971082755373853,
26, 0.2864139915105771, 0.28641399150953517, 0.2864139915105771, 0.046919341798910455, 0.04691934180027599, 0.046919341796862156,
27, 0.15163602660903694, 0.15163602660903694, 0.15163602660903694, 0.18169730670078216, 0.18169730670540923, 0.181697306692189,
28, 0.03008100042018978, 0.03008100042018978, 0.03008100042018978, 0.30325233289058917, 0.30325233289831177, 0.30325233287624725,
29, 0.026214958860485957, 0.026214958860485957, 0.026214958860485957, 0.3071183744498553, 0.3071183744576763, 0.3071183744364478,
30, 0.32858245100051714, 0.32858245100051714, 0.32858245100051714, 0.004750882308845303, 0.004750882308966288, 0.0047508823086379,
31, 0.32684457261164684, 0.32684457261164684, 0.3268445726128359, 0.006488760696499791, 0.006488760696665033, 0.0064887606962873365,
32, 0.16367223581248153, 0.16367223581188609, 0.16367223581248153, 0.16966109749703498, 0.16966109750135555, 0.16966109749024552,
33, 0.1391189168678016, 0.1391189168678016, 0.1391189168678016, 0.19421441644172813, 0.19421441644738052, 0.194214416432543,
34, 0.027891643831391227, 0.027891643831289756, 0.027891643831391227, 0.3054416894787358, 0.3054416894865141, 0.30544168946651273,
35, 0.29324361018606365, 0.29324361018606365, 0.29324361018606365, 0.040089723122701634, 0.040089723124014244, 0.040089723120513954,
36, 0.02670566951736228, 0.02670566951736228, 0.02670566951736228, 0.3066276637930021, 0.30662766380081063, 0.30662766377961603,
37, 0.0039678868502959885, 0.0039678868502959885, 0.0039678868502959885, 0.32936544646028226, 0.32936544646866983, 0.3293654464471018,
38, 0.2982985318389164, 0.2982985318389164, 0.2982985318389164, 0.03503480147071637, 0.03503480147160856, 0.03503480146893199,
39, 0.13688580855404567, 0.13688580855404567, 0.13688580855454366, 0.19644752475662122, 0.19644752476090926, 0.19644752475018917,
40, 0.29509281939357285, 0.29509281939357285, 0.29509281939357285, 0.03824051391724813, 0.038240513918221954, 0.03824051391530047,
41, 0.028043479250577746, 0.028043479250577746, 0.028043479250577746, 0.305289854061849, 0.3052898540674022, 0.3052898540485214,
42, 0.1596999981418225, 0.1596999981418225, 0.1596999981418225, 0.17363333516961824, 0.17363333517530333, 0.17363333516014312,
43, 0.03056507352217285, 0.03056507352217285, 0.03056507352217285, 0.3027682597899902, 0.3027682597977005, 0.3027682597745697,
44, 0.003969605274523532, 0.003969605274523532, 0.003969605274523532, 0.3293637280370695, 0.329363728045457, 0.32936372802269087,
45, 0.29346242514713056, 0.29346242514713056, 0.29346242514713056, 0.03987090816311054, 0.039870908164415984, 0.03987090816107985,
46, 0.03225550958163489, 0.03225550958163489, 0.03225550958163489, 0.3010778237310528, 0.30107782373872, 0.30107782371790903,
47, 0.0031775812493713648, 0.003177581249359805, 0.0031775812493713648, 0.33015575206437436, 0.3301557520739831, 0.33015575204635783,
48, 0.029109162552915235, 0.029109162552915235, 0.029109162552915235, 0.30422417076088465, 0.3042241707708455, 0.3042241707442832,
49, 0.003933062735885543, 0.003933062735885543, 0.003933062735885543, 0.3294002705771496, 0.32940027058793475, 0.3294002705591743,
50, 0.004390011353911036, 0.004390011353911036, 0.004390011353911036, 0.32894332195932174, 0.3289433219700919, 0.3289433219413714,
51, 0.004344567341288053, 0.004344567341288053, 0.004344567341288053, 0.3289887659723479, 0.32898876598311955, 0.3289887659531982,
52, 0.037771553222715075, 0.037771553222715075, 0.037771553222715075, 0.2955617800901612, 0.29556178009983847, 0.29556178007510775,
53, 0.02755534705834016, 0.02755534705834016, 0.02755534705834016, 0.30577798625515984, 0.3057779862629467, 0.305777986239586,
54, 0.15825267362494325, 0.15825267362494325, 0.15825267362494325, 0.17508065968780356, 0.17508065969417297, 0.17508065967888642,
55, 0.00324164599400734, 0.00324164599400734, 0.00324164599400734, 0.3300916873183108, 0.3300916873291186, 0.33009168730510124,
56, 0.1647275166565139, 0.1647275166565139, 0.1647275166565139, 0.16860581665616725, 0.16860581666107433, 0.16860581664819324,
57, 0.14690889601763663, 0.14690889601763663, 0.14690889601763663, 0.186424437295864, 0.18642443729993327, 0.1864244372877255,
58, 0.3280098016818398, 0.3280098016818398, 0.3280098016818398, 0.0053235316309289404, 0.0053235316310838755, 0.005323531630696538,
59, 0.003986364150719435, 0.003986364150719435, 0.0039863641507339375, 0.32934696916314926, 0.3293469691703382, 0.32934696915236583,
60, 0.29905333946115487, 0.29905333946115487, 0.29905333946115487, 0.03427999385142614, 0.03427999385242382, 0.0342799938496802,
61, 0.02418329324266572, 0.02418329324266572, 0.02418329324266572, 0.3091500400705902, 0.309150040078463, 0.3091500400604681,
62, 0.3276612152793295, 0.3276612152793295, 0.3276612152793295, 0.005672118033822934, 0.00567211803396738, 0.005672118033616585,
63, 0.3276618418414125, 0.3276618418414125, 0.3276618418414125, 0.005671491471334914, 0.00567149147145871, 0.005671491471066687,
64, 0.023854151202486466, 0.023854151202486466, 0.023854151202486466, 0.30947918211241693, 0.30947918212029807, 0.30947918209890635,
65, 0.026527940975319738, 0.026527940975319738, 0.026527940975416244, 0.30680539233925425, 0.3068053923470673, 0.3068053923258604,
66, 0.29633422075531307, 0.29633422075531307, 0.29633422075531307, 0.036999112556803666, 0.036999112558015086, 0.036999112555053844,
67, 0.026626614163182995, 0.026626614163182995, 0.026626614163182995, 0.30670671915006037, 0.30670671915563935, 0.30670671914001824,
68, 0.3282162193016363, 0.3282162193016363, 0.3282162193016363, 0.00511711401133278, 0.005117114011481708, 0.005117114011090773,
69, 0.003991604081001632, 0.003991604081001632, 0.003991604081001632, 0.32934172923404653, 0.3293417292400372, 0.3293417292220651,
70, 0.2949301191381968, 0.2949301191381968, 0.2949301191381968, 0.0384032141756189, 0.03840321417659687, 0.03840321417380267,
71, 0.13601285358870033, 0.13601285358820553, 0.13601285358870033, 0.19732047972629055, 0.1973204797298798, 0.19732047971911207,
72, 0.29119205750065, 0.29119205750065, 0.29119205750065, 0.04214127581333292, 0.042141275814252775, 0.04214127581149321,
73, 0.32823764319645593, 0.32823764319645593, 0.32823764319645593, 0.005095690117377972, 0.005095690117507738, 0.005095690117155515,
74, 0.0027726648027724186, 0.0027726648027724186, 0.0027726648027825056, 0.330560668512745, 0.330560668521163, 0.3305606684995167,
75, 0.1569990612172507, 0.1569990612172507, 0.15699906121782187, 0.17633427209780622, 0.17633427210293823, 0.1763342720894667,
76, 0.15565931920268294, 0.15565931920268294, 0.1556593192032492, 0.17767401411268538, 0.1776740141165636, 0.17767401410557526,
77, 0.32791583159988247, 0.32791583159868953, 0.3279158316010754, 0.005417501714863296, 0.005417501714981549, 0.0054175017146465,
78, 0.3265739188934928, 0.3265739188934928, 0.32657391889468085, 0.006759414421779504, 0.006759414421927047, 0.006759414421558188,
79, 0.29486955909747786, 0.29486955909747786, 0.29486955909855056, 0.03846377422006573, 0.038463774221185174, 0.038463774218666424,
80, 0.13629006433442023, 0.13629006433442023, 0.13629006433442023, 0.19704326898436142, 0.19704326898866248, 0.19704326897575936,
81, 0.0034627339058365845, 0.0034627339058365845, 0.003462733905849182, 0.32987059941389757, 0.3298705994210979, 0.3298705994006969,
82, 0.2968517743196261, 0.2968517743196261, 0.2968517743207061, 0.03648155899742917, 0.036481558998490926, 0.03648155899557111,
83, 0.0029344853117918923, 0.002934485311781217, 0.0029344853117918923, 0.33039884800723307, 0.33039884801444497, 0.3303988479964152,
84, 0.327701596400114, 0.327701596400114, 0.327701596400114, 0.005631736918443046, 0.005631736918586463, 0.0056317369181767,
85, 0.3276611069326594, 0.3276611069326594, 0.3276611069326594, 0.005672226385373776, 0.005672226385538859, 0.005672226385167422,
86, 0.0242041675187039, 0.0242041675187039, 0.024204167518791956, 0.30912916580091343, 0.3091291658065365, 0.30912916578966737,
87, 0.2963001777225762, 0.2963001777225762, 0.2963001777225762, 0.037033155596026296, 0.0370331555971041, 0.03703315559414013,
88, 0.03202003410919681, 0.03202003410919681, 0.03202003410919681, 0.30131329921038974, 0.3013132992191591, 0.3013132991972357,
89, 0.026028110094277197, 0.026028110094277197, 0.026028110094277197, 0.3073052232262235, 0.30730522323628523, 0.3073052232105719,
90, 0.03419418557133852, 0.03419418557133852, 0.03419418557133852, 0.2991391477501868, 0.2991391477588929, 0.2991391477349511,
91, 0.03163748793800944, 0.03163748793800944, 0.03163748793800944, 0.3016958453827697, 0.3016958453915502, 0.3016958453695989,
92, 0.32797172757776666, 0.3279717275765735, 0.32797172757776666, 0.005361605742478944, 0.005361605742654493, 0.005361605742244879,
93, 0.14019439275394266, 0.14019439275343265, 0.1401943927544527, 0.19313894056738873, 0.1931389405709019, 0.19313894055895708,
94, 0.14017470996738265, 0.14017470996738265, 0.1401747099678926, 0.19315862335246445, 0.19315862335738337, 0.19315862334543737,
95, 0.32869077131217767, 0.32869077131217767, 0.32869077131337343, 0.004642562006127025, 0.004642562006245253, 0.0046425620059243515,
96, 0.13416505775847953, 0.13416505775847953, 0.1341650577594557, 0.1991682755614244, 0.19916827556504726, 0.1991682755541787,
97, 0.32745055446255683, 0.32745055446255683, 0.32745055446374804, 0.005882778857355797, 0.005882778857462805, 0.005882778857141783,
98, 0.3285883367009044, 0.32858833669970905, 0.32858833670209986, 0.00474499661908301, 0.004744996619203845, 0.004744996618875863,
99, 0.021975717566822345, 0.021975717566822345, 0.02197571756690229, 0.3113576157546372, 0.3113576157614335, 0.3113576157444428,
100, 0.2962952247240684, 0.2962952247240684, 0.2962952247240684, 0.03703810859671325, 0.03703810859792594, 0.03703810859469209,
101, 0.03470088499264113, 0.03470088499264113, 0.03470088499264113, 0.29863244833045727, 0.2986324483380622, 0.29863244831633384,
102, 0.028846293327196192, 0.028846293327091252, 0.028846293327196192, 0.30448703999670956, 0.3044870400044636, 0.3044870399800938,
103, 0.004139390822949934, 0.004139390822949934, 0.004139390822949934, 0.32919394250070805, 0.32919394250909123, 0.32919394248274403,
104, 0.16750464499953885, 0.16750464499953885, 0.16750464499953885, 0.16582868832262102, 0.16582868832744727, 0.16582868831296851,
105, 0.0031016253907074996, 0.0031016253907074996, 0.0031016253907074996, 0.3302317079320768, 0.330231707939285, 0.33023170791766027,
106, 0.2899280857059372, 0.2899280857059372, 0.2899280857059372, 0.04340524761460609, 0.04340524761571144, 0.043405247612553294,
107, 0.2901250431354035, 0.2901250431354035, 0.2901250431354035, 0.043208290183583395, 0.04320829018468373, 0.04320829018153991,
108, 0.026945926200715495, 0.026945926200715495, 0.02694592620081352, 0.3063874071202494, 0.3063874071258226, 0.30638740710798845,
109, 0.2961577244325476, 0.2961577244325476, 0.2961577244325476, 0.03717560888650311, 0.03717560888758507, 0.0371756088846097,
110, 0.002972326745789444, 0.002972326745789444, 0.002972326745789444, 0.33036100657340717, 0.3303610065818201, 0.33036100656259054,
111, 0.29049255727790063, 0.29049255727790063, 0.29049255727790063, 0.04284077604110072, 0.04284077604219169, 0.04284077603923047,
112, 0.2845322967772491, 0.2845322967772491, 0.2845322967772491, 0.04880103654125528, 0.04880103654232051, 0.04880103653930238,
113, 0.14009475966413446, 0.14009475966413446, 0.14009475966413446, 0.1932385736560333, 0.1932385736602513, 0.19323857364759733,
114, 0.14709958794484998, 0.14709958794484998, 0.14709958794484998, 0.18623374537507426, 0.18623374538049436, 0.18623374536626655,
115, 0.028171128946077234, 0.028171128946077234, 0.028171128946077234, 0.30516220437502806, 0.30516220438168906, 0.30516220436170594,
116, 0.29250682095814495, 0.29250682095814495, 0.29250682095814495, 0.04082651235990277, 0.04082651236094245, 0.04082651235812046,
117, 0.3271508423886101, 0.3271508423886101, 0.3271508423886101, 0.006182490929700925, 0.006182490929835876, 0.006182490929476008,
118, 0.3279109652363782, 0.3279109652363782, 0.3279109652363782, 0.005422368082808519, 0.0054223680829268775, 0.005422368082591528,
119, 0.15790654942387028, 0.15790654942387028, 0.15790654942387028, 0.1754267838949665, 0.1754267839000721, 0.1754267838879463,
120, 0.03318112166640215, 0.03318112166640215, 0.03318112166640215, 0.3001522116542198, 0.30015221166295536, 0.3001522116400245,
121, 0.003965959126934457, 0.003965959126934457, 0.003965959126934457, 0.3293673741946845, 0.3293673742018739, 0.32936737417790923,
122, 0.29379649017293696, 0.29379649017293696, 0.29379649017293696, 0.039536843145790965, 0.03953684314708548, 0.039536843143633454,
123, 0.0040019496868219035, 0.0040019496868219035, 0.0040019496868219035, 0.32933138363346665, 0.3293313836418533, 0.3293313836190894,
124, 0.003773501668210702, 0.003773501668210702, 0.003773501668210702, 0.3295598316529116, 0.3295598316613041, 0.3295598316361265,
125, 0.16109491765589157, 0.16109491765589157, 0.16109491765589157, 0.1722384156633163, 0.17223841566895567, 0.1722384156539173,
126, 0.0032505927628472607, 0.003250592762835435, 0.0032505927628590863, 0.3300827405573579, 0.33008274056456294, 0.33008274054294795,
127, 0.15331458784842913, 0.15331458784842913, 0.15331458784898688, 0.1800187454717736, 0.18001874547570304, 0.18001874546260493,
128, 0.29138589722476144, 0.29138589722476144, 0.2913858972258215, 0.041947436093601013, 0.041947436094669235, 0.04194743609192237,
129, 0.2934450343048674, 0.2934450343048674, 0.2934450343048674, 0.03988829901362276, 0.039888299014493436, 0.03988829901188141,
130, 0.02229637442587496, 0.02229637442587496, 0.022296374425956073, 0.31103695889326066, 0.3110369589000499, 0.31103695888307675,
131, 0.2856566043487237, 0.2856566043487237, 0.2856566043487237, 0.04767672897002139, 0.04767672897106207, 0.04767672896794003,
132, 0.32820069753465836, 0.32820069753465836, 0.32820069753585235, 0.005132635783433491, 0.005132635783545525, 0.005132635783209422,
133, 0.02931512723080305, 0.02931512723080305, 0.02931512723080305, 0.304018206090684, 0.304018206095108, 0.3040182060785178,
134, 0.2917714792112474, 0.2917714792112474, 0.2917714792112474, 0.04156185410777804, 0.04156185410883645, 0.041561854105812424,
135, 0.1490182807611014, 0.1490182807611014, 0.1490182807611014, 0.1843150525603583, 0.18431505256438152, 0.1843150525523119,
136, 0.16297543047485358, 0.16297543047485358, 0.16297543047485358, 0.170357902847029, 0.17035790285198707, 0.1703579028395919,
137, 0.025178785969852163, 0.025178785969852163, 0.025178785969852163, 0.3081545473521532, 0.30815454736000064, 0.3081545473409426,
138, 0.2932450638667482, 0.2932450638667482, 0.2932450638667482, 0.04008826945484661, 0.04008826945601333, 0.040088269452659,
139, 0.0292972520857321, 0.0292972520857321, 0.0292972520857321, 0.30403608123658743, 0.3040360812432239, 0.30403608122552667,
140, 0.28964611976874916, 0.28964611976769544, 0.28964611976874916, 0.04368721355213795, 0.043687213553250476, 0.043687213550230745,
141, 0.3276790824551377, 0.3276790824551377, 0.3276790824551377, 0.00565425086476295, 0.0056542508648658, 0.00565425086453668,
142, 0.328582801024725, 0.328582801024725, 0.32858280102592036, 0.004750532293533733, 0.004750532293654709, 0.004750532293326344,
143, 0.0252368571917202, 0.025236857191628388, 0.0252368571917202, 0.3080964761277172, 0.3080964761355631, 0.3080964761165087,
144, 0.15912437050602257, 0.15912437050602257, 0.15912437050602257, 0.17420896281322257, 0.17420896281765896, 0.17420896280561735,
145, 0.2909243899505851, 0.2909243899505851, 0.2909243899505851, 0.04240894336789097, 0.04240894336881667, 0.04240894336619386,
146, 0.32724702934798566, 0.32724702934798566, 0.32724702934798566, 0.006086303969117448, 0.006086303969250299, 0.006086303968807463,
147, 0.003571853142682941, 0.003571853142682941, 0.003571853142682941, 0.3297614801770962, 0.32976148018549384, 0.32976148016150053,
148, 0.004180248153515404, 0.004180248153515404, 0.004180248153515404, 0.3291530851666513, 0.329153085173836, 0.329153085149887,
149, 0.16107054016836908, 0.16107054016836908, 0.16107054016836908, 0.17226279315071877, 0.17226279315573226, 0.17226279314069173,
150, 0.0037450123900848774, 0.003745012390071253, 0.0037450123900848774, 0.32958832093015894, 0.3295883209385522, 0.3295883209133725,
151, 0.028698308384743063, 0.028698308384743063, 0.028698308384743063, 0.30463502493416994, 0.30463502494192773, 0.30463502492087086,
152, 0.3281360067603582, 0.3281360067603582, 0.32813600676155197, 0.005197326555676, 0.005197326555808355, 0.005197326555449107,
153, 0.32713037619820085, 0.32713037619820085, 0.32713037619820085, 0.006202957119312755, 0.0062029571195158515, 0.006202957119064527,
154, 0.02623418966848978, 0.02623418966848978, 0.02623418966848978, 0.3070991436507833, 0.3070991436586038, 0.30709914363849383,
155, 0.02912057798802803, 0.02912057798802803, 0.02912057798802803, 0.3042127553321117, 0.304212755338752, 0.3042127553177243,
156, 0.2992086318469492, 0.29920863184586066, 0.2992086318469492, 0.03412470147176116, 0.034124701472754315, 0.03412470146989898,
157, 0.02314656825408454, 0.02314656825408454, 0.02314656825408454, 0.3101867650653239, 0.31018676507322307, 0.31018676505291093,
158, 0.15835748731803342, 0.15835748731803342, 0.15835748731803342, 0.17497584600110117, 0.1749758460068302, 0.17497584599218935,
159, 0.0037693431298527675, 0.003769343129839055, 0.0037693431298527675, 0.32956399019047683, 0.3295639901976705, 0.3295639901772884,
160, 0.3277501974642754, 0.3277501974642754, 0.3277501974642754, 0.005583135853461004, 0.005583135853623493, 0.005583135853156333,
161, 0.02198411089004957, 0.02198411089004957, 0.02198411089004957, 0.31134922242805196, 0.3113492224337154, 0.31134922241785784,
162, 0.2959314646361732, 0.2959314646361732, 0.2959314646361732, 0.037401868681469295, 0.037401868682557834, 0.03740186867942829,
163, 0.028107737536029062, 0.028107737536029062, 0.028107737536029062, 0.30522559578225983, 0.3052255957889223, 0.305225595768935,
164, 0.15112927977612708, 0.15112927977612708, 0.15112927977612708, 0.18220405354093544, 0.18220405354690114, 0.18220405353231833,
165, 0.030273529230098826, 0.030273529230098826, 0.030273529230098826, 0.3030598040879589, 0.3030598040967791, 0.30305980407252353,
166, 0.004318140144270481, 0.004318140144270481, 0.004318140144270481, 0.3290151931737886, 0.3290151931833642, 0.32901519315703126,
167, 0.03180718027223921, 0.03180718027223921, 0.03180718027223921, 0.3015261530441804, 0.30152615305295594, 0.30152615303101704,
168, 0.29911822942530525, 0.29911822942530525, 0.29911822942530525, 0.03421510388967322, 0.034215103890669014, 0.03421510388780611,
169, 0.029188714577392118, 0.029188714577392118, 0.029188714577498307, 0.30414461873898907, 0.3041446187445214, 0.30414461872792437,
170, 0.29584151580553136, 0.29584151580553136, 0.29584151580553136, 0.03749181750952789, 0.03749181751048265, 0.03749181750761837,
171, 0.028919896763221438, 0.028919896763221438, 0.028919896763221438, 0.3044134365535782, 0.30441343656022296, 0.30441343654250375,
172, 0.32901962914938226, 0.32901962914938226, 0.32901962914938226, 0.0043137041650345535, 0.004313704165175792, 0.004313704164830542,
173, 0.02286956107163185, 0.02286956107163185, 0.02286956107163185, 0.3104637722448496, 0.31046377225275584, 0.31046377223355504,
174, 0.1669964568666726, 0.1669964568666726, 0.1669964568666726, 0.16633687645011933, 0.16633687645556547, 0.1663368764416475,
175, 0.003098652052224712, 0.003098652052224712, 0.003098652052224712, 0.33023468126445155, 0.33023468127286126, 0.33023468125123634,
176, 0.29327113353346623, 0.2932711335323993, 0.29327113353346623, 0.04006219978237657, 0.040062199783542536, 0.040062199780773376,
177, 0.28574913440746447, 0.28574913440746447, 0.28574913440746447, 0.04758419890776777, 0.047584198908806434, 0.04758419890620978,
178, 0.3265924443621625, 0.3265924443621625, 0.3265924443621625, 0.006740888953472645, 0.006740888953595261, 0.006740888953251936,
179, 0.32810190957779684, 0.3281019095766032, 0.32810190957779684, 0.005231423737791351, 0.005231423737867479, 0.005231423737601033,
180, 0.32764882342781637, 0.32764882342781637, 0.32764882342781637, 0.0056845098882151715, 0.005684509888339253, 0.005684509887967011,
181, 0.03030328207654837, 0.03030328207654837, 0.03030328207665861, 0.3030300512416133, 0.3030300512471254, 0.3030300512272819,
182, 0.1419956530274932, 0.1419956530274932, 0.1419956530274932, 0.1913376802886157, 0.19133768029348827, 0.1913376802809588,
183, 0.32885431403380583, 0.32885431403380583, 0.32885431403380583, 0.004479019281587334, 0.004479019281733985, 0.00447901928135921,
184, 0.02380682746009008, 0.02380682746009008, 0.02380682746017669, 0.309526505857228, 0.30952650586398434, 0.3095265058425894,
185, 0.03205246854244451, 0.03205246854244451, 0.032052468542561115, 0.3012808647743046, 0.30128086478088095, 0.30128086476115196,
186, 0.29504515019716915, 0.29504515019716915, 0.29504515019716915, 0.038288183118280264, 0.0382881831193946, 0.038288183116469476,
187, 0.1370569328646614, 0.1370569328646614, 0.1370569328646614, 0.196276400450368, 0.19627640045536635, 0.19627640044394157,
188, 0.2918802616105213, 0.2918802616105213, 0.2918802616105213, 0.0414530717033786, 0.04145307170458504, 0.041453071701418126,
189, 0.032059401181147994, 0.032059401181147994, 0.03205940118126462, 0.3012739321343614, 0.30127393214093756, 0.30127393212120906,
190, 0.02644068024125751, 0.02644068024125751, 0.026440680241353702, 0.3068926530733789, 0.3068926530811942, 0.30689265306109775,
191, 0.29931250659881004, 0.2993125065977212, 0.29931250659989894, 0.03402082671572994, 0.034020826716720076, 0.03402082671424474,
192, 0.29182188697621303, 0.2918218869751514, 0.2918218869751514, 0.04151144633878589, 0.04151144633984301, 0.04151144633712469,
193, 0.15155054967571913, 0.15155054967571913, 0.15155054967627046, 0.1817827836397811, 0.18178278364441033, 0.18178278363184522,
194, 0.02782024521052047, 0.02782024521052047, 0.02782024521052047, 0.30551308810594646, 0.3055130881126151, 0.30551308809372046,
195, 0.3286449656807688, 0.3286449656807688, 0.3286449656807688, 0.004688367633294178, 0.004688367633413571, 0.0046883676330724475,
196, 0.2820224856699205, 0.2820224856699205, 0.2820224856699205, 0.05131084764440315, 0.05131084764533649, 0.051310847642536475,
197, 0.2858825440897141, 0.2858825440897141, 0.2858825440897141, 0.04745078922506203, 0.047450789225925154, 0.04745078922333578,
198, 0.3275098976396182, 0.3275098976396182, 0.3275098976396182, 0.005823435674784839, 0.005823435674911953, 0.005823435674551798,
199, 0.14328301814152847, 0.14328301814152847, 0.14328301814152847, 0.19005031517376095, 0.19005031517790932, 0.19005031516753834,
200, 0.30070108633660597, 0.300701086335512, 0.30070108633660597, 0.03263224697929551, 0.03263224698036395, 0.03263224697787093,
201, 0.03069977996158802, 0.03069977996158802, 0.03069977996158802, 0.3026335533557176, 0.30263355336232345, 0.3026335533425059,
202, 0.16677037677008194, 0.16677037677008194, 0.16677037677008194, 0.1665629565462983, 0.16656295655114592, 0.166562956537209,
203, 0.0035999076954306283, 0.0035999076954306283, 0.0035999076954306283, 0.3297334256216927, 0.3297334256312892, 0.32973342560729796,
204, 0.1486315551468647, 0.1486315551468647, 0.1486315551468647, 0.1847017781696071, 0.1847017781749826, 0.1847017781601999,
205, 0.1479070357190274, 0.1479070357190274, 0.1479070357190274, 0.1854262975989876, 0.18542629760303506, 0.18542629758886894,
206, 0.03006776391312658, 0.03006776391312658, 0.03006776391312658, 0.3032655694050267, 0.3032655694127496, 0.3032655693895809,
207, 0.03160580328215407, 0.03160580328215407, 0.03160580328215407, 0.3017275300347227, 0.3017275300435041, 0.30172753002155056,
208, 0.29601709098746987, 0.29601709098746987, 0.29601709098746987, 0.037316242328817, 0.03731624232976729, 0.037316242327052176,
209, 0.32862717051192214, 0.32862717051192214, 0.32862717051192214, 0.004706162803958067, 0.0047061628040779135, 0.004706162803769736,
210, 0.026223997110927395, 0.026223997110927395, 0.026223997110927395, 0.30710933620618547, 0.307109336212889, 0.30710933619277836,
211, 0.028839994987242552, 0.028839994987242552, 0.028839994987242552, 0.304493338329188, 0.3044933383369422, 0.30449333831700287,
212, 0.29145539785580726, 0.29145539785474694, 0.29145539785580726, 0.04187793545976194, 0.04187793546098075, 0.04187793545778138,
213, 0.13559227851923147, 0.13559227851923147, 0.13559227851923147, 0.19774105479645948, 0.19774105480149512, 0.19774105478710757,
214, 0.03380085853896706, 0.03380085853896706, 0.03380085853896706, 0.29953247477783634, 0.2995324747843745, 0.29953247476258066,
215, 0.0035727681830251684, 0.0035727681830251684, 0.0035727681830251684, 0.3297605651336763, 0.32976056514087426, 0.32976056511808066,
216, 0.2995215760910781, 0.2995215760910781, 0.2995215760910781, 0.033811757223192095, 0.03381175722405314, 0.03381175722159301,
217, 0.29463431992844313, 0.29463431992844313, 0.29463431992844313, 0.03869901338583963, 0.03869901338668434, 0.03869901338415019,
218, 0.14290933003232767, 0.14290933003180778, 0.14290933003232767, 0.19042400328458176, 0.19042400328804554, 0.19042400327488315,
219, 0.030353576602692743, 0.030353576602692743, 0.030353576602692743, 0.3029797567141189, 0.3029797567218346, 0.3029797566997899,
220, 0.003542105470445373, 0.003542105470445373, 0.003542105470445373, 0.32979122784552956, 0.32979122785392795, 0.32979122783113224,
221, 0.3281785736847526, 0.3281785736847526, 0.3281785736847526, 0.005154759630053421, 0.005154759630203444, 0.005154759629828387,
222, 0.32791968026083906, 0.32791968026083906, 0.32791968026083906, 0.0054136530535410605, 0.005413653053659229, 0.005413653053324418,
223, 0.15192841593328046, 0.15192841593328046, 0.1519284159338332, 0.18140491738179118, 0.18140491738443099, 0.18140491737453177,
224, 0.29505350796991825, 0.29505350796991825, 0.29505350797099167, 0.03827982534457326, 0.03827982534554809, 0.03827982534304139,
225, 0.2930337715434051, 0.2930337715434051, 0.29303377154447113, 0.04029956177274308, 0.04029956177362273, 0.0402995617714236,
226, 0.2902136656451701, 0.2902136656451701, 0.2902136656451701, 0.043119667670172064, 0.043119667671113276, 0.04311966766860338,
227, 0.2932194957161207, 0.293219495715054, 0.2932194957161207, 0.04011383759970313, 0.040113837600724664, 0.040113837597806,
228, 0.003254597543849684, 0.0032545975438378442, 0.003254597543849684, 0.33007873577259417, 0.33007873577979907, 0.3300787357617868,
229, 0.3282569891106701, 0.3282569891106701, 0.3282569891106701, 0.005076344205175106, 0.005076344205341314, 0.0050763442048980915,
230, 0.00360750720736524, 0.00360750720736524, 0.00360750720736524, 0.32972582611043866, 0.32972582611643636, 0.3297258260984433,
231, 0.2915833158056124, 0.2915833158056124, 0.2915833158056124, 0.041750017510352684, 0.041750017511567775, 0.04175001750853006,
232, 0.15094234113362556, 0.15094234113362556, 0.15094234113362556, 0.18239099218221605, 0.18239099218686078, 0.18239099217690777,
233, 0.327454219695006, 0.327454219695006, 0.327454219695006, 0.0058791136202787295, 0.005879113620407058, 0.005879113619957908,
234, 0.031532077408639864, 0.031532077408639864, 0.031532077408639864, 0.30180125590849566, 0.3018012559161813, 0.30180125589532025,
235, 0.004325149760286308, 0.004325149760286308, 0.004325149760286308, 0.32900818355799283, 0.3290081835663713, 0.32900818354003897,
236, 0.025278996553073734, 0.025278996553073734, 0.025278996553073734, 0.30805433676461724, 0.3080543367735828, 0.30805433674892746,
237, 0.1603169443330873, 0.1603169443330873, 0.1603169443330873, 0.17301638898392263, 0.17301638898832863, 0.17301638897636948,
238, 0.2874508942730154, 0.2874508942730154, 0.2874508942730154, 0.04588243904316877, 0.04588243904433721, 0.04588243904149958,
239, 0.32768445429551735, 0.32768445429551735, 0.32768445429551735, 0.005648879020338936, 0.005648879020462239, 0.005648879020133431,
240, 0.3276835429579882, 0.3276835429579882, 0.3276835429579882, 0.005649790356705674, 0.005649790356828997, 0.005649790356500136,
241, 0.2879732321574947, 0.2879732321574947, 0.2879732321574947, 0.04536010115664261, 0.04536010115779775, 0.04536010115499242,
242, 0.16017658992802267, 0.16017658992802267, 0.16017658992802267, 0.17315674338685752, 0.17315674339189704, 0.17315674337992817,
243, 0.029945676516907837, 0.029945676516798896, 0.029945676516907837, 0.30338765679979385, 0.30338765680751983, 0.3033876567854455,
244, 0.03316363176077184, 0.03316363176077184, 0.03316363176101314, 0.300169701555265, 0.30016970156290906, 0.30016970154106887,
245, 0.1753101045224761, 0.1753101045224761, 0.1753101045224761, 0.1580232287920677, 0.15802322879724168, 0.1580232287840193,
246, 0.003790102251361397, 0.003790102251361397, 0.0037901022513751855, 0.3295432310634764, 0.32954323107186845, 0.32954323105148764,
247, 0.29529974032874595, 0.29529974032874595, 0.29529974032874595, 0.038033592984667325, 0.03803359298577425, 0.038033592982868576,
248, 0.14322399601342473, 0.14322399601342473, 0.14322399601394575, 0.1901093373007006, 0.1901093373055419, 0.19010933729447607,
249, 0.29477730986674827, 0.2947773098656759, 0.2947773098678207, 0.03855602344790356, 0.03855602344874516, 0.03855602344664117,
250, 0.32796435789551115, 0.32796435789551115, 0.3279643578967043, 0.005368975419048059, 0.005368975419184785, 0.005368975418833205,
251, 0.15797541204350393, 0.15797541204350393, 0.15797541204407867, 0.17535792127178468, 0.17535792127625033, 0.1753579212641293,
252, 0.03057689773038291, 0.03057689773038291, 0.03057689773038291, 0.3027564355856588, 0.30275643559447013, 0.30275643557244175,
253, 0.004400944067338554, 0.004400944067338554, 0.004400944067338554, 0.3289323892492581, 0.3289323892576347, 0.32893238923609497,
254, 0.29049921796243566, 0.29049921796243566, 0.2904992179634925, 0.042834115351992934, 0.04283411535308374, 0.04283411535012298,
255, 0.28244002168873494, 0.28244002168770743, 0.28244002168873494, 0.050893311626529596, 0.050893311627455334, 0.050893311624492954,
256, 0.2933943118172534, 0.2933943118172534, 0.2933943118172534, 0.039939021496920545, 0.03993902149793762, 0.039939021495031674,
257, 0.03497041140673578, 0.03497041140673578, 0.03497041140673578, 0.2983629219077897, 0.2983629219164732, 0.2983629218969353,
258, 0.004395757868419258, 0.004395757868419258, 0.004395757868419258, 0.3289375754475082, 0.32893757545468816, 0.3289375754343448,
259, 0.28997623500943903, 0.28997623500943903, 0.28997623500943903, 0.04335709830503462, 0.043357098305981015, 0.0433570983029841,
260, 0.32667795834262053, 0.32667795834262053, 0.32667795834262053, 0.006655374971718884, 0.006655374971888369, 0.006655374971500975,
261, 0.2821016924347591, 0.2821016924347591, 0.2821016924347591, 0.05123164087995756, 0.05123164088107584, 0.051231640878466524,
262, 0.28207500041605094, 0.28207500041605094, 0.28207500041605094, 0.05125833289829439, 0.05125833289941324, 0.05125833289661609,
263, 0.32861052858056167, 0.32861052858056167, 0.32861052858056167, 0.004722804732670965, 0.004722804732756872, 0.0047228047324991505,
264, 0.3286154388416662, 0.3286154388416662, 0.3286154388416662, 0.004717894471245068, 0.004717894471365214, 0.004717894471056269,
265, 0.00394540748987682, 0.00394540748987682, 0.00394540748987682, 0.32938792582578297, 0.3293879258317745, 0.3293879258137999,
266, 0.3290448287188309, 0.3290448287188309, 0.3290448287188309, 0.004288504594947647, 0.004288504595041256, 0.004288504594729226,
267, 0.030506913928760943, 0.030506913928760943, 0.030506913928760943, 0.30282641938615, 0.3028264193916584, 0.30282641937513327,
268, 0.15857777603286477, 0.15857777603286477, 0.15857777603286477, 0.17475555728140033, 0.17475555728648637, 0.17475555727313546,
269, 0.028953038964452282, 0.028953038964452282, 0.028953038964452282, 0.3043802943505805, 0.3043802943583318, 0.3043802943383999,
270, 0.1506425230766404, 0.1506425230766404, 0.15064252307718842, 0.18269081023695677, 0.18269081024227377, 0.18269081022898126,
271, 0.2838927356288331, 0.2838927356278003, 0.2838927356288331, 0.049440597685063085, 0.049440597686322134, 0.04944059768344431,
272, 0.3279949567643869, 0.3279949567631936, 0.3279949567643869, 0.005338376549070433, 0.005338376549186959, 0.005338376548837382,
273, 0.1506407795566869, 0.1506407795566869, 0.1506407795566869, 0.18269255375747975, 0.18269255376213217, 0.1826925537501688,
274, 0.02530851828419807, 0.02530851828419807, 0.02530851828419807, 0.30802481503120566, 0.30802481503792917, 0.3080248150188792,
275, 0.32765908538869365, 0.32765908538869365, 0.32765908538869365, 0.005674247925498574, 0.005674247925643074, 0.005674247925250861,
276, 0.32765697414300476, 0.32765697414300476, 0.32765697414300476, 0.005676359170822093, 0.005676359170945996, 0.005676359170553637,
277, 0.02641758491542677, 0.02641758491542677, 0.02641758491542677, 0.30691574840105823, 0.3069157484088741, 0.306915748386543,
278, 0.004359459901240871, 0.004359459901240871, 0.004359459901240871, 0.32897387341628925, 0.32897387342466683, 0.3289738733983373,
279, 0.004641471493777545, 0.004641471493777545, 0.004641471493777545, 0.3286918618239957, 0.3286918618323661, 0.3286918618060591,
280, 0.15230081958201025, 0.15230081958201025, 0.1523008195825643, 0.18103251373456708, 0.18103251373851864, 0.1810325137253468,
281, 0.32748320956736526, 0.32748320956736526, 0.32748320956855664, 0.005850123747513224, 0.005850123747640919, 0.0058501237472578325,
282, 0.29130618055922797, 0.29130618055922797, 0.29130618055922797, 0.04202715275640538, 0.042027152757322744, 0.042027152754570654,
283, 0.16768639045571834, 0.16768639045571834, 0.16768639045571834, 0.165646942861075, 0.16564694286469073, 0.16564694285324094,
284, 0.026708529205976453, 0.026708529205976453, 0.026708529206073618, 0.30662480411125254, 0.306624804119061, 0.30662480409675114,
285, 0.1347995246653738, 0.1347995246653738, 0.1347995246653738, 0.19853380865091724, 0.19853380865597306, 0.1985338086422501,
286, 0.3284631153693865, 0.3284631153693865, 0.3284631153693865, 0.004870217945940519, 0.004870217946064543, 0.004870217945745624,
287, 0.2909803352657207, 0.2909803352657207, 0.2909803352657207, 0.04235299804893108, 0.04235299805000964, 0.04235299804739029,
288, 0.15332554445998842, 0.15332554445998842, 0.15332554446054622, 0.18000778885477844, 0.18000778886001736, 0.18000778884757493,
289, 0.0032511303019078968, 0.0032511303019078968, 0.0032511303019078968, 0.3300822030152564, 0.33008220302366226, 0.33008220300084645,
290, 0.16057011955746567, 0.16057011955746567, 0.16057011955746567, 0.17276321375961684, 0.1727632137640164, 0.1727632137501892,
291, 0.023172973659796415, 0.023172973659796415, 0.02317297365988072, 0.3101603596584711, 0.31016035966524125, 0.3101603596449308,
292, 0.2934530222493673, 0.2934530222493673, 0.2934530222493673, 0.0398803110663205, 0.039880311067191, 0.03988031106457949,
293, 0.28972888379937883, 0.28972888379832484, 0.28972888379937883, 0.04360444951709496, 0.04360444951788812, 0.04360444951535,
294, 0.2916340300842537, 0.2916340300842537, 0.2916340300842537, 0.04169930323169863, 0.041699303232608835, 0.04169930323002992,
295, 0.13617703742975984, 0.13617703742926443, 0.13617703742975984, 0.19715629588754277, 0.19715629589184627, 0.19715629588037026,
