Optimize time:1.8914444220728344
Begin Prob:-27118.770879171272
End Prob:-27050.327491280048
Substitution parameters back:[1, 0.2662420106327425, 0.1976009996867357, 0.21428833225995134, 0.32186865742057036, 3.820404650541293]
Substitution parameters hot:[1, 0.3732656870166198, 0.15247025513594128, 0.23016022968563649, 0.24410382816180246, 3.0944273806360383]
Transition parameters:[0.6000358858748864, 0.001053034926915746, 0.001066040854390544]
hscale parameters:3.8139233811517927
Trees:
((4:910.1101797225084,2:618.034370715906):910.1101797225084,(1:910.1101797225084,3:788.3690910223479):910.1101797225084);
(4:618.0796545601603,(1:618.1288002817763,(2:910.1101797225084,3:853.0433244014337):676.3504806612618):910.0391953335499);
(4:617.6961506820649,(3:566.1370088636424,(1:819.556633004266,2:618.0342438317376):897.1075084954464):618.034370715906);
((4:3471.090493867935,2:2357.1357368288286):3471.090493867935,(1:3471.090493867935,3:3006.7793092275188):3471.090493867935);
(4:2357.3084459412185,(1:2357.4958839579735,(2:3471.090493867935,3:3253.4418800700814):2579.54891204724):3470.819764847189);
(4:2355.845791533788,(3:2159.2031750403858,(1:3125.7262047930094,2:2357.1352529023325):3421.4993020576135):2357.1357368288286);

Position, Posteriors1, Posteriors2, Posteriors3, Posteriors4, Posteriors5, Posteriors6,
0, 0.29373775760374465, 0.3433011928077159, 0.34330000277026207, 0.006542027117912958, 0.006559510187870021, 0.006559509533918562,
1, 0.2948732049629359, 0.34380194909926387, 0.3438023746327235, 0.005855270901731578, 0.005833600856092792, 0.005833599568756319,
2, 0.3124672918401669, 0.3358563100083841, 0.33585848783562616, 0.0052261610521337565, 0.005295877609632797, 0.005295871677217745,
3, 0.3054049651262701, 0.34016483444851603, 0.3401665637763342, 0.004803537388485459, 0.004730045473423196, 0.004730053806705979,
4, 0.3179940856514037, 0.33449973701225333, 0.33450189449688117, 0.004291228315809801, 0.004356530334717766, 0.004356524209398218,
5, 0.310045108135483, 0.33904919481414303, 0.33904957178866574, 0.003971860407034235, 0.003942131747824237, 0.0039421331271508545,
6, 0.3292951826092305, 0.3299450743548781, 0.3299441369548062, 0.0035838046062717233, 0.0036159012238435925, 0.003615900270071474,
7, 0.31540462727713003, 0.3375946501589227, 0.3375927737558478, 0.0031456443781122385, 0.0031311509108184537, 0.0031311535399105297,
8, 0.340440659601856, 0.3258753505917074, 0.32587409132670336, 0.0025900254817117674, 0.0026099382315005557, 0.0026099347879969485,
9, 0.3386638301508491, 0.3274890622542929, 0.3274881766248223, 0.0021297451325232274, 0.002114591709811046, 0.0021145941490965693,
10, 0.3078756613183571, 0.34356452263324416, 0.3435643141245008, 0.0016594037957095588, 0.0016680501497505751, 0.0016680479999182356,
11, 0.2983946201043728, 0.34886679853973324, 0.34886768753227526, 0.0012900845543636138, 0.0012904045317608524, 0.0012904047623154054,
12, 0.30489470655494405, 0.34612667121760515, 0.3461286978277546, 0.0009507811752935511, 0.0009495716297688676, 0.0009495716189009432,
13, 0.3299845420428017, 0.33394832344615505, 0.3339524885882947, 0.0007046547504606399, 0.0007049951482347351, 0.0007049960495474891,
14, 0.34002894543286544, 0.32941709654802165, 0.3294217328655788, 0.0003754496083109486, 0.00037838814209584, 0.00037838743007632627,
15, 0.34436652515565025, 0.3274508775593329, 0.3274558770926203, 0.0002434291251072531, 0.000241645319655337, 0.00024164577486545974,
16, 0.34384107425010507, 0.3278055728937343, 0.3278104556997393, 0.0001808061145356132, 0.0001810455770505263, 0.00018104548979458243,
17, 0.33556800213445664, 0.3319907554414885, 0.3319940975538219, 0.0001494054476876409, 0.00014886960006068502, 0.00014886984724707384,
18, 0.31467336963396864, 0.34245832993848224, 0.3424580471255162, 0.00013683456112610658, 0.0001367094931137198, 0.00013670927434322077,
19, 0.32850830551458643, 0.3355722353969232, 0.3355716611223472, 0.00011554596065192553, 0.00011612596064000003, 0.00011612607117601181,
20, 0.30637738619619204, 0.346696884067245, 0.34669714429883497, 7.617317610154806e-05, 7.620621417511851e-05, 7.620607374354729e-05,
21, 0.3072145404640163, 0.34631049834422956, 0.3463115971481138, 5.445651897533688e-05, 5.445371419058434e-05, 5.4453837117432334e-05,
22, 0.3262258937098359, 0.33682289311228997, 0.3368255681882973, 4.196288889391484e-05, 4.1841107204686956e-05, 4.184101812294323e-05,
23, 0.321365764103917, 0.33925708376325486, 0.3392587196534191, 3.945572139734962e-05, 3.948834713580478e-05, 3.948843747021241e-05,
24, 0.35014941382994375, 0.32487850639864063, 0.32487891743219927, 3.108510127719776e-05, 3.1038651842352546e-05, 3.1038612695528024e-05,
25, 0.35904799111190894, 0.32044009234122595, 0.3204411411242584, 2.3660852245573104e-05, 2.3557293395262636e-05, 2.3557303794044874e-05,
26, 0.3509419625067705, 0.3245046989711201, 0.3245081300056436, 1.4936331229225145e-05, 1.513611374950982e-05, 1.513609857303601e-05,
27, 0.3466244240778237, 0.32666739496225056, 0.3266715466754806, 1.2354659179383021e-05, 1.2139815912758894e-05, 1.2139833374533326e-05,
28, 0.336149151651966, 0.3319100903930576, 0.33191374223439035, 8.973475635032874e-06, 9.021144889076137e-06, 9.021126088096351e-06,
29, 0.31054498060924296, 0.3447127034134959, 0.34471476045643673, 9.211280138046773e-06, 9.172121404006614e-06, 9.172142272567308e-06,
30, 0.30612745710922035, 0.34692594695594065, 0.34692741249126013, 6.372038878244707e-06, 6.4057194298923945e-06, 6.405708794946411e-06,
31, 0.3221603308497009, 0.33891090823594255, 0.33891359508906327, 5.066193549648737e-06, 5.049827063402768e-06, 5.049826828692785e-06,
32, 0.3114981190113128, 0.3442422760771478, 0.3442441712827722, 5.140868785053267e-06, 5.146391445992476e-06, 5.1463892543788666e-06,
33, 0.3241574979692498, 0.3379126151324774, 0.33791592700767037, 4.6281206096373045e-06, 4.665898056414125e-06, 4.665894960006025e-06,
34, 0.3167981919927123, 0.34159074728810707, 0.3415935367593785, 5.86767754570643e-06, 5.82814987574813e-06, 5.8281568742924335e-06,
35, 0.33643541546504335, 0.3317725950115986, 0.3317760525094741, 5.317561601226846e-06, 5.309740496767924e-06, 5.309734306379819e-06,
36, 0.34211736412306, 0.32893053697455493, 0.32893342734874326, 6.19015950699144e-06, 6.240708631704131e-06, 6.240707746923533e-06,
37, 0.3437850116345409, 0.3280928581234923, 0.32809296836035173, 9.747332982685048e-06, 9.707283435750419e-06, 9.707286619282457e-06,
38, 0.3188723935317682, 0.3405442935030743, 0.3405428884031759, 1.3485143517243525e-05, 1.3469721099656963e-05, 1.346971864835313e-05,
39, 0.33260150471055294, 0.3336777031154147, 0.3336768831865667, 1.4596414070696588e-05, 1.4656301119521126e-05, 1.465629322138676e-05,
40, 0.31019216121142346, 0.34488068378806663, 0.34488064292727616, 1.550906618160639e-05, 1.5501513987856423e-05, 1.5501513349192354e-05,
41, 0.31245719355945456, 0.3437490476891854, 0.3437494333645638, 1.472664925356941e-05, 1.479938204894106e-05, 1.4799375934728771e-05,
42, 0.34161954196645705, 0.3291711815914612, 0.329171998727117, 1.2478913155069655e-05, 1.2399409547814401e-05, 1.2399411466065809e-05,
43, 0.34234440657258114, 0.3288117711132874, 0.32881489757317833, 9.597517653289035e-06, 9.663618621203636e-06, 9.663625116143537e-06,
44, 0.3383891937694095, 0.33079170843196554, 0.33079517498902733, 8.018019511487437e-06, 7.952404932058776e-06, 7.952404468618218e-06,
45, 0.3213442815885471, 0.3393130360231427, 0.33931501752574117, 9.174753472820625e-06, 9.245071756358151e-06, 9.245056984221633e-06,
46, 0.3391302879583231, 0.3304183227546293, 0.3304211143825573, 1.0141913652519843e-05, 1.0066493825895364e-05, 1.0066516326434072e-05,
47, 0.3473276975629001, 0.326314974497484, 0.32631603552004773, 1.3737815185138038e-05, 1.3777324609766955e-05, 1.3777298908078363e-05,
48, 0.3284253424708365, 0.33576202793615373, 0.3357631093067788, 1.6570712813431746e-05, 1.647477706912904e-05, 1.6474814026402063e-05,
49, 0.3471226531548322, 0.3264084056631862, 0.326409840416051, 1.9702403210142543e-05, 1.9699209406257778e-05, 1.9699170447244144e-05,
50, 0.36388851931178856, 0.31801826723434373, 0.3180172765310992, 2.5303862065440406e-05, 2.531651657334868e-05, 2.531656012101818e-05,
51, 0.31830433600696983, 0.3408050973892991, 0.34080339781354557, 2.898308666115692e-05, 2.9092880175416833e-05, 2.9092841114821177e-05,
52, 0.3114618667746394, 0.344221249114419, 0.34422064358749566, 3.225779591768283e-05, 3.199135480481779e-05, 3.199138987862947e-05,
53, 0.3276394406537491, 0.3361273474897657, 0.3361265235237271, 3.536983239470666e-05, 3.565926539532822e-05, 3.565925321701726e-05,
54, 0.30593632658273073, 0.3469821845485592, 0.34698146318365863, 3.338056948770205e-05, 3.332256639264356e-05, 3.3322570253595826e-05,
55, 0.3023978816767273, 0.3487536976011527, 0.348753088905883, 3.17195890366563e-05, 3.1806142452824825e-05, 3.180610585918842e-05,
56, 0.32204635749609817, 0.33893138470845674, 0.33893374950366867, 2.9578125934385797e-05, 2.9465070096833577e-05, 2.946511764857043e-05,
57, 0.31688129329691817, 0.34151045767072963, 0.3415127618306285, 3.186804442551431e-05, 3.180960034562175e-05, 3.180957723118766e-05,
58, 0.3399078149219784, 0.3299925320291248, 0.32999595821614147, 3.4599170307324096e-05, 3.454781268786118e-05, 3.454787013099751e-05,
59, 0.3516823109933026, 0.3240948243454439, 0.32409658170434225, 4.215025408013851e-05, 4.206638920576092e-05, 4.206633187491068e-05,
60, 0.3401354093147018, 0.32985823371583006, 0.32986073406207655, 4.846011837835547e-05, 4.8581374364421917e-05, 4.858143419398676e-05,
61, 0.32184938201201774, 0.3389980949432, 0.33899820881700926, 5.146470619354393e-05, 5.1424769808855456e-05, 5.142477160540607e-05,
62, 0.34633011378947204, 0.32676588128274114, 0.326766772023765, 4.559368853699361e-05, 4.581962201164942e-05, 4.5819613009846283e-05,
63, 0.3468546159366499, 0.32650889895416063, 0.326512053003094, 4.1541532741180984e-05, 4.144529920297493e-05, 4.144529419265153e-05,
64, 0.3417471281215053, 0.32905750985226906, 0.32906087357437813, 4.49962302706792e-05, 4.474613021675325e-05, 4.4746110962166025e-05,
65, 0.32841466383128376, 0.33572375311035424, 0.33572619496875494, 4.4839410762695785e-05, 4.527435270201813e-05, 4.5274342531683065e-05,
66, 0.3000817488240487, 0.3498912119146493, 0.34989072957110057, 4.553845649524519e-05, 4.538563684602529e-05, 4.5385612448424495e-05,
67, 0.2930116428390417, 0.3534272815720437, 0.35342594927676246, 4.501306691261628e-05, 4.5056626942324536e-05, 4.505663583619233e-05,
68, 0.30078026526759766, 0.349556270546767, 0.34955642883768806, 3.5509001162939945e-05, 3.57631985778593e-05, 3.576316347222035e-05,
69, 0.32178347488266135, 0.33906759927670366, 0.3390699933071422, 2.660632099776242e-05, 2.6163100773546358e-05, 2.616312775474893e-05,
70, 0.31365651038755044, 0.3431453835081725, 0.34314745360638677, 1.6775541206648623e-05, 1.6938494448416495e-05, 1.693847831100849e-05,
71, 0.3329815992152538, 0.3334910023942549, 0.3334946567745842, 1.0923103605592933e-05, 1.0909265977102884e-05, 1.0909264565769444e-05,
72, 0.3402212704661969, 0.3298736239878539, 0.32987780214134876, 9.040625370848468e-06, 9.131403867843536e-06, 9.131396116990549e-06,
73, 0.342831712105347, 0.32857158089604227, 0.32857594625310715, 6.9603720253301946e-06, 6.9001938722091115e-06, 6.900199688872279e-06,
74, 0.33907799063191746, 0.33044918230207593, 0.33045265621785985, 6.7097664718471004e-06, 6.730546068443894e-06, 6.730555228605029e-06,
75, 0.3264987424117506, 0.3367368372026864, 0.336736663020209, 9.24576700107813e-06, 9.255812965135618e-06, 9.255802990485403e-06,
76, 0.3604397143785552, 0.3197667354084681, 0.319766243438022, 9.129472344802047e-06, 9.088657544546364e-06, 9.08866121508601e-06,
77, 0.3823304534618286, 0.3088222017761444, 0.3088220390770585, 8.407022881005861e-06, 8.449337442139977e-06, 8.449341775133751e-06,
78, 0.356288407806357, 0.3218434586942952, 0.32184598045843577, 7.432055686766992e-06, 7.360496551957412e-06, 7.360505052479432e-06,
79, 0.33585723265384093, 0.3320577296219603, 0.3320602618713438, 8.197098642978117e-06, 8.289390005887082e-06, 8.289381435167546e-06,
80, 0.30603056861520334, 0.34696650462849404, 0.34696644652808106, 1.2203270969193442e-05, 1.2138483723486606e-05, 1.2138492573460395e-05,
81, 0.30333929724632913, 0.34831111156918176, 0.34831081467262687, 1.2866509694654699e-05, 1.2955015767999328e-05, 1.2955006500203737e-05,
82, 0.32514564605655183, 0.33740800494757806, 0.3374105828635733, 1.2020439721396202e-05, 1.1872850984835619e-05, 1.1872859804108827e-05,
83, 0.31878796552232025, 0.3405839026890809, 0.34058616434927297, 1.3975973423232717e-05, 1.3995738747429404e-05, 1.3995747433277735e-05,
84, 0.34241083916713994, 0.3287698680860699, 0.3287729646596435, 1.5479964052406527e-05, 1.5424079219074036e-05, 1.5424065180244614e-05,
85, 0.3598894531611185, 0.3200260882713926, 0.32002872247511827, 1.8546519107355488e-05, 1.8594799390616766e-05, 1.8594795150405174e-05,
86, 0.3866806791679751, 0.30662330110763375, 0.306623869108502, 2.418224486844641e-05, 2.398419840515956e-05, 2.3984196478765704e-05,
87, 0.3672669106053772, 0.3163197181134819, 0.3163214634044569, 3.059356023339606e-05, 3.06571497292216e-05, 3.065718750603795e-05,
88, 0.36294482328836497, 0.3184581738713133, 0.3184577383945838, 4.6655505461877066e-05, 4.630449535717719e-05, 4.630446626066725e-05,
89, 0.3450113107781135, 0.3274097724607776, 0.32740835915843436, 5.654377701623232e-05, 5.7006911721499705e-05, 5.700693321270072e-05,
90, 0.3043010154292678, 0.3477564246048579, 0.3477539386955617, 6.300810030326625e-05, 6.280659403087199e-05, 6.280659576990222e-05,
91, 0.2894453806732516, 0.35518037592488744, 0.3551772003713098, 6.55810977720585e-05, 6.573099204358241e-05, 6.573096300508549e-05,
92, 0.2854224994208684, 0.3571959254388023, 0.3571929657078716, 6.295733539726976e-05, 6.282606455248358e-05, 6.282605371326022e-05,
93, 0.28818122168049864, 0.3558216620949095, 0.3558189741294704, 5.9185526651016623e-05, 5.947831163887644e-05, 5.947827943189583e-05,
94, 0.30099727959697253, 0.3494173627274935, 0.34941591090861746, 5.6690119390169735e-05, 5.637829995509354e-05, 5.637836844150825e-05,
95, 0.32614164445287125, 0.33684523514963166, 0.3368435882316293, 5.6227103321062964e-05, 5.665256260874982e-05, 5.6652520631180426e-05,
96, 0.3121612892078391, 0.3438446134303807, 0.343842360025025, 5.0656374300513365e-05, 5.054047069909465e-05, 5.054051477012211e-05,
97, 0.33157227512773096, 0.3341466515687558, 0.3341452752277306, 4.5146248496426816e-05, 4.5325943058698506e-05, 4.53259056294036e-05,
98, 0.3140138367845766, 0.3429333091295117, 0.3429324375521408, 4.0110724148833895e-05, 4.015291270816912e-05, 4.0152917684521626e-05,
99, 0.33141715553420165, 0.3342407859541483, 0.33424294767939583, 3.309840098272145e-05, 3.30062372981011e-05, 3.30062150062409e-05,
100, 0.33031167958993096, 0.33479581297638067, 0.3347980785037132, 3.140063343911694e-05, 3.151414756085016e-05, 3.151417004925363e-05,
101, 0.31394390902135944, 0.3429801336685886, 0.3429796318907393, 3.214943344016154e-05, 3.208799923667469e-05, 3.20880051718563e-05,
102, 0.33252333985771526, 0.33369190514525826, 0.33369140438180955, 3.098748932459317e-05, 3.118158052850165e-05, 3.1181566935237565e-05,
103, 0.3172395102389383, 0.34133930741200685, 0.34133956943498645, 2.7257000161710025e-05, 2.7177952691899593e-05, 2.717798268597358e-05,
104, 0.3338408727818032, 0.33304242299911446, 0.3330420873518051, 2.4894799198000895e-05, 2.4861051742185485e-05, 2.4861037198707417e-05,
105, 0.31519239285661677, 0.342369290181431, 0.3423692327636459, 2.3020101075591774e-05, 2.3032047232109905e-05, 2.3032070634864225e-05,
106, 0.33293122456766155, 0.3335124734513099, 0.33351572599079937, 1.3446003072137606e-05, 1.3565012577816853e-05, 1.3564993865984175e-05,
107, 0.3385334760003027, 0.3307158893173644, 0.3307204941701185, 1.0115238917877184e-05, 1.0012638024875393e-05, 1.0012657688396833e-05,
108, 0.3307217840561496, 0.33462119335155344, 0.334625030967858, 1.0638724309435018e-05, 1.0676457751945475e-05, 1.0676464113359326e-05,
109, 0.30797140802105233, 0.3459950155284269, 0.3459966780455915, 1.2262104209709047e-05, 1.2318170261384887e-05, 1.2318151927449633e-05,
110, 0.30958454952243664, 0.3451869657540595, 0.3451876221435971, 1.3704587066549062e-05, 1.3578997903187417e-05, 1.3579017180505895e-05,
111, 0.3303832144776394, 0.33478679219549473, 0.3347870073167157, 1.4229889729135033e-05, 1.4378081092525033e-05, 1.4378061823785364e-05,
112, 0.31675037019021934, 0.3416076517305845, 0.3416093372385871, 1.0934784107410127e-05, 1.0853033543444455e-05, 1.0853045817169734e-05,
113, 0.3322259844548578, 0.3338725666944598, 0.3338764585715586, 8.286539492777136e-06, 8.351884069665915e-06, 8.35188104977258e-06,
114, 0.3341254853159535, 0.33292475711241204, 0.3329294703536538, 6.805723759525836e-06, 6.740752948894341e-06, 6.740764122850977e-06,
115, 0.3187221463175322, 0.34062483656076337, 0.34062831391269377, 8.218623869840593e-06, 8.242302111307449e-06, 8.242305529514742e-06,
116, 0.3342823134572508, 0.33284130168708453, 0.3328455464369136, 1.0309082077828647e-05, 1.0264673884037357e-05, 1.0264684665393506e-05,
117, 0.33810367319193274, 0.3309258029998532, 0.33092977112487154, 1.3459598781258552e-05, 1.3646563854691151e-05, 1.3646543162341159e-05,
118, 0.33435047119682126, 0.33278917959890997, 0.3327920901746957, 2.2994527799431666e-05, 2.263225185689802e-05, 2.263227590320281e-05,
119, 0.3136469672450736, 0.3431287945049263, 0.34312819060017274, 3.19396143268968e-05, 3.2054040445754474e-05, 3.205402244344457e-05,
120, 0.3272058507333255, 0.33634388254182457, 0.3363425695476203, 3.582263730574741e-05, 3.59372896994955e-05, 3.593727834036148e-05,
121, 0.2999329362473909, 0.34997493034844557, 0.3499726486134953, 3.9899020270512874e-05, 3.979290284554049e-05, 3.9792894603304096e-05,
122, 0.2935549399947067, 0.35315883950232746, 0.3531570532569975, 4.289146916717868e-05, 4.313791387414484e-05, 4.313789056195496e-05,
123, 0.3025459402332835, 0.3486690336355013, 0.3486697007307762, 3.865329147392829e-05, 3.833605180575671e-05, 3.833608456934223e-05,
124, 0.32472708147450147, 0.33757832062700904, 0.3375813735606273, 3.765270492973936e-05, 3.778582068182828e-05, 3.7785838827494984e-05,
125, 0.3266792792119762, 0.33659946487775294, 0.33660271232662814, 3.9417374481148855e-05, 3.9563132424030977e-05, 3.956310363246073e-05,
126, 0.31090499892578044, 0.3444730293192388, 0.34447501380698065, 4.895708389513744e-05, 4.9000456646838796e-05, 4.900043503481796e-05,
127, 0.3203043933738037, 0.33975534628382004, 0.3397578696966709, 6.075144949102263e-05, 6.081958339411723e-05, 6.081963838088058e-05,
128, 0.30541878965883196, 0.3471713118048802, 0.3471717326247299, 7.935150426412733e-05, 7.940722468938877e-05, 7.940720828032644e-05,
129, 0.31706242020371195, 0.3413286193618077, 0.34133051901415157, 9.285627893592524e-05, 9.279260588661855e-05, 9.279256318948434e-05,
130, 0.3000039262462291, 0.34982493655857544, 0.3498258216675578, 0.00011535810885453056, 0.00011497872233688751, 0.0001149787235909214,
131, 0.29305472434534635, 0.3532661604391184, 0.3532667779790037, 0.00013748280839984004, 0.0001374271365910999, 0.000137427318495079,
132, 0.2926727684556134, 0.353446532733148, 0.3534457712275637, 0.0001447953673866625, 0.00014506617725694958, 0.00014506606453906095,
133, 0.2979494546635813, 0.3508028114482202, 0.35080061075947316, 0.00014889452425369547, 0.00014911433657826428, 0.00014911429286076932,
134, 0.3225089859833732, 0.3385289564657751, 0.33852701020815973, 0.00014549157764293506, 0.00014477787544101814, 0.00014477791612218906,
135, 0.30201415809430904, 0.34877936318398184, 0.34877707935695274, 0.0001425874997076982, 0.00014340594235598642, 0.0001434059491303621,
136, 0.30454545259967025, 0.3475170272320666, 0.3475157830144924, 0.0001413368481026795, 0.0001402001652117334, 0.00014020016694078673,
137, 0.32277556539642216, 0.3383970828374138, 0.33839539607664704, 0.00014326017049992316, 0.00014434774187157187, 0.00014434780224046697,
138, 0.29762393065165366, 0.35096775971252037, 0.35096545120851996, 0.00014792792357664882, 0.00014746531765683278, 0.0001474652109357603,
139, 0.29161426160729426, 0.35398497414838576, 0.3539826327649059, 0.00013912683872385217, 0.0001395023082105106, 0.00013950235536953955,
140, 0.299075203599852, 0.3502640941934223, 0.350262963246977, 0.00013244254448171812, 0.00013264825676609072, 0.0001326481827980272,
141, 0.32709008959473607, 0.33627200136825575, 0.33627434893818464, 0.00012160755851913085, 0.00012097622981148549, 0.00012097633458386993,
142, 0.33495348124102076, 0.33234073025460686, 0.3323435193224388, 0.00012049477116955577, 0.00012088718597227627, 0.00012088725017958698,
143, 0.3316807970875528, 0.3339710405837961, 0.3339719532971343, 0.00012532926779860963, 0.00012543993325994746, 0.0001254398567801835,
144, 0.3736142364568181, 0.3130055241278844, 0.31300505010823926, 0.00012498930856911288, 0.00012510000251213398, 0.00012510002354737347,
145, 0.3602971677397799, 0.31966511474553316, 0.3196662890328476, 0.00012300114439485143, 0.00012421376029827716, 0.0001242136059061994,
146, 0.36016548997137954, 0.31973274433551, 0.31973253600289103, 0.00012394076100850362, 0.00012264440290259382, 0.00012264455138260387,
147, 0.347691412081179, 0.32596826914866395, 0.3259676399763893, 0.00012324863379097674, 0.0001247151792959423, 0.0001247150051785006,
148, 0.31248066658994905, 0.3435786163955608, 0.34357791505083624, 0.00012189020990870522, 0.00012045581274898602, 0.00012045596886561924,
149, 0.29840820230061516, 0.3506285270611286, 0.35062673173144016, 0.00011154360583709256, 0.00011249768936585944, 0.0001124976368355826,
150, 0.3044335764194417, 0.347626723429474, 0.3476255124437792, 0.00010505959703005389, 0.00010456409649124124, 0.00010456403876411748,
151, 0.3354534923500507, 0.3321364610175854, 0.33213812889526595, 9.052542516186092e-05, 9.069610678725807e-05, 9.069623044289664e-05,
152, 0.3538137298143077, 0.3229618269589834, 0.32296276585728756, 8.774253000135e-05, 8.696746442679518e-05, 8.696740058554425e-05,
153, 0.3507466140146992, 0.32450647695488316, 0.32450921236623326, 7.851887508707738e-05, 7.958890040249167e-05, 7.958891621963366e-05,
154, 0.3524564518654236, 0.32366275511045284, 0.3236656099155124, 7.222133111116482e-05, 7.148092858792154e-05, 7.148087430929914e-05,
155, 0.3553690594674399, 0.3222253616068543, 0.32222679765498063, 5.934309205654456e-05, 5.9719091245991986e-05, 5.971911224929569e-05,
156, 0.34174638746232044, 0.32905403068349276, 0.32905651876995823, 4.811796792834517e-05, 4.747256081463396e-05, 4.7472581773671266e-05,
157, 0.3147525739866055, 0.3425564034437676, 0.34255676708017185, 4.4577890785301205e-05, 4.483880747813182e-05, 4.48388189538104e-05,
158, 0.3235259513865396, 0.3381762588697072, 0.3381779969925669, 3.984339826410707e-05, 3.99746983997258e-05, 3.997468248651336e-05,
159, 0.3117409010651597, 0.34406732561892, 0.34406707731611685, 4.158408022935038e-05, 4.1555975857483814e-05, 4.155597237626764e-05,
160, 0.3323994713349126, 0.33374191506153456, 0.3337429757921722, 3.856118979569322e-05, 3.8538338971147215e-05, 3.853830952712735e-05,
161, 0.3380729622135431, 0.33090642262277326, 0.33090560331236324, 3.8399569477886745e-05, 3.830614085148117e-05, 3.8306168837149796e-05,
162, 0.3122210869582673, 0.3438323446389048, 0.34383005521452276, 3.880867930217155e-05, 3.885228206671165e-05, 3.885225622483717e-05,
163, 0.31945162074879413, 0.3402201428947982, 0.3402177865808052, 3.678025676170104e-05, 3.683476490127926e-05, 3.683478446012001e-05,
164, 0.3673574681634239, 0.3162692197280426, 0.31626815785657875, 3.503958777199365e-05, 3.5057346231019996e-05, 3.505734727657557e-05,
165, 0.35580436344849925, 0.3220497654777962, 0.32205162128561565, 3.136792351231466e-05, 3.144093160970634e-05, 3.1440960627376735e-05,
166, 0.35004144149764815, 0.3249276135426634, 0.32492834672019455, 3.433322016539949e-05, 3.413251884808031e-05, 3.413252878952675e-05,
167, 0.3218498793898692, 0.33903190233298097, 0.33903307110112285, 2.8265937368202245e-05, 2.8440638577890414e-05, 2.8440630102955542e-05,
168, 0.3290328350004869, 0.3354488354572529, 0.335451269156883, 2.24159671488826e-05, 2.2322237184150017e-05, 2.23222099853107e-05,
169, 0.31808916794578895, 0.3409261094019124, 0.3409278421223844, 1.897474882737656e-05, 1.8952889399517102e-05, 1.8952921048310453e-05,
170, 0.33560003471161665, 0.33217310446767945, 0.3321754334429815, 1.7076014963575877e-05, 1.7175707311850004e-05, 1.717568598240662e-05,
171, 0.34441649080643505, 0.3277687152955579, 0.32776957966687087, 1.5033015599540385e-05, 1.5090622493571907e-05, 1.50906249399976e-05,
172, 0.32972894027541777, 0.33511903376012525, 0.3351204533105176, 1.0557128184626299e-05, 1.0507772548684172e-05, 1.0507785535186928e-05,
173, 0.35638237632520076, 0.3217945404501292, 0.3217967679279923, 8.745223905905339e-06, 8.785051938927465e-06, 8.785052381730958e-06,
174, 0.3895740944916628, 0.3051994675396632, 0.3051991001641089, 9.144405098662044e-06, 9.096718170637216e-06, 9.096713259472036e-06,
175, 0.37556770832844255, 0.31220237753570695, 0.3122025129622721, 9.128575447010966e-06, 9.136314099301288e-06, 9.136315669251752e-06,
176, 0.35998170236350485, 0.31999591327210775, 0.31999788066964036, 8.179598225591296e-06, 8.162060061852831e-06, 8.162067754466602e-06,
177, 0.3531241979942203, 0.3234236956405396, 0.3234243098413756, 9.297721538443098e-06, 9.249416368299636e-06, 9.249415212517649e-06,
178, 0.3234167637255513, 0.3382749429145471, 0.3382752146897782, 1.0977394774145343e-05, 1.1050656951037831e-05, 1.1050648794686953e-05,
179, 0.33740173542562985, 0.3312838376134251, 0.3312874111312161, 9.082017629131433e-06, 8.966909845314707e-06, 8.966933105108077e-06,
180, 0.33698424368049784, 0.3314900604809624, 0.3314938541149993, 1.0524693737443728e-05, 1.0658540066986983e-05, 1.0658521266099968e-05,
181, 0.3291035713325176, 0.33542881286644377, 0.3354320396040727, 1.1894549987288125e-05, 1.1840830519436106e-05, 1.1840847779632415e-05,
182, 0.30349474517992664, 0.34822839245055265, 0.3482283619892056, 1.613430673354399e-05, 1.6183064992010367e-05, 1.6183043008075468e-05,
183, 0.3027666110772368, 0.34858825552919886, 0.348588224690166, 1.896631356510612e-05, 1.8971198978750748e-05, 1.8971222423433846e-05,
184, 0.32585328634251604, 0.3370405584412427, 0.33704301055783215, 2.106267126308234e-05, 2.1041030252237287e-05, 2.1040989713308977e-05,
185, 0.3246231487519486, 0.3376415658463254, 0.33764425975931783, 3.0445544464379192e-05, 3.029003485014781e-05, 3.029009459843863e-05,
186, 0.30090670625941307, 0.3494694342595649, 0.349469645052785, 5.1275468725926914e-05, 5.146952105769567e-05, 5.146946853062408e-05,
187, 0.2905932944967826, 0.3545943382790897, 0.3545928510334983, 7.316218609007267e-05, 7.317702473093619e-05, 7.317701027857815e-05,
188, 0.2923660100790037, 0.3536836613755776, 0.35368249062910356, 8.935030483713647e-05, 8.924377968611008e-05, 8.92438590344304e-05,
189, 0.298009647365007, 0.3508256263999285, 0.35082359026798066, 0.0001136471659394563, 0.00011374442350166488, 0.00011374440346258363,
190, 0.3236290832945167, 0.33800556866133485, 0.33800407521903925, 0.00012015009837064573, 0.00012056132896826544, 0.00012056142250623684,
191, 0.30656467300140283, 0.3465271016733036, 0.3465261450984882, 0.00012746713241770544, 0.00012730665211808988, 0.00012730646630319272,
192, 0.3169787922048623, 0.3413095198888134, 0.34131077904577867, 0.00013350394068766135, 0.00013370236479402743, 0.00013370258018612872,
193, 0.299996775973506, 0.3497996562835621, 0.34979876394010223, 0.00013483319043562926, 0.00013498537334637664, 0.0001349852635152821,
194, 0.3041988170476252, 0.3476978940769305, 0.34769661538802443, 0.00013577224511370588, 0.00013545059167965298, 0.00013545067480887437,
195, 0.3336240649907431, 0.3329843264219664, 0.3329850981497134, 0.00013488364434293125, 0.00013581346015067362, 0.00013581335822659805,
196, 0.3528278885532647, 0.32338235328699694, 0.32338170257217963, 0.0001359904355175923, 0.00013603259783647687, 0.0001360325784944434,
197, 0.3573180712812288, 0.32115375250292844, 0.3211527606566315, 0.00012481661356093544, 0.000125299487180948, 0.0001252994811497704,
198, 0.34955618179380604, 0.32505684912703753, 0.32505586297294964, 0.00011030950780082597, 0.0001103982999988407, 0.00011039832098102512,
199, 0.3219849545672906, 0.3388600496881931, 0.3388596986447873, 9.817611081384644e-05, 9.856051006287146e-05, 9.85605019403884e-05,
200, 0.33710641432540756, 0.33131998028011006, 0.3313231458534594, 8.390357165397595e-05, 8.327795946295387e-05, 8.327803056790038e-05,
201, 0.3408852952386672, 0.32943621147502555, 0.3294406662997276, 7.892285884680039e-05, 7.945207000239795e-05, 7.94520803288184e-05,
202, 0.33734172842333787, 0.3311985375540904, 0.3312025303944117, 8.624253842790119e-05, 8.548049578107399e-05, 8.548061463067493e-05,
203, 0.32026974283465426, 0.33971259267160864, 0.33971382195263733, 0.00010068327141827885, 0.00010157972117654509, 0.00010157956856201813,
204, 0.33931914735147595, 0.3301637194723308, 0.3301630076470463, 0.00011876239732858396, 0.00011768153177434625, 0.00011768162264047394,
205, 0.3290871224009504, 0.3352507652998803, 0.33524893924754895, 0.00013688795950168915, 0.00013814262826056616, 0.0001381424838399877,
206, 0.36770255903410176, 0.31591412787993284, 0.3159129365741254, 0.00015814650835088684, 0.000156114962293922, 0.0001561150614397498,
207, 0.344640785615752, 0.3274078435629788, 0.32740879573908527, 0.0001797950800102447, 0.0001813899975206576, 0.00018139002531271194,
208, 0.3193046011512584, 0.340019752925568, 0.3400188593735587, 0.000219797660141137, 0.00021849441700738905, 0.00021849449340392748,
209, 0.33391960573385177, 0.33268137196615655, 0.3326800819870573, 0.000238395342049185, 0.0002402726016274244, 0.00024027239209366662,
210, 0.31380419459894543, 0.3427052956933388, 0.3427033116911056, 0.0002634282602160373, 0.0002618847835376622, 0.0002618849947611331,
211, 0.32831018082307833, 0.3354375133133396, 0.33543639558516086, 0.00027048178209909907, 0.00027271438030630193, 0.00027271413607001335,
212, 0.3054744386874376, 0.3468510415700864, 0.3468510217819632, 0.0002753621374796408, 0.0002740676541216726, 0.00027406818538655906,
213, 0.3013772626602363, 0.3489191646614276, 0.34891861199117763, 0.0002612910151932624, 0.0002618350546906542, 0.00026183463060604304,
214, 0.3200650101117208, 0.33960332762129836, 0.3396050068153399, 0.00024198938682412692, 0.00024233279842334783, 0.00024233328199816848,
215, 0.31424582407507573, 0.3425572664846993, 0.3425572043720495, 0.00021355479449288326, 0.00021307532141062252, 0.00021307496875570456,
216, 0.34347976316707424, 0.32801534109836983, 0.3280169823587298, 0.00016194283449729596, 0.00016298519525066973, 0.00016298536112775678,
217, 0.36944189175207237, 0.3150841974320192, 0.3150841758202523, 0.00013085635272492148, 0.00012943928909674575, 0.00012943936889410034,
218, 0.3303840316160225, 0.3346535468861658, 0.3346547560575069, 0.00010193867745024182, 0.00010286346359129276, 0.00010286331638864927,
219, 0.3371955267658836, 0.33127963981109804, 0.3312829199461755, 8.09895388621055e-05, 8.046192248635442e-05, 8.04620347554966e-05,
220, 0.3334519134028886, 0.33316484231054777, 0.3331676256600079, 7.137910740761021e-05, 7.211982025318854e-05, 7.211971833128944e-05,
221, 0.3181008832440372, 0.34084095291407623, 0.3408408064795951, 7.276340776902895e-05, 7.229694489988826e-05, 7.229702807151346e-05,
222, 0.3413229050546713, 0.3292380488177278, 0.32923801796939356, 6.666913120378133e-05, 6.71795579863218e-05, 6.717948923358756e-05,
223, 0.33606960047576323, 0.33187183457072156, 0.3318728320630646, 6.211407665309317e-05, 6.180941650146722e-05, 6.180941527597289e-05,
224, 0.3190988360022629, 0.34036013552152505, 0.3403589226446739, 6.068130874513074e-05, 6.071227728494815e-05, 6.071226255866502e-05,
225, 0.3417737912874779, 0.3290289907893931, 0.32902786749971163, 5.622913883341049e-05, 5.656064720475707e-05, 5.656065550208344e-05,
226, 0.33867930799432905, 0.33058855591421654, 0.3305877224055485, 4.830055283038071e-05, 4.805656636092734e-05, 4.8056585135442956e-05,
227, 0.383505846221299, 0.3081811018851888, 0.3081796453866106, 4.430847997753267e-05, 4.4549002074850217e-05, 4.454904204837234e-05,
228, 0.3787164894995481, 0.31057791994314926, 0.3105772499353779, 4.299684152476062e-05, 4.2671925796165355e-05, 4.2671872254539835e-05,
229, 0.37121224545308756, 0.3143303626186193, 0.3143308545278118, 4.220624778448684e-05, 4.2165573333571794e-05, 4.216559937095827e-05,
230, 0.35943320268826323, 0.32023615783100673, 0.3202391521970424, 3.0430783260505834e-05, 3.0528238620497266e-05, 3.0528281177913075e-05,
231, 0.35660981461590113, 0.3216522014001526, 0.32165473682882345, 2.7879996883964278e-05, 2.7683610542629873e-05, 2.768356712172619e-05,
232, 0.3600247207972754, 0.31994651891106507, 0.3199468586137429, 2.7112900428977247e-05, 2.7394388678508983e-05, 2.739440899903309e-05,
233, 0.3537173815688446, 0.323107954989235, 0.3231075313079245, 2.2514491164921938e-05, 2.2308836917751058e-05, 2.2308824643986225e-05,
234, 0.3305712876720898, 0.33468894071918903, 0.3346888681154469, 1.6873888368738143e-05, 1.7014815487807507e-05, 1.7014806709093474e-05,
235, 0.3509436015629922, 0.3245070191655412, 0.32450782550202906, 1.3920150791371232e-05, 1.3816819119392047e-05, 1.3816817112248692e-05,
236, 0.3509332681066919, 0.32451607880883243, 0.3245196305402377, 1.0299913431455859e-05, 1.0361315618907636e-05, 1.0361334992298444e-05,
237, 0.3524028845482067, 0.3237809621732385, 0.3237847492258628, 1.052175855147983e-05, 1.0441166314251878e-05, 1.0441146135940882e-05,
238, 0.35296335965292513, 0.3234950533550015, 0.3234982163142384, 1.4395571554349165e-05, 1.448755244050171e-05, 1.448757283113189e-05,
239, 0.3582104785294266, 0.320863537586879, 0.3208642057821084, 2.067094827672254e-05, 2.055358951610782e-05, 2.0553582837113504e-05,
240, 0.3484208756013716, 0.32575383343894637, 0.3257538152881767, 2.3885797460822962e-05, 2.379495192924354e-05, 2.379494266604102e-05,
241, 0.3152523933144641, 0.3423357004779092, 0.34233622772140315, 2.5205874624777954e-05, 2.5236307618719167e-05, 2.5236327715750604e-05,
242, 0.3080167711797358, 0.34594683216184274, 0.34594817257892296, 2.9438720407467372e-05, 2.9392685517236647e-05, 2.939269574669372e-05,
243, 0.3194864596986302, 0.34021336212575354, 0.34021591113104693, 2.8075781070281547e-05, 2.809562720105078e-05, 2.8095657363211673e-05,
244, 0.3059763184973234, 0.346968101356714, 0.346969194373079, 2.870714597049665e-05, 2.8839349586068924e-05, 2.8839297806141973e-05,
245, 0.3106091946564763, 0.34465106150002717, 0.3446522498100073, 2.9292815299598694e-05, 2.910058728485934e-05, 2.9100652301970162e-05,
246, 0.3366959621664834, 0.3316023895182818, 0.33160449215681986, 3.215596274251517e-05, 3.2500140279970566e-05, 3.250007462719633e-05,
247, 0.35518629430143134, 0.3223531437314905, 0.32235387860294246, 3.567677196875491e-05, 3.5503284204447433e-05, 3.550332844080868e-05,
248, 0.35697758498842014, 0.3214528819651331, 0.32145406251223296, 3.856468228928928e-05, 3.8452953564921086e-05, 3.845291913383704e-05,
249, 0.36542810817962146, 0.317219562324972, 0.317218208584686, 4.4490488038193994e-05, 4.481522616074812e-05, 4.4815217182962224e-05,
250, 0.3159897860701351, 0.3419308883172272, 0.3419289350339532, 5.015402052549888e-05, 5.0118288569969546e-05, 5.011828874682894e-05,
251, 0.3038754533701209, 0.34798242325022266, 0.3479814025039454, 5.3586744549683766e-05, 5.356705011546028e-05, 5.35670983795902e-05,
252, 0.3167340662616419, 0.341554484333268, 0.3415559502100077, 5.175632807012685e-05, 5.187149261866507e-05, 5.18713902972784e-05,
253, 0.29807802312475906, 0.35087619941806875, 0.3508770145473449, 5.653174266541787e-05, 5.611552558715372e-05, 5.611565842235375e-05,
254, 0.29047247855659547, 0.3546640555619665, 0.35466345275027783, 6.646668568436783e-05, 6.67733016456429e-05, 6.677315936204753e-05,
255, 0.2949263745906648, 0.3524312323227203, 0.35243120579658155, 7.060120698504145e-05, 7.02929723569976e-05, 7.029312636254928e-05,
256, 0.3076429509856872, 0.3460691298128199, 0.3460689383126114, 7.277817053886092e-05, 7.310143617178257e-05, 7.310129839162305e-05,
257, 0.344668563154624, 0.3275522459530118, 0.3275514977603548, 7.599492447367268e-05, 7.584907512595863e-05, 7.584914713487382e-05,
258, 0.3574883853028042, 0.32114393572537475, 0.3211432178784947, 7.435556848087117e-05, 7.505278662620365e-05, 7.505275386517971e-05,
259, 0.35845904894164776, 0.3206730305941589, 0.32067272065040525, 6.558037174499528e-05, 6.480971417988131e-05, 6.480974202955596e-05,
260, 0.34196939138751437, 0.32893134868078, 0.3289328407261123, 5.496663715304683e-05, 5.572632375839322e-05, 5.5726262383385386e-05,
261, 0.321460504934565, 0.3391877603224709, 0.33918808133676626, 5.49116494353516e-05, 5.4370870888697234e-05, 5.4370902381841054e-05,
262, 0.34227225637467806, 0.328788787809523, 0.3287906324608708, 4.90753664686348e-05, 4.962402565996253e-05, 4.962398002152734e-05,
263, 0.35936562168142866, 0.3202397744808351, 0.32023991127583, 5.173515814365574e-05, 5.147869314637613e-05, 5.1478729156840285e-05,
264, 0.36337730069519425, 0.31823123732804487, 0.3182309169319275, 5.3638332082002376e-05, 5.345337757866826e-05, 5.3453352574717385e-05,
265, 0.3541268813606647, 0.32285507670098124, 0.3228547406605849, 5.406502887187871e-05, 5.4618139271186005e-05, 5.461812476730691e-05,
266, 0.3301990573696366, 0.3348258340488694, 0.33482624908016323, 5.0014381428856754e-05, 4.942253396975791e-05, 4.9422599693210484e-05,
267, 0.3455593917121856, 0.32714592911753576, 0.3271468541902712, 4.898885906837837e-05, 4.941809306698967e-05, 4.94180391326063e-05,
268, 0.3361326105209379, 0.3318585835295557, 0.3318617737710908, 4.908236599098707e-05, 4.897490126876669e-05, 4.897492204459981e-05,
269, 0.3152478821192257, 0.34229227202165347, 0.3422950791848947, 5.494904986576927e-05, 5.490879711958436e-05, 5.4908837627530464e-05,
270, 0.3221869488631529, 0.3388228555523994, 0.33882607632855016, 5.463593474770714e-05, 5.4741654794634987e-05, 5.4741674579691426e-05,
271, 0.30633710627329974, 0.3467543221498576, 0.34675537906891024, 5.107927361025453e-05, 5.105661270730311e-05, 5.1056630484942514e-05,
272, 0.31864336012445693, 0.34061756180409464, 0.34061956341931293, 3.966704731447456e-05, 3.992382369156106e-05, 3.992378859384127e-05,
273, 0.3059971183678133, 0.34694574438454007, 0.34694607260231153, 3.708121324168835e-05, 3.699171938696514e-05, 3.699172035953934e-05,
274, 0.320363711836164, 0.339777687815597, 0.33978006809427985, 2.6128070418392503e-05, 2.6202080132463752e-05, 2.6202112757601322e-05,
275, 0.3092165305141101, 0.34535608148160035, 0.34535665615480265, 2.3639439360195217e-05, 2.3546212518318137e-05, 2.3546206799101736e-05,
276, 0.32792979785515847, 0.33600333790729553, 0.3360061048382562, 2.0106206799755675e-05, 2.0326607788466388e-05, 2.0326593779066502e-05,
277, 0.3311079634500162, 0.33441924566911885, 0.33442247149480064, 1.686635475759685e-05, 1.672651982400967e-05, 1.6726519992322772e-05,
278, 0.3147362670087469, 0.34260412802605433, 0.342605724780579, 1.7915526384952662e-05, 1.7982336139704973e-05, 1.7982330310317785e-05,
279, 0.3337647055740296, 0.3330921407516988, 0.33309568824950064, 1.5840032508218093e-05, 1.5812691799678145e-05, 1.5812709005497555e-05,
280, 0.3391449983617731, 0.3303990566536928, 0.33040191681045883, 1.7991887789157287e-05, 1.8018145150671748e-05, 1.8018150805180385e-05,
281, 0.3370184670797022, 0.33145777605264276, 0.3314577182593225, 2.1980978667779622e-05, 2.2028819163244906e-05, 2.2028819411119093e-05,
282, 0.3041016332565765, 0.34790994542360026, 0.34790845643732937, 2.659413872552157e-05, 2.6685375118714526e-05, 2.6685377679318598e-05,
283, 0.29681960657148493, 0.35154624712782206, 0.3515452830604461, 2.9740944370051675e-05, 2.9561146238938775e-05, 2.956116109049889e-05,
