Optimize time:2.057031563123067
Begin Prob:-27378.042007410226
End Prob:-27196.895267561467
Substitution parameters back:[0.30816117380642805, 0.17394301914117324, 0.24455116628808662, 0.2733446407643121, 6.180718428501945]
Substitution parameters hot:[0.22418855410102317, 0.23671564108398097, 0.16793313882683247, 0.3711626659881633, 7.6507026613663855]
Transition parameters:[0.6000358858748864, 0.3366953041907991, 0.04797572902429605]
hscale parameters:76.6292702275208
Trees:
(4:764.2375424573196,(2:763.8689912680534,(3:768.7445047042386,1:764.1078120720687):763.932410129457):764.2375424573196);
(4:725.3881475570902,(3:749.1584429577189,(2:761.6941499415545,1:725.1104704171912):758.3300726899881):763.6283989220078);
(4:758.7977930125086,(1:761.7129014029387,(2:763.886467210547,3:763.8243403887508):776.9198480930786):770.5856398101822);
(4:58562.965158978346,(2:58534.72335030339,(3:58908.33038690274,1:58553.024014230235):58539.583091371416):58562.965158978346);
(4:55585.964378993,(3:57407.46476863577,(2:58368.06684659314,1:55564.686182403675):58110.28006181659):58516.28693440359);
(4:58146.12112880192,(1:58369.5037573947,(2:58536.062519023224,3:58531.30178600742):59534.80098464894):59049.41522646147);

Position, Posteriors1, Posteriors2, Posteriors3, Posteriors4, Posteriors5, Posteriors6,
0, 0.10635143585979227, 0.15537735019751386, 0.15536153709707534, 0.19430322536461683, 0.19430322534694505, 0.19430322534694505,
1, 0.10638782643222054, 0.14134054554148742, 0.14128232360965803, 0.20366310122233897, 0.20366310120381592, 0.20366310120381592,
2, 0.19788651719135114, 0.06926629520548498, 0.06939738787157004, 0.22114993299480531, 0.2211499329738873, 0.22114993297469182,
3, 0.20619471914442006, 0.05473432447629952, 0.05479964445706923, 0.22809043705829776, 0.22809043703755308, 0.22809043703755308,
4, 0.18468305543062777, 0.06456519885603536, 0.06451346163470921, 0.22874609444426774, 0.2287460944234634, 0.22874609442263122,
5, 0.10747865759859707, 0.11291180877093768, 0.1128729523776751, 0.22224552683560805, 0.22224552681539494, 0.22224552681539494,
6, 0.08811736059000845, 0.12569056462347455, 0.1256520857300536, 0.2201799961029981, 0.22017999608217184, 0.22017999608217184,
7, 0.14481709887342584, 0.08572894229228975, 0.08573576085538898, 0.22790606574357855, 0.2279060657228506, 0.2279060657228506,
8, 0.08705641127081913, 0.11408475660009106, 0.11407248332835611, 0.22826211601803847, 0.22826211599644775, 0.22826211599644775,
9, 0.08501818098498415, 0.10398523959830436, 0.10393991479184175, 0.23568555462685092, 0.23568555460541546, 0.23568555460541546,
10, 0.14855863054521196, 0.048294131498753785, 0.04836648772653434, 0.2515935831625192, 0.25159358313963687, 0.25159358313963687,
11, 0.15616950752378983, 0.03442175363662569, 0.03439782242195275, 0.25833697189273686, 0.2583369718692412, 0.2583369718692412,
12, 0.15819791273601433, 0.033521753440035294, 0.033502338593858004, 0.25825933149624203, 0.2582593314727535, 0.2582593314727535,
13, 0.14159833487148557, 0.04990344352893542, 0.0498121763429018, 0.25289534817108367, 0.252895348149003, 0.252895348149003,
14, 0.08016716112333583, 0.09968212903316132, 0.099539816664273, 0.24020363081089782, 0.2402036307890514, 0.2402036307890514,
15, 0.07518775795030269, 0.10727424968587852, 0.10712402406711558, 0.23680465584995436, 0.2368046558284171, 0.2368046558284171,
16, 0.1319795200536851, 0.07435180344966714, 0.07428642724755603, 0.23979408283483197, 0.23979408281215045, 0.23979408281215045,
17, 0.09294502285198554, 0.10088580695479131, 0.10074909455644851, 0.23514002496382877, 0.23514002494158748, 0.23514002494158748,
18, 0.12966125526680744, 0.08012182273292888, 0.07998605431404368, 0.23674362231349647, 0.2367436222911035, 0.23674362229196477,
19, 0.07885645718658348, 0.11091977514754901, 0.11086832901909836, 0.23311847929975804, 0.23311847927855603, 0.23311847927770796,
20, 0.0686842412528793, 0.11585531468153366, 0.1158322725202794, 0.23320939026547693, 0.23320939024426668, 0.23320939024426668,
21, 0.08285700933931968, 0.10291024631594953, 0.10288123044328466, 0.2371171710514262, 0.2371171710289979, 0.23711717102986052,
22, 0.15435978104645476, 0.05189978031061794, 0.05183842854478752, 0.24730066978419185, 0.24730066976169998, 0.24730066976169998,
23, 0.18128968131634968, 0.03584916978938834, 0.035832077374137024, 0.2490096902580767, 0.2490096902354294, 0.24900969023452352,
24, 0.1898656145014859, 0.03689300575896093, 0.03683206816774409, 0.2454697702753027, 0.24546977025208436, 0.24546977025208436,
25, 0.1990321192341769, 0.04527845886679956, 0.04521691973790472, 0.23682416713770144, 0.23682416711530083, 0.23682416711530083,
26, 0.195894028547014, 0.07224448654451342, 0.07224235784307008, 0.2198730421051555, 0.21987304208515815, 0.21987304208435826,
27, 0.11716352640063028, 0.15592818547510418, 0.15572957277534233, 0.19039290486486357, 0.1903929048468548, 0.1903929048468548,
28, 0.14157220968866557, 0.16356628706860743, 0.16334254795971814, 0.17717298484157587, 0.17717298482481755, 0.1771729848254621,
29, 0.2671556034615161, 0.1126433407246416, 0.11243435413283455, 0.16925556697302827, 0.16925556695763458, 0.16925556695763458,
30, 0.29170961356235514, 0.12391261006680826, 0.12380230462768042, 0.15352515699253208, 0.15352515697912755, 0.15352515697856906,
31, 0.1553118449032895, 0.23875819730815356, 0.23845509763726683, 0.12249161979338084, 0.1224916197822403, 0.1224916197822403,
32, 0.11505565792000033, 0.28176276307027726, 0.28138962724798394, 0.10726398366213179, 0.10726398365237619, 0.10726398365276642,
33, 0.1227975118137026, 0.2891800343281638, 0.2889692801364332, 0.09968439098170329, 0.09968439097263704, 0.09968439097263704,
34, 0.14708755304181662, 0.2817150999870006, 0.28186204862104797, 0.09644509919126056, 0.09644509918213806, 0.09644509918213806,
35, 0.16584088270491018, 0.2744189758820659, 0.27460314167862426, 0.09504566632002132, 0.09504566631103119, 0.09504566631068541,
36, 0.21752749486113834, 0.2483255410122467, 0.24836846636403262, 0.0952594989959606, 0.0952594989872968, 0.0952594989872968,
37, 0.42683584408309455, 0.13738138943681957, 0.13764852174122685, 0.09937808132173129, 0.09937808131233138, 0.09937808131233138,
38, 0.4771947545249526, 0.11486315153703132, 0.11489467664721242, 0.09768247217175066, 0.09768247216286649, 0.09768247216286649,
39, 0.42600243088182754, 0.1515263603641642, 0.15131337646901125, 0.09038594383620091, 0.09038594382798036, 0.09038594382798036,
40, 0.23283745613675821, 0.27241132158831455, 0.27216624198200834, 0.07419499317021752, 0.07419499316319961, 0.07419499316319961,
41, 0.15807572017761512, 0.3280999246894001, 0.3276581802415164, 0.06205539136858438, 0.06205539136271472, 0.06205539136271472,
42, 0.1925538338737905, 0.3153225566233272, 0.3149936959059892, 0.05904330427034433, 0.059043304264974374, 0.05904330426475957,
43, 0.3243052262380409, 0.24983597500227647, 0.24976464399305265, 0.05869805132597407, 0.05869805132063551, 0.05869805132063551,
44, 0.17097980554577485, 0.3410148167319907, 0.3405405301190158, 0.04915494893758328, 0.04915494893311266, 0.04915494893311266,
45, 0.1343776581024021, 0.36702287481461815, 0.3664114318991003, 0.04406267813072221, 0.04406267812671474, 0.04406267812671474,
46, 0.12589566679474581, 0.3734739726218376, 0.3728574284715429, 0.0425909771069009, 0.04259097710287233, 0.04259097710287233,
47, 0.12990624380900304, 0.3685510939216752, 0.36806528835740965, 0.04449245770694996, 0.04449245770274154, 0.04449245770274154,
48, 0.12315612174316218, 0.36479733611769766, 0.36452214481981693, 0.04917479884270661, 0.049174798838234196, 0.04917479883841309,
49, 0.14936312714976474, 0.3377097920265272, 0.33760598489341026, 0.05844036504700536, 0.05844036504169024, 0.05844036504190284,
50, 0.21296710418001255, 0.2819043857085348, 0.28188023605917906, 0.07441609108965917, 0.07441609108262034, 0.07441609108262034,
51, 0.3454422901982411, 0.18109246991183886, 0.18108638162818197, 0.09745961916029883, 0.09745961915108038, 0.09745961915143493,
52, 0.24187539725950588, 0.21661311914703762, 0.21646694260425262, 0.10834818007031848, 0.10834818006046426, 0.10834818006085843,
53, 0.36633500804830404, 0.12863913292137688, 0.1286798204128546, 0.12544867928049194, 0.12544867926908246, 0.12544867926908246,
54, 0.3403594054412865, 0.13021251530371616, 0.1304120129567833, 0.13300535517477222, 0.13300535516267545, 0.13300535516267545,
55, 0.15935411697195756, 0.22157879260640648, 0.22142436539334104, 0.13254757475177187, 0.13254757473923454, 0.13254757473923454,
56, 0.12518453931292442, 0.2302927105598965, 0.2300899381156612, 0.13814427041262867, 0.1381442704000645, 0.13814427040056707,
57, 0.13704287998593714, 0.2087121735137516, 0.20859394431907413, 0.1485503338039217, 0.14855033379041113, 0.14855033379041113,
58, 0.23499856610297062, 0.13243588851243934, 0.1323619836231538, 0.16673452033234115, 0.16673452031657016, 0.16673452031657016,
59, 0.16020556769607283, 0.15832672160755754, 0.15811375775873793, 0.17445131739162908, 0.1744513173757628, 0.1744513173757628,
60, 0.24803189958392985, 0.0808904231923427, 0.08074309511101116, 0.19677819378463277, 0.19677819376673591, 0.19677819376673591,
61, 0.26903769072974737, 0.05510155582005537, 0.055061022754847956, 0.20693324331291793, 0.20693324329409746, 0.20693324329409746,
62, 0.25653264072002135, 0.055456623209277064, 0.05538333253171319, 0.21087580092767183, 0.21087580090695848, 0.21087580090772565,
63, 0.2292319539499654, 0.07390312849814891, 0.07386532095257059, 0.2076665319474703, 0.20766653192782766, 0.20766653192782766,
64, 0.10941478868509115, 0.14932409774855254, 0.14914938059756758, 0.19737057740281203, 0.19737057738486127, 0.19737057738486127,
65, 0.0782631538182731, 0.16946328752115394, 0.16927461762279564, 0.19433298009252045, 0.19433298007484598, 0.19433298007484598,
66, 0.07809381523425654, 0.16322584746376145, 0.16315802644118688, 0.19850743670067078, 0.19850743668261664, 0.19850743668261664,
67, 0.11610835502088898, 0.12983142141066847, 0.12990088994546706, 0.20805311095638737, 0.20805311093746506, 0.20805311093746506,
68, 0.19845153870986024, 0.06955189004164822, 0.06958156340397809, 0.22080500236397976, 0.22080500234389766, 0.22080500234389766,
69, 0.1985054526761877, 0.06292941395567873, 0.0629491089431808, 0.22520534122456218, 0.22520534120407987, 0.22520534120407987,
70, 0.13128985525386616, 0.09723295236211046, 0.09724803453016559, 0.2247430523675669, 0.22474305234712663, 0.22474305234712663,
71, 0.1706796315815635, 0.06897233019008626, 0.06899209433424963, 0.2304519810477881, 0.23045198102682862, 0.23045198102682862,
72, 0.1285885580403102, 0.09334731823188208, 0.09334448045622117, 0.22823988084017927, 0.22823988081859065, 0.22823988081942098,
73, 0.19949276849230624, 0.05508860623624161, 0.055089492757829296, 0.23010971058724075, 0.23010971056631238, 0.23010971056631238,
74, 0.21418985770615875, 0.052077903886388964, 0.052029490248746986, 0.22723424913646298, 0.22723424911579615, 0.22723424911579615,
75, 0.20849953779166985, 0.07022415682748137, 0.07023594878276163, 0.21701345194833035, 0.21701345192859312, 0.2170134519293826,
76, 0.11336149945157188, 0.14851436289786119, 0.14855703648395704, 0.19652236680313395, 0.19652236678526033, 0.19652236678526033,
77, 0.09230703275504361, 0.17736648423031232, 0.17747594229270816, 0.18428351332103657, 0.1842835133042761, 0.1842835133042761,
78, 0.08099491551259289, 0.1929955565595825, 0.19308232458766905, 0.17764240086015448, 0.177642400843998, 0.177642400843998,
79, 0.08066402484624034, 0.191954292419242, 0.19207769304846792, 0.17843466297609245, 0.17843466295986393, 0.17843466295921478,
80, 0.08055004054475809, 0.18157380259111197, 0.1816418135052775, 0.18541144753408603, 0.18541144751722297, 0.18541144751722297,
81, 0.07480679649154796, 0.16740942021861588, 0.16730215881702135, 0.19682720790603775, 0.19682720788813643, 0.19682720788813643,
82, 0.101517491947236, 0.12159186228177629, 0.12154481964912237, 0.21844860845676697, 0.2184486084368992, 0.2184486084376939,
83, 0.15200660658955034, 0.05503001645233595, 0.054962061837613915, 0.2460004381250833, 0.2460004381027097, 0.2460004381027097,
84, 0.15286640762266837, 0.035899543235296406, 0.03588180245993097, 0.25845074864723194, 0.2584507486227858, 0.2584507486227858,
85, 0.12923401622212743, 0.03844017612998171, 0.038383672760809465, 0.26464737804875005, 0.2646473780246805, 0.2646473780246805,
86, 0.08480408492399516, 0.059887453566805665, 0.05985177188429092, 0.2651522296288388, 0.26515222960472334, 0.26515222960472334,
87, 0.11160233699176773, 0.03313511892954537, 0.033193771544314826, 0.2740229239322638, 0.27402292390734156, 0.27402292390634464,
88, 0.10695416837368624, 0.030201727738915277, 0.030215502008910943, 0.27754286704731596, 0.2775428670220736, 0.2775428670230833,
89, 0.0746122098642448, 0.047933940411860734, 0.04789675363618293, 0.2765190317844064, 0.27651903175825115, 0.27651903175825115,
90, 0.10317157283151071, 0.028459636358684853, 0.02841250732845805, 0.27998542758228445, 0.27998542755681993, 0.27998542755681993,
91, 0.11699226664035263, 0.023743701390379054, 0.023699454974584137, 0.27852152541889663, 0.27852152539356523, 0.27852152539356523,
92, 0.13037597566480089, 0.023485178393957012, 0.023459757962086093, 0.27422636241377324, 0.2742263623888325, 0.2742263623898301,
93, 0.1496133066234218, 0.02488597392361272, 0.02494812641767798, 0.2668508640998353, 0.2668508640755654, 0.26685086407459463,
94, 0.17314017868767898, 0.03402590447459267, 0.034135740249420676, 0.2528993919487554, 0.2528993919266744, 0.25289939192575434,
95, 0.18331623490804877, 0.05745082701854032, 0.057605230013764455, 0.23387590243779288, 0.233875902416522, 0.233875902416522,
96, 0.12573184707606178, 0.13077646118874356, 0.13084784073218148, 0.20421461675064426, 0.20421461673281396, 0.20421461673207103,
97, 0.1178340684412794, 0.16422139952719014, 0.16424671512960837, 0.1845659387157597, 0.18456593869897353, 0.18456593869897353,
98, 0.1377833988320784, 0.1710779637376201, 0.17105419308367287, 0.1733614811974075, 0.17336148118164035, 0.17336148118100966,
99, 0.22035457362052874, 0.1394123445150123, 0.1393499247116113, 0.16696105213162965, 0.16696105211644463, 0.16696105211644463,
100, 0.11854319418365024, 0.2155187958199002, 0.21523117543781226, 0.1502356112659253, 0.15023561125226145, 0.15023561125226145,
101, 0.1097655226090763, 0.22692535843850234, 0.22662520218683624, 0.1455613053352034, 0.14556130532196468, 0.14556130532143513,
102, 0.1292608695091513, 0.21683253129237012, 0.2165721869308729, 0.14577813716943736, 0.1457781371561789, 0.1457781371561789,
103, 0.23422528144121318, 0.1542742443202693, 0.1542165172289031, 0.152427985415851, 0.15242798540198776, 0.1524279854025423,
104, 0.13372624172035244, 0.2082402529395131, 0.20816292453111931, 0.1499568600149335, 0.149956860001295, 0.14995686000184053,
105, 0.09765614791396564, 0.225295541590111, 0.225108325235734, 0.15064666149891384, 0.1506466614852126, 0.1506466614852126,
106, 0.11680383011294866, 0.19840424327148104, 0.1983992942291413, 0.16213087720815306, 0.16213087719340732, 0.16213087719340732,
107, 0.19995421209527978, 0.12684870103813997, 0.12705825105525126, 0.18204627835110943, 0.18204627833455242, 0.18204627833455242,
108, 0.11772402263686692, 0.15378978227091253, 0.15377605973898287, 0.19157004486573098, 0.19157004484830778, 0.19157004484830778,
109, 0.10873169252017101, 0.1351141309566092, 0.13507913518045556, 0.20702501352959377, 0.20702501351151809, 0.20702501351151809,
110, 0.1754997838323265, 0.0641376538705444, 0.06409349134375136, 0.23208969006869412, 0.2320896900475857, 0.2320896900475857,
111, 0.18252980720087697, 0.04413087712693548, 0.044213171470076126, 0.24304204781951347, 0.24304204779740893, 0.24304204779652475,
112, 0.1577536393467952, 0.047851400204063005, 0.04788578827356948, 0.24883639047797543, 0.24883639045443862, 0.24883639045443862,
113, 0.08091694222936888, 0.08371322501190148, 0.08371746411446052, 0.2505507893009478, 0.2505507892772489, 0.2505507892772489,
114, 0.07369281067052426, 0.07768575442032412, 0.07768823171511478, 0.2569777341506453, 0.2569777341272733, 0.2569777341272733,
115, 0.11258506883996146, 0.040888720136145654, 0.040881238643346494, 0.2685483238803362, 0.2685483238559119, 0.2685483238559119,
116, 0.10316112531783277, 0.03784902547691982, 0.03779954306450353, 0.27373010180054513, 0.2737301017756495, 0.2737301017756495,
117, 0.06462037000164268, 0.05832514646748654, 0.05827575501825659, 0.2729262425921153, 0.2729262425662999, 0.2729262425672928,
118, 0.08235902119165751, 0.04174611149947, 0.041766729353771806, 0.27804271240669753, 0.2780427123814097, 0.2780427123814097,
119, 0.056407102365753845, 0.05404385523869638, 0.0540383881962362, 0.2785035511550021, 0.27850355112865915, 0.27850355112865915,
120, 0.07304209663255876, 0.03264363960018241, 0.03269931382174779, 0.28720498307101255, 0.28720498304489145, 0.28720498304489145,
121, 0.05029336353875964, 0.03873359775121169, 0.03873232798024533, 0.29074690333263575, 0.2907469033061925, 0.29074690330513475,
122, 0.06720294640313962, 0.018180710745869556, 0.018185669033269986, 0.2988102243634606, 0.29881022433519694, 0.29881022433519694,
123, 0.06750517621219694, 0.012970352334744414, 0.012971745734389329, 0.30218424166195773, 0.3021842416344742, 0.30218424163557356,
124, 0.06377588198821657, 0.013081466443209813, 0.013067064502393222, 0.3033585287791224, 0.30335852875153213, 0.30335852875153213,
125, 0.06268394861760566, 0.01706153224125568, 0.01705535256027827, 0.3010663886180526, 0.3010663885906708, 0.3010663885906708,
126, 0.045037037075672116, 0.032728458068793945, 0.03270115324613563, 0.2965111169595079, 0.2965111169325404, 0.2965111169325404,
127, 0.07272047060975141, 0.01848520680561761, 0.018488209298389152, 0.29676870418539203, 0.29676870415840106, 0.29676870415840106,
128, 0.08572730384254115, 0.016148343073484926, 0.01616298644230919, 0.29398712197075233, 0.29398712194401433, 0.29398712194401433,
129, 0.09573203981144213, 0.020530521034122035, 0.020581245835239487, 0.2877187308629306, 0.2877187308367627, 0.2877187308367627,
130, 0.09741707689733266, 0.03671937378762085, 0.03676615118332612, 0.27636579913272463, 0.2763657991075893, 0.2763657991075893,
131, 0.06161707674059793, 0.08851686646316731, 0.08853467997202603, 0.25377712536311864, 0.2537771253391145, 0.2537771253391145,
132, 0.06098709273457287, 0.10884690566805512, 0.10887636782333046, 0.2404298776787231, 0.2404298776568561, 0.2404298776568561,
133, 0.06331352161943767, 0.12210734680965178, 0.12203101926798245, 0.23084937052103333, 0.23084937049919788, 0.2308493705000377,
134, 0.08362545567749709, 0.11776577662494217, 0.11767799804176172, 0.22697692297140776, 0.22697692294993857, 0.22697692295076433,
135, 0.16069514544849714, 0.07081759867646911, 0.07083154045069139, 0.2325519048949795, 0.232551904872983, 0.232551904873829,
136, 0.16586150768045774, 0.06982937789275716, 0.06974545600430364, 0.23152121922625882, 0.23152121920604438, 0.2315212192052021,
137, 0.10558036759291942, 0.11048882879622074, 0.1104402250987937, 0.2244968592560695, 0.2244968592356516, 0.2244968592356516,
138, 0.11231977669694057, 0.10739057621973488, 0.10738293601031648, 0.22430223677672634, 0.22430223675551017, 0.22430223675551017,
139, 0.19979137919939752, 0.0593367032124128, 0.05934659950138148, 0.22717510578142916, 0.22717510576076771, 0.22717510576076771,
140, 0.22076613420576202, 0.051664072848651946, 0.051650983730410084, 0.22530626949063726, 0.22530626947014576, 0.22530626947014576,
141, 0.20118752937731635, 0.07087212151543185, 0.07076932197114601, 0.21905700879722279, 0.21905700877729967, 0.21905700877809658,
142, 0.11779989045791435, 0.13359871422413377, 0.1335088035893966, 0.20503086366169487, 0.2050308636430474, 0.2050308636430474,
143, 0.12563092749220325, 0.1423321248146966, 0.14221894824829684, 0.19660599956623967, 0.19660599954835845, 0.19660599954835845,
144, 0.23200679746410327, 0.08907398783035349, 0.08907322187253079, 0.19661533069591394, 0.1966153306773166, 0.1966153306766013,
145, 0.23216282446984274, 0.09777205837365265, 0.09782417894456892, 0.1907469791547318, 0.1907469791366895, 0.1907469791366895,
146, 0.13407519961408162, 0.17454432097057015, 0.17446228625171942, 0.1723060641369798, 0.17230606412130867, 0.17230606412130867,
147, 0.09139094799024143, 0.2148635457688599, 0.21458815927632402, 0.15971911540220424, 0.15971911538767788, 0.15971911538767788,
148, 0.08988138180564183, 0.22365334011045293, 0.22336522079379265, 0.15436668551127622, 0.15436668549667507, 0.15436668549667507,
149, 0.09164838477042085, 0.22253638475419238, 0.22229001819680458, 0.15450840384090037, 0.1545084038268479, 0.1545084038268479,
150, 0.09960214743057459, 0.21003059719725284, 0.20990967114834336, 0.16015252782310693, 0.16015252780854114, 0.16015252780854114,
151, 0.09301108663465203, 0.19352655735823557, 0.193405848625788, 0.17335216887628213, 0.1733521688598852, 0.1733521688598852,
152, 0.12384192099235546, 0.14318354641004957, 0.14328432248739803, 0.196563403120503, 0.19656340310262566, 0.19656340310262566,
153, 0.19345844687912964, 0.06637946260789829, 0.06650641800831199, 0.22455189058768454, 0.22455189056726166, 0.22455189056644476,
154, 0.18520596292243185, 0.0484030186720489, 0.04835032219631299, 0.23934689848970794, 0.23934689846793947, 0.23934689846706872,
155, 0.15750729203067668, 0.0504988528791558, 0.050402542753008685, 0.24719710386631957, 0.24719710384383714, 0.24719710384383714,
156, 0.09786193377953716, 0.07897950057733162, 0.07886772224216623, 0.24809694755402864, 0.24809694753146436, 0.24809694753146436,
157, 0.13977792838304912, 0.04025838979398503, 0.040233388469071346, 0.2599100975391273, 0.2599100975154886, 0.2599100975154886,
158, 0.1404255848757546, 0.03344468102434226, 0.03339271557708678, 0.26424567259577203, 0.26424567257173903, 0.26424567257173903,
159, 0.13210775263854144, 0.0403757441959459, 0.04031827894137969, 0.2623994078306632, 0.26239940780584353, 0.26239940780584353,
160, 0.09697155952660917, 0.0721720515007286, 0.07215305938160427, 0.25290110961897283, 0.2529011095959716, 0.2529011095959716,
161, 0.13147272660702358, 0.06347938347353173, 0.06338190836693613, 0.24722199360566313, 0.24722199358317842, 0.24722199358317842,
162, 0.10385235409631458, 0.09964687617311885, 0.09950304996924239, 0.2323325730081975, 0.23233257298622176, 0.23233257298622176,
163, 0.15792768917537747, 0.08094695105467711, 0.0808013187617659, 0.22677468008987403, 0.226774680069249, 0.226774680069249,
164, 0.13030620947888347, 0.11666690101289919, 0.11653796746806923, 0.2121629737664458, 0.21216297374714968, 0.21216297374714968,
165, 0.1999740145936949, 0.09519862658425125, 0.09514581103300056, 0.20322718234900825, 0.2032271823297855, 0.2032271823297855,
166, 0.150357785151689, 0.14620865297748173, 0.14608475252745645, 0.18578293619871047, 0.1857829361818136, 0.1857829361818136,
167, 0.22819699947274155, 0.12119404966976154, 0.12116870122596647, 0.17648008296116074, 0.17648008294446793, 0.17648008294446793,
168, 0.1490916843209806, 0.19480685667234043, 0.19472919891274887, 0.15379075311349813, 0.15379075309951093, 0.15379075309951093,
169, 0.1502676587968351, 0.2212667896894509, 0.2210331792244236, 0.1358107905110151, 0.13581079049866318, 0.1358107904981691,
170, 0.2876847324473123, 0.16070309493519755, 0.1605885434887987, 0.13034120945698213, 0.13034120944512767, 0.13034120944512767,
171, 0.21845954995902356, 0.21595791349236923, 0.2156956312780497, 0.11662896816977393, 0.11662896815959088, 0.11662896815959088,
172, 0.3022203848445579, 0.18696822707123806, 0.1866379385696255, 0.10805781625127452, 0.10805781624144671, 0.10805781624144671,
173, 0.1849476602105391, 0.27424798654476934, 0.2740248524289398, 0.08892650001696255, 0.08892650000887473, 0.08892650000855121,
174, 0.1462845517660581, 0.31256278517128255, 0.3123786168430968, 0.07625801515086343, 0.0762580151439278, 0.07625801514365037,
175, 0.1330113574896555, 0.3337902856270426, 0.3334663918660267, 0.0665773214159366, 0.06657732140988143, 0.06657732140988143,
176, 0.12850488681497954, 0.34522089885694746, 0.3449157222115825, 0.060452830448892984, 0.060452830443394834, 0.060452830443394834,
177, 0.12180681698065099, 0.34887011946454344, 0.3485164303654588, 0.06026887747272624, 0.06026887746746407, 0.06026887746746407,
178, 0.12209931824563121, 0.34456813374737194, 0.3440007666096424, 0.06311059354222659, 0.06311059353625711, 0.06311059353648671,
179, 0.1790237559397816, 0.2933944842838374, 0.29289275473189624, 0.07822966809251405, 0.07822966808539912, 0.07822966808539912,
180, 0.3448789951035951, 0.1661043739108564, 0.16572556299933458, 0.10776368907504981, 0.10776368906524876, 0.10776368906485673,
181, 0.33189105040021377, 0.15188060859745176, 0.1515211542988529, 0.12156906198236549, 0.12156906197086657, 0.12156906197086657,
182, 0.1757847937164732, 0.22486525352202966, 0.22451434980267962, 0.12494520073477866, 0.12494520072341497, 0.12494520072341497,
183, 0.16313710792143915, 0.21731093227976564, 0.2170909235049669, 0.13415367851367932, 0.13415367850099005, 0.1341536785014781,
184, 0.23677241718554096, 0.16001721919061276, 0.1597209080975083, 0.14782981825853114, 0.1478298182445483, 0.1478298182445483,
185, 0.13471766816739303, 0.20844498058449562, 0.20811007387028044, 0.1495757588751639, 0.14957575886156005, 0.14957575886156005,
186, 0.149642604356641, 0.18260236338080407, 0.18240206435156084, 0.16178432238634233, 0.16178432237162815, 0.16178432237162815,
187, 0.26016857739076016, 0.09877776785168917, 0.09878164816938514, 0.18075733527947213, 0.18075733526303234, 0.18075733526303234,
188, 0.24744281029545787, 0.0938824752423258, 0.09396027818444716, 0.1882381451767519, 0.18823814515963175, 0.18823814515963175,
189, 0.15136784903305586, 0.1435415721147431, 0.14353713938693996, 0.18718447957311485, 0.18718447955609052, 0.18718447955609052,
190, 0.2018149781114537, 0.11136237171887228, 0.11134427229890792, 0.19182612570867236, 0.19182612569122587, 0.19182612569122587,
191, 0.10595075002951071, 0.16414694159724952, 0.16398171484957208, 0.18864019759313114, 0.18864019757528813, 0.18864019757597442,
192, 0.08587048178599922, 0.16857638843385833, 0.1684161690067179, 0.19237898667649914, 0.19237898665900238, 0.19237898665900238,
193, 0.09035530898760329, 0.15223109814432445, 0.15216233436535184, 0.2017504192536784, 0.20175041923459536, 0.20175041923459536,
194, 0.15355172383246257, 0.09517580251632321, 0.09520875029557556, 0.21868790753834483, 0.2186879075184553, 0.2186879075184553,
195, 0.10890607545509727, 0.1075739100188895, 0.10751917145560284, 0.22533361411070932, 0.2253336140893956, 0.22533361409021535,
196, 0.15553968831591483, 0.06262889726172403, 0.06264285744827862, 0.23972951874631743, 0.23972951872451415, 0.239729518723642,
197, 0.14115670383865872, 0.0594438492457483, 0.05937481633454944, 0.24667487661650397, 0.2466748765931716, 0.24667487659227422,
198, 0.07318168722346527, 0.09440896466515558, 0.0943368666618298, 0.2460241602385398, 0.24602416021616402, 0.24602416021616402,
199, 0.06399072718287867, 0.09047137788774007, 0.09050877749954482, 0.2516763722326105, 0.2516763722088051, 0.2516763722088051,
200, 0.06653936160863605, 0.07558195513727772, 0.07560207023827538, 0.26075887076118937, 0.2607588707374735, 0.2607588707374735,
201, 0.10819835399325478, 0.03311386158615537, 0.03312626972053446, 0.2751871713235766, 0.27518717129854847, 0.27518717129854847,
202, 0.11181652767740478, 0.02081456452666075, 0.02082911323888981, 0.282179931276556, 0.28217993125089186, 0.2821799312519184,
203, 0.10894768817314697, 0.017160050277685118, 0.017200028362866226, 0.2855640774870654, 0.2855640774610935, 0.2855640774610935,
204, 0.10778714074977905, 0.016875771664508744, 0.016895245003826727, 0.28614728061964306, 0.2861472805936181, 0.2861472805936181,
205, 0.10848658053479446, 0.02026944604627744, 0.02031519477208948, 0.2836429259737479, 0.2836429259479507, 0.2836429259479507,
206, 0.10462376466158335, 0.03246183544971148, 0.03247619340683236, 0.2768127352513941, 0.27681273522621813, 0.27681273522621813,
207, 0.06087149924788317, 0.07439145830870256, 0.0743507908345245, 0.2634620836258671, 0.2634620836019053, 0.2634620836019053,
208, 0.07210169417322389, 0.07317618565952382, 0.07321288037995007, 0.2605030796850339, 0.26050307966134123, 0.26050307966134123,
209, 0.11455410062917187, 0.05147444603730981, 0.051488298270044225, 0.2608277181113755, 0.26082771808765337, 0.26082771808765337,
210, 0.0938076025637627, 0.07143129857317446, 0.07139966825078409, 0.25445380995971145, 0.254453809936569, 0.2544538099374947,
211, 0.1472936150350585, 0.04726894992988811, 0.04727105139509174, 0.25272212763584956, 0.2527221276128646, 0.2527221276128646,
212, 0.15311093567897593, 0.057143692973595804, 0.05713323983606576, 0.24420404359194242, 0.24420404356973222, 0.24420404356973222,
213, 0.08715350510903326, 0.11626751903560051, 0.11617123435702822, 0.22680258025406969, 0.226802580232617, 0.226802580232617,
214, 0.07086672316675875, 0.13948835067445856, 0.13938185699349837, 0.21675435614309574, 0.2167543561225935, 0.2167543561225935,
215, 0.07292879667384604, 0.14421194542298438, 0.144191391616408, 0.21288928851655123, 0.21288928849718905, 0.21288928849718905,
216, 0.09949006698552308, 0.12726562358160487, 0.1273097438736584, 0.2153115216077391, 0.2153115215881566, 0.21531152158893993,
217, 0.19619075903574035, 0.06548010594874133, 0.06561426344946973, 0.2242382902775862, 0.22423829025719186, 0.22423829025800762,
218, 0.2159467576929973, 0.05269947216853345, 0.05272852497062865, 0.2262084148118793, 0.22620841479048284, 0.22620841479048284,
219, 0.19295295754162453, 0.07100100048741247, 0.07093119337825098, 0.22170494928636383, 0.22170494926619988, 0.22170494926619988,
220, 0.10367982133596612, 0.13979585394260596, 0.1397454076637787, 0.20559297210711067, 0.2055929720884121, 0.2055929720884121,
221, 0.08129910215916553, 0.16352209893228392, 0.16344433415605714, 0.19724482133861415, 0.19724482132067483, 0.19724482132067483,
222, 0.0958750932805447, 0.15750171189270118, 0.1576092695148396, 0.19633797485772736, 0.19633797483987053, 0.19633797483987053,
223, 0.11109673398880399, 0.14912900890200084, 0.1492583241962647, 0.19683864405843687, 0.1968386440398184, 0.1968386440412506,
224, 0.18789403166713906, 0.10460051915829856, 0.10483611838058375, 0.20088977668651123, 0.20088977666750957, 0.20088977666750957,
225, 0.13149354302108007, 0.1385039889710726, 0.13860831869891535, 0.197131382857244, 0.19713138283931497, 0.19713138283931497,
226, 0.13204759929188264, 0.1356163809900206, 0.13565957130964154, 0.19889214922400933, 0.1988921492059202, 0.19889214920519663,
227, 0.18327885014748874, 0.10268139147835575, 0.10267340359712168, 0.20378878467988176, 0.20378878466134728, 0.20378878466134728,
228, 0.1024105754218667, 0.1483677743871074, 0.14824203310189116, 0.20032653878478052, 0.20032653876656092, 0.20032653876656092,
229, 0.0961241053082301, 0.1463176675579287, 0.14623225741439033, 0.2037753229949723, 0.20377532297643905, 0.20377532297643905,
230, 0.16832053904473715, 0.09401654526386628, 0.09397414992893703, 0.21456292167676294, 0.21456292165646798, 0.21456292165646798,
231, 0.11883515645963458, 0.11629983981578354, 0.1161809900878771, 0.21622800430222805, 0.21622800428256223, 0.21622800428256223,
232, 0.1872051254605972, 0.05728039278045535, 0.05726379049926026, 0.23275023017734014, 0.23275023015617163, 0.23275023015617163,
233, 0.18939788560459014, 0.04257642007053033, 0.0425704670932552, 0.24181840883473715, 0.2418184088127439, 0.2418184088127439,
234, 0.16142881227294578, 0.050561518248352096, 0.050503573362585666, 0.24583536513059354, 0.24583536510823495, 0.24583536510823495,
235, 0.09883389330956036, 0.08464353720091213, 0.08464895148851283, 0.24395787242569394, 0.2439578724026186, 0.2439578724026186,
236, 0.13316874851748092, 0.06045887777978754, 0.06057645357247678, 0.24859863980212746, 0.24859863977951754, 0.24859863977951754,
237, 0.09502217257016715, 0.08259660961581718, 0.08264709071552634, 0.24657804212473627, 0.24657804210231013, 0.24657804210231013,
238, 0.12365337701247653, 0.06495078233297964, 0.06496753575818173, 0.2488094347239511, 0.248809434701322, 0.248809434701322,
239, 0.06779420706506868, 0.10083470135550851, 0.10078446969899074, 0.24352887371972662, 0.24352887369669185, 0.24352887369669185,
240, 0.06957547532071112, 0.09338645579254666, 0.09329026894700422, 0.24791593307317938, 0.24791593304972964, 0.24791593304972964,
241, 0.11044561847337403, 0.05793550207010413, 0.057842974541776074, 0.2579253013987801, 0.25792530137532194, 0.25792530137532194,
242, 0.0918858418128544, 0.06294287219467692, 0.06291706792810943, 0.260751405782193, 0.2607514057584778, 0.2607514057584778,
243, 0.12680846507652407, 0.03306589106213508, 0.0330678206669288, 0.2690192741590218, 0.269019274133576, 0.2690192741345547,
244, 0.13222857882108405, 0.026392464641067988, 0.026400629878152886, 0.27165944198086245, 0.27165944195615516, 0.27165944195615516,
245, 0.1228263322984608, 0.031041630056454963, 0.031045196336413478, 0.2716956135305681, 0.2716956135058575, 0.2716956135058575,
246, 0.08596425255363868, 0.05631065063370715, 0.056277110012949196, 0.2671493286944878, 0.2671493286701907, 0.2671493286701907,
247, 0.12830723819239134, 0.033361746112895115, 0.03337604218888805, 0.26831832426308294, 0.2683183242386795, 0.2683183242377034,
248, 0.13923844778752925, 0.030925007133923196, 0.030975794500140447, 0.26628691661965787, 0.26628691659543924, 0.26628691659543924,
249, 0.13277052506873085, 0.04410576306208478, 0.04404943197870583, 0.25969142638979315, 0.2596914263661743, 0.2596914263661743,
250, 0.08964855544163756, 0.08453807074235078, 0.08443676153455684, 0.2471255371869575, 0.24712553716358254, 0.24712553716448157,
251, 0.13052374237367875, 0.07215103047443323, 0.0721012051539035, 0.24174134042535017, 0.2417413404024845, 0.24174134040336392,
252, 0.07702816787241205, 0.1208763515758641, 0.12074505635121681, 0.227116807824785, 0.22711680780412885, 0.22711680780412885,
253, 0.07319534559912666, 0.13314357069579066, 0.13303636935983948, 0.2202082378732951, 0.22020823785326726, 0.22020823785246615,
254, 0.09293937511952521, 0.12093735057994678, 0.12083385918728484, 0.2217631381290335, 0.22176313810886425, 0.22176313810805748,
255, 0.16499061635581408, 0.07284283097649571, 0.07270586259745684, 0.2298202297817062, 0.22982022975996808, 0.22982022975996808,
256, 0.1667145162917552, 0.07076875645172562, 0.07065294741991757, 0.230621259703357, 0.23062125968154315, 0.23062125968238215,
257, 0.10210701854168382, 0.11512145359485725, 0.11507238757265091, 0.22256637985354102, 0.22256637983329874, 0.22256637983329874,
258, 0.08285191779068013, 0.13071191645299335, 0.1305284986971094, 0.21863588877594603, 0.21863588875606121, 0.2186358887568566,
259, 0.13539814475063103, 0.0929125622574164, 0.09274126977645054, 0.22631600749531028, 0.22631600747472697, 0.22631600747472697,
260, 0.08477194948352991, 0.11704880904160045, 0.11695770565223379, 0.22707384503172243, 0.2270738450102441, 0.2270738450102441,
261, 0.09210789920213937, 0.10462859976972037, 0.10457586249530262, 0.2328958792684815, 0.23289587924645247, 0.23289587924645247,
262, 0.1609820033859012, 0.05266832605788509, 0.05274925164232963, 0.2445334727289225, 0.2445334727066823, 0.2445334727066823,
263, 0.17153116559524406, 0.043091326193955386, 0.04308005268032561, 0.2474324849349163, 0.2474324849115123, 0.2474324849115123,
264, 0.1645439046776292, 0.05181227515090637, 0.051864431352688076, 0.24392646269696872, 0.24392646267478374, 0.24392646267478374,
265, 0.11749760136678447, 0.0917176895823032, 0.09176846008958157, 0.23300541607812766, 0.23300541605608827, 0.23300541605608827,
266, 0.12906880586515973, 0.09746649855234465, 0.09754416647165512, 0.22530684279396082, 0.22530684277264962, 0.22530684277264962,
267, 0.21398850140694406, 0.06183771995941552, 0.06183350852632378, 0.2207800897926134, 0.22078008977253355, 0.22078008977333674,
268, 0.24112961996431523, 0.06537944465837738, 0.06525711297284345, 0.20941127389139108, 0.20941127387234526, 0.20941127387234526,
269, 0.23689839871690302, 0.0990845963515592, 0.09886795616850809, 0.1883830160103694, 0.18838301599255072, 0.18838301599323604,
270, 0.12722844697939062, 0.21148018877525016, 0.21114213645931273, 0.15004974234911442, 0.15004974233546747, 0.1500497423349216,
271, 0.12292309409049472, 0.23401406849206474, 0.23376772120209893, 0.13643170515817746, 0.13643170514576908, 0.13643170514576908,
272, 0.17380504899379218, 0.21357006495065511, 0.21357383796317164, 0.13301701578387404, 0.13301701577177621, 0.13301701577177621,
273, 0.31754075030816853, 0.14244730377323492, 0.1424712002876384, 0.1325135816297524, 0.13251358161770038, 0.13251358161770038,
274, 0.31834947069558084, 0.15617119356679962, 0.15589890456085692, 0.12319347681107212, 0.12319347679941957, 0.12319347679941957,
275, 0.15502547784782514, 0.27243240950151404, 0.2719496567804142, 0.10019748504077523, 0.10019748503166233, 0.10019748503166233,
276, 0.12405078576302853, 0.3042553830632671, 0.3037499589749179, 0.08931462381602953, 0.08931462380758148, 0.08931462380823134,
277, 0.12112013983249864, 0.3103787358387244, 0.30990959258508777, 0.0861971769971212, 0.08619717698928162, 0.0861971769895952,
278, 0.1226617432524811, 0.30855578499052055, 0.3081487551376887, 0.08687790528960863, 0.08687790528170714, 0.08687790528170714,
279, 0.15926278361084292, 0.2811160959136771, 0.28095840440623066, 0.09288757177418508, 0.0928875717653991, 0.0928875717653991,
280, 0.1974538418309983, 0.2500488324567712, 0.24994524957553918, 0.10085069179671352, 0.10085069178754119, 0.10085069178754119,
281, 0.3747537657539635, 0.1389946613217205, 0.13885585272014409, 0.11579857315312594, 0.11579857314259413, 0.11579857314301539,
282, 0.42050779913325853, 0.1082071061511606, 0.10833096237519593, 0.12098471053264682, 0.12098471052164332, 0.12098471052164332,
283, 0.3707217637740001, 0.13471336583326102, 0.134549341943418, 0.1200051759020648, 0.1200051758911504, 0.1200051758911504,
284, 0.1922278836230395, 0.2392071938551788, 0.23887714015581107, 0.10989592720742983, 0.10989592719663525, 0.10989592719663525,
285, 0.16131580179632776, 0.2565484855345232, 0.256165565094253, 0.10865671561002968, 0.10865671559975212, 0.10865671559935683,
286, 0.2763957895759836, 0.18303624302739274, 0.1828626167200238, 0.11923511664373163, 0.11923511663288726, 0.11923511663332104,
287, 0.15335921276311032, 0.24464726602023354, 0.24432616548744876, 0.11922245166142707, 0.11922245165015012, 0.11922245165058386,
288, 0.11171951232943872, 0.2586912696319561, 0.25828591874196344, 0.12376776618388467, 0.12376776617262805, 0.12376776617307832,
289, 0.13374190382957268, 0.22386202694026625, 0.2235744211713086, 0.13960721577231355, 0.13960721575910845, 0.13960721575910845,
290, 0.22552775756044324, 0.1293347648175023, 0.12926917867154725, 0.17195609940436707, 0.17195609938872775, 0.17195609938872775,
291, 0.14515289868507672, 0.14321555170125816, 0.14316038618375104, 0.1894903875653661, 0.18949038754744268, 0.18949038754744268,
292, 0.17251710732213318, 0.08657495504306403, 0.0864790111372632, 0.2181429752555503, 0.21814297523491671, 0.2181429752357103,
293, 0.11501293549870084, 0.09445834005371917, 0.09444607746355091, 0.23202754875255416, 0.23202754873060727, 0.23202754873060727,
294, 0.13956916899291594, 0.04873047735438924, 0.04867408675749751, 0.25434208872338, 0.2543420887002477, 0.2543420886993224,
295, 0.1264692451850924, 0.039328880860286373, 0.03930605702629092, 0.26496527206826964, 0.2649652720441712, 0.2649652720441712,
296, 0.07735896377725565, 0.056981599465686, 0.056914969481597175, 0.26958148885165417, 0.2695814888261551, 0.2695814888261551,
297, 0.09976265434787107, 0.029679511374042074, 0.029625704436833315, 0.2803107097065982, 0.2803107096811041, 0.2803107096811041,
298, 0.10368534078976217, 0.021899330500401083, 0.021856477955178068, 0.2841862833452311, 0.2841862833193845, 0.2841862833193845,
