Optimize time:2.137281797925631
Begin Prob:-27047.07833258248
End Prob:-26945.715147744675
Substitution parameters back:[0.27227916605789126, 0.2091591825290543, 0.20678300334047672, 0.31177864807257766, 4.074587170794609]
Substitution parameters hot:[0.2710953050719875, 0.20573467982455984, 0.20807119242439698, 0.31509882267905576, 7.983983017602594]
Transition parameters:[0.6000358858748864, 0.17317938385116685, 0.001066040854390544]
hscale parameters:1.6470545137950345
Trees:
(3:761.6463134107069,(2:751.3677488400509,(1:763.0132484613058,4:763.9243451700308):763.8110270445195):763.9081921307816);
(3:759.3167446960406,(1:763.8513032695603,(2:763.9327799633968,4:763.9671540213142):750.7884727254585):781.1665797972609);
(3:767.5864188731954,(4:763.6301688127882,(1:698.6214783686157,2:723.3457162320274):756.7697002572353):757.465889178512);
(3:1254.4729984184523,(2:1237.5436422470198,(1:1256.724414963606,4:1258.2250409102153):1258.038399780097):1258.1984359740084);
(3:1250.6360717517655,(1:1258.104736918349,(2:1258.2389334747015,4:1258.2955494219518):1236.5895429077466):1286.6239412809075);
(3:1264.2566759328624,(4:1257.740516413167,(1:1150.6676593811885,2:1191.3898269542628):1246.4409507119947):1247.5876118172378);

Position, Posteriors1, Posteriors2, Posteriors3, Posteriors4, Posteriors5, Posteriors6,
0, 0.2894155700149552, 0.3486385991511125, 0.34850419333581495, 0.004112188918611617, 0.00465655654039793, 0.004672892086738752,
1, 0.33181522100255656, 0.32841790591778214, 0.32716037189416103, 0.004126527968895116, 0.004255046106963597, 0.004224927159213006,
2, 0.4979158860807372, 0.24438335960658866, 0.24571257653806602, 0.004409812771920257, 0.0037761124294907276, 0.003802252625253766,
3, 0.54637870664182, 0.22321448049549916, 0.21906918098556902, 0.0043487920578215815, 0.0035181835559875067, 0.003470656316325525,
4, 0.4699683327903138, 0.25779627068182387, 0.2615197533693413, 0.0031906811843076094, 0.0037422129856259606, 0.003782749041505008,
5, 0.5302012448326506, 0.229148673185911, 0.23058193113745024, 0.003838357692887819, 0.0031175419586142806, 0.003112251244254651,
6, 0.4866604600848932, 0.2550588273988866, 0.24890826514660522, 0.0035757923732992955, 0.0029092882236179925, 0.0028873668203511058,
7, 0.25703704019442525, 0.3691459616731921, 0.3652248336060287, 0.0025643737106749017, 0.0030113476912515843, 0.0030164431747911227,
8, 0.2013619766617699, 0.3979899325831587, 0.39262446230892517, 0.0018955699764796813, 0.0030620132167840683, 0.0030660453052137365,
9, 0.34474353668411956, 0.32906735187111263, 0.31853464151278466, 0.003254439592755374, 0.002210599013083593, 0.0021894313794215635,
10, 0.21648972071703815, 0.39032426518380137, 0.3860101204880258, 0.0018296926608267075, 0.002670371075895706, 0.0026758299259624814,
11, 0.22184923446131577, 0.38647160371975026, 0.38489401052194183, 0.0023693614226572286, 0.002207927875933027, 0.002207862046490893,
12, 0.18313350547444357, 0.40555506405532715, 0.40502442084505996, 0.0017451261884053621, 0.0022716393594038914, 0.002270244121584877,
13, 0.2262310441128951, 0.3841653118016953, 0.3837237070085179, 0.0018169860375585216, 0.0020279496362417544, 0.0020350014483482962,
14, 0.26785134052034637, 0.36431723074397054, 0.3622648347924076, 0.0019258226582847735, 0.0018246358993290043, 0.0018161354309412707,
15, 0.25561436508166185, 0.37008048948949157, 0.3690035320488897, 0.0017127883107787662, 0.0017931388010006338, 0.0017956863149763739,
16, 0.2346274479171879, 0.38091772101062915, 0.3794971092463657, 0.0015090275751008873, 0.0017244310244164407, 0.001724263270364479,
17, 0.2350075394022562, 0.38135079921257425, 0.378955666220791, 0.0013554729142095674, 0.0016645057569371336, 0.0016660165384684016,
18, 0.3525880117027968, 0.32465143076493996, 0.31826445053165237, 0.001557430430234104, 0.0014690032883770885, 0.0014696733259809492,
19, 0.4567030647015538, 0.2745073909719916, 0.2644970608042709, 0.0016815834097294142, 0.0013114533665211224, 0.0012994467899014176,
20, 0.34999143828383333, 0.32644822537927426, 0.3194781244202663, 0.0012227230434622453, 0.0014269911611858018, 0.001432497758613653,
21, 0.34113586494595105, 0.33021216111706037, 0.3247903124551657, 0.0013371440001682465, 0.0012647994077411963, 0.0012597181189941966,
22, 0.33735727045942515, 0.33192030916638876, 0.32703303203013906, 0.0012422488175726643, 0.0012248077006753299, 0.0012223318720615676,
23, 0.3352225054156614, 0.33303966019254805, 0.3281802917209852, 0.0011793750629586826, 0.0011907808622551497, 0.0011873867922217562,
24, 0.340972287906481, 0.33031139992130737, 0.32526609639473353, 0.0012413636532829081, 0.0011050602471624855, 0.0011037919214348722,
25, 0.3332504267305234, 0.33342223039234437, 0.3300150688191071, 0.0009405830348796633, 0.0011841997267322524, 0.001187491341515488,
26, 0.5225976691524314, 0.2398941907000213, 0.2342874820783586, 0.001259080280590755, 0.0009849160095874985, 0.0009766618231493095,
27, 0.5634141669028939, 0.21575512604804142, 0.21772426294038688, 0.0010987087979987481, 0.0010021866570520065, 0.0010055486955118365,
28, 0.530644603584892, 0.23128844415761476, 0.23510260848129944, 0.001164167733045792, 0.0009008920393162816, 0.0008992840453963037,
29, 0.38851565771646845, 0.30256744485059, 0.30611286250899467, 0.00076336699510969, 0.0010191035968401773, 0.001021564374581881,
30, 0.42939075127895376, 0.28149394008366363, 0.28644856636955485, 0.0010749259003842854, 0.0007953212098322789, 0.0007964952009079911,
31, 0.30074266271804506, 0.34762790219450945, 0.34912292769810144, 0.0007241514091703467, 0.0008909658256313032, 0.0008913901964730323,
32, 0.2607167701241548, 0.36941656265518313, 0.367523577133492, 0.0007983705970477726, 0.0007721397151685477, 0.0007725798158653553,
33, 0.20932828786462856, 0.39510991420643904, 0.3934169201437896, 0.000629007655259417, 0.0007581416168604363, 0.0007577285508647063,
34, 0.1772844921594152, 0.4111665074012664, 0.40958778522227984, 0.0005643768847775998, 0.000698235376310653, 0.0006986029923896697,
35, 0.20605619157253593, 0.39753263451493753, 0.3945828278424335, 0.0006029189366323079, 0.0006131670974669655, 0.0006122600722431613,
36, 0.1761485012452342, 0.41077566446175756, 0.41136892112167894, 0.0005108474051735477, 0.0005975058596428234, 0.000598559944649101,
37, 0.18359177901307266, 0.40592924923240253, 0.4088522615218566, 0.0004936442350664033, 0.0005670699965422221, 0.000565996039875643,
38, 0.23626699671956752, 0.37739623477695017, 0.3847607858811414, 0.0005198923678258246, 0.0005259829447667692, 0.0005301073472673346,
39, 0.21225702948961286, 0.39235560657196344, 0.39388838018132183, 0.0004677208113909933, 0.0005161257780761348, 0.0005151372079588521,
40, 0.20016229487631404, 0.4005591937703636, 0.3978412689887294, 0.0003391272437991932, 0.000548442515147406, 0.0005496726435743458,
41, 0.3573414765999302, 0.3251118599292746, 0.31613176960008693, 0.0005926556322515321, 0.0004130906796523636, 0.0004091475977280944,
42, 0.23718134776746388, 0.38228804361906715, 0.37915895283005263, 0.00039683112734612854, 0.0004871240714187258, 0.00048770062392381396,
43, 0.2102793427921372, 0.39427677872591227, 0.3940977924460103, 0.00039666452704432254, 0.00047373988597235043, 0.00047568166502647745,
44, 0.25055574178445833, 0.3746951923180669, 0.37340494461248025, 0.0004893302440164264, 0.00042839983402215894, 0.00042639125042868336,
45, 0.21146340489149829, 0.3932544362573463, 0.3939232535558927, 0.0003572017194913116, 0.0005006170420181256, 0.0005010865731601362,
46, 0.29496061125097317, 0.3505864369604218, 0.35306646755329496, 0.0005158912052425337, 0.00043505804042978956, 0.000435535028670319,
47, 0.2701965976821661, 0.3620583932338548, 0.3663510292468989, 0.000432097661604456, 0.0004813162951647534, 0.00048056592199462324,
48, 0.30350906645501974, 0.3435138362646397, 0.3515552817136244, 0.0005314530856717655, 0.0004439759377973239, 0.00044638658611775996,
49, 0.22850214726453874, 0.38296326296986405, 0.3871055084343183, 0.000379263168191897, 0.0005249320010191551, 0.0005248862018147547,
50, 0.29921017989731896, 0.3484251841001717, 0.35091593506078234, 0.0005060231443299505, 0.0004722709214487261, 0.0004704069136751296,
51, 0.34874662247379346, 0.3215763729224177, 0.3282008114135936, 0.000509888664564322, 0.00048184072108470576, 0.00048446384220120046,
52, 0.33178962941945284, 0.33150928490213805, 0.3352232429152588, 0.0005143924608281364, 0.00048170160515730254, 0.0004817487365706798,
53, 0.30055658573499683, 0.34798242014990455, 0.3499864089691316, 0.0004589405410955907, 0.0005073404090859578, 0.0005083042359404767,
54, 0.3146666416019188, 0.3412551875032952, 0.34259999753961384, 0.0004851080955159802, 0.0004971226284911605, 0.0004959426715521651,
55, 0.3465518405250609, 0.32179167605055603, 0.3301976788169903, 0.0005141076528774517, 0.00047129254447059686, 0.00047340445020505566,
56, 0.31097427437425146, 0.3390291110760815, 0.34856665474087933, 0.0004816696484406581, 0.00047272558758964747, 0.00047556461175010634,
57, 0.25208524244713004, 0.37139662899539644, 0.3751458915117267, 0.0003611740999764586, 0.0005060471579131046, 0.000505015826697236,
58, 0.3114340083104482, 0.34265451957791, 0.3445762363134371, 0.0005008213066460595, 0.0004169246204194749, 0.000417489911278991,
59, 0.28115101295980754, 0.3588357341347424, 0.3587434736503416, 0.0003745857630730895, 0.00044755352378062266, 0.00044764000858680105,
60, 0.3182856379377713, 0.34105050092392053, 0.3394414639512854, 0.0003902345437667176, 0.0004162598270091271, 0.0004159028546769514,
61, 0.37721877912947893, 0.3097933369590373, 0.3118393155030144, 0.00047299807260691015, 0.00033795874223831244, 0.00033761163477218027,
62, 0.20315245147710503, 0.39750688334810785, 0.3982671174233622, 0.0002495207062670967, 0.00041208598569383425, 0.00041194110024705917,
63, 0.2335785524800381, 0.38288820232954307, 0.38249902457588025, 0.00034102586585778294, 0.0003462085769380946, 0.00034698620925377314,
64, 0.26727673348552955, 0.36726030765697454, 0.3644608808419667, 0.00032301029152708566, 0.0003398439165215426, 0.00033922384703524147,
65, 0.2729051161961121, 0.36343692474510836, 0.36270772003495166, 0.0003437250770398638, 0.00030301449902522186, 0.0003034994884548473,
66, 0.20912053716828094, 0.39534177860421177, 0.3946560189483633, 0.00024111449366372745, 0.00032042316020436905, 0.0003201276647700162,
67, 0.20989994053561672, 0.39455891814827715, 0.3947076548749811, 0.00024375547856721606, 0.00029474623650092553, 0.0002949847652661348,
68, 0.2928804635209111, 0.35330168686796376, 0.35301148674425065, 0.0002906258953267805, 0.0002576121989832136, 0.0002581248120636745,
69, 0.26605870288673644, 0.3682399940050431, 0.3649353116696792, 0.0002537927530624865, 0.0002567897314910262, 0.00025540899308600475,
70, 0.2770848296748788, 0.36342484531608965, 0.3587457958700201, 0.00021584548581718633, 0.00026389170189928466, 0.00026479198909557005,
71, 0.41627354315084913, 0.2963339861657567, 0.286658834051635, 0.00029647888292167645, 0.00021963197637593418, 0.00021752580801804146,
72, 0.31909064664408043, 0.3429354533477982, 0.3372525283336997, 0.00021955601497418802, 0.00025061827475858755, 0.00025119742025630885,
73, 0.2691674944730676, 0.3657526951669221, 0.36438280315578714, 0.00024203597484077276, 0.00022741647963638378, 0.0002275547845087511,
74, 0.15339048341978515, 0.4231072793153139, 0.4228495366219093, 0.00017355982312427856, 0.00023956301083054884, 0.00023957784520663077,
75, 0.1319214408197297, 0.43377282205860535, 0.43367626152312605, 0.00017984375865530961, 0.00022480105218525902, 0.00022483082476096775,
76, 0.15989800811885505, 0.4201340882410379, 0.41934351756863286, 0.00016591107279173852, 0.0002292016362840158, 0.00022927339953143693,
77, 0.27697434345351124, 0.36240337575261444, 0.35998566488447764, 0.00023610588856524644, 0.00020040378578607725, 0.0002001062702330387,
78, 0.3240186023054651, 0.33735909044997486, 0.33797932957703175, 0.00019375458877276966, 0.00022447423591738026, 0.00022474887984637998,
79, 0.4217796723253046, 0.2870458351659894, 0.29053339936031863, 0.00025248777215337387, 0.00019448478261497654, 0.00019412063065615598,
80, 0.3220501124140303, 0.33726713647152157, 0.3400491962002521, 0.00020852269176335007, 0.00021229896798014914, 0.0002127332899352249,
81, 0.20806651963253306, 0.39457443007211707, 0.39674865983872604, 0.0001552058987885846, 0.00022771268114961537, 0.00022747190881481096,
82, 0.27065291300339767, 0.36302537865951084, 0.36571134643760417, 0.00018261957660536423, 0.00021363044041500823, 0.00021411191386024706,
83, 0.4018854326075418, 0.2968296372273647, 0.3006636288475534, 0.0002506940072833397, 0.0001851462962681939, 0.0001854610456183408,
84, 0.33754089714873825, 0.3316676186567983, 0.3301685298304882, 0.0001622350141069158, 0.00023014811183157244, 0.00023057126993845142,
85, 0.40265399608333136, 0.302164615772566, 0.2945468060528797, 0.00027277782928447473, 0.00018173017708085403, 0.000180074114461701,
86, 0.2129510971067995, 0.3943249549527641, 0.39208211652099734, 0.00014747000387228544, 0.0002469201932117594, 0.00024744124970552247,
87, 0.2683639393577857, 0.36503822956410853, 0.3659251766788299, 0.0002012123873646636, 0.0002357812027168967, 0.00023566083542585784,
88, 0.4062010640309087, 0.2940286545708995, 0.2990588417989425, 0.0002795533531310517, 0.0002157317421252981, 0.0002161545294126934,
89, 0.34423149972869543, 0.3250203893273695, 0.3300132261008258, 0.0002337603488832735, 0.00025086145906935047, 0.0002502630587445446,
90, 0.3984315176564671, 0.29619837998097476, 0.30460046239918576, 0.00024900525332474704, 0.00025939042687189934, 0.0002612443056623984,
91, 0.4838892465826067, 0.2552964106587105, 0.26003140730636043, 0.0003037328208497466, 0.0002396064079329616, 0.00023959624999702228,
92, 0.4298538804275151, 0.28572626569136433, 0.28363639610007346, 0.00024705509332535156, 0.00026831723025166047, 0.0002680854829694168,
93, 0.4644375601636216, 0.2713363631943644, 0.26344680261317405, 0.00031787773238603007, 0.00023169213217978866, 0.00022970419081548527,
94, 0.29041850404663944, 0.3566068753859748, 0.35220305135812696, 0.00020419174376697335, 0.0002833390317490835, 0.00028403846084411734,
95, 0.2362228165626082, 0.38305795412069077, 0.3799542704753046, 0.0002825324307424703, 0.00024183338185838386, 0.00024059305719242855,
96, 0.18877686421412618, 0.4051350220229005, 0.4053130566187917, 0.0001686298468700606, 0.00030297504896955295, 0.0003034522749797684,
97, 0.3448848552012671, 0.32580774258283535, 0.32849458559170214, 0.0003502862188101153, 0.0002313745649676617, 0.0002311558637821042,
98, 0.2500149161579887, 0.3748711060265357, 0.37427440439074994, 0.0002116566055881438, 0.0003139333663361401, 0.0003139834732992317,
99, 0.27179109269344964, 0.3652117554110759, 0.36211574820186854, 0.0002996043182286595, 0.0002911402039612287, 0.00029065919261701345,
100, 0.304987695549337, 0.34731659808954646, 0.3467875451751085, 0.0002895388491381395, 0.0003090061948383192, 0.00030961616343642344,
101, 0.30348674020174454, 0.3480666834515694, 0.3475317057917433, 0.0003324235197289544, 0.0002915359405894109, 0.00029091111589832727,
102, 0.2417753678015836, 0.3759762793613654, 0.38133430041972843, 0.0002621391483667947, 0.0003255140796598433, 0.0003263992126450389,
103, 0.2874762852149731, 0.3501680717923472, 0.3614240222420189, 0.0003066779493580052, 0.0003116831408597439, 0.0003132596815080494,
104, 0.30629783499922425, 0.34094619915947527, 0.35182406912336867, 0.0003085315609724713, 0.0003108004830126775, 0.0003125646971257565,
105, 0.2967264299282507, 0.3487963299182937, 0.3535665145326206, 0.0002872184692771799, 0.0003119749940584402, 0.00031153218329035235,
106, 0.33956543389523475, 0.3281661057844328, 0.3313735866827303, 0.0002735429495838206, 0.00031043343928770895, 0.0003108972731026356,
107, 0.4689016150615935, 0.26320685820243594, 0.26700782665089523, 0.0003419834009451355, 0.00027070401303325734, 0.0002710126934500296,
108, 0.4542064593052088, 0.27256974823204605, 0.2723540596083956, 0.0002809704101799306, 0.00029402497495579247, 0.00029473749200359064,
109, 0.4633562699499484, 0.271130111122247, 0.2646735795075817, 0.00033983030108172536, 0.0002512090674389575, 0.0002490000718694364,
110, 0.2668707549413223, 0.3672220968942429, 0.36510580334683546, 0.00021046965068323897, 0.00029493708021639906, 0.0002959381087349128,
111, 0.2613571835281837, 0.36872428571522065, 0.3691400671457251, 0.0002688576991659031, 0.00025571491531040346, 0.0002538910174420258,
112, 0.28157523431704923, 0.3551362446196461, 0.36251577143537067, 0.00026069508278919897, 0.00025486719598102057, 0.0002571873690537516,
113, 0.2300864499904162, 0.3826687887197703, 0.38649484859771593, 0.00022279553275373335, 0.0002639020238628187, 0.0002632151569549536,
114, 0.19485510099456732, 0.4003937438855485, 0.4040130208160248, 0.00022944778439482725, 0.00025376743640525873, 0.0002549191074519373,
115, 0.21244816362685395, 0.3929633192981279, 0.39384594555323454, 0.00022575198143010583, 0.0002585075927004088, 0.00025831197333642806,
116, 0.22466137590785423, 0.3876445557687943, 0.3869345368670477, 0.0002309301632589402, 0.0002642083384284981, 0.0002643929806484475,
117, 0.3002354885124563, 0.3509859654543633, 0.3479898062671003, 0.0002850207722653599, 0.0002519738020078088, 0.0002517452178171517,
118, 0.3117389242745233, 0.3444700508972251, 0.3429851268302213, 0.00025099936016585657, 0.0002777172586250283, 0.0002771814048330242,
119, 0.3380042533734784, 0.3279336646862191, 0.33325664256972876, 0.0003063138573294651, 0.0002488703757907691, 0.0002502551601325389,
120, 0.2885190859516976, 0.3535080288826615, 0.35718770882352985, 0.00018188096372591964, 0.00030196788572251144, 0.0003013275133129261,
121, 0.45190501262674815, 0.2706851078886798, 0.27662734753412926, 0.0003203302445031872, 0.00023084275422748405, 0.00023135897152416,
122, 0.4529640237406307, 0.2711897173064219, 0.2750695956496151, 0.0002498750283707293, 0.00026333411987663227, 0.00026345417586430884,
123, 0.4750630652484596, 0.2599917531433196, 0.2641871644649171, 0.0002955630718436841, 0.00023129545605599547, 0.00023115863856902773,
124, 0.343437701360876, 0.3267236935926669, 0.3291070001860098, 0.00023011361225943374, 0.00025056657338018814, 0.00025092469796423277,
125, 0.2423876307337133, 0.3781414570541162, 0.3787804554447218, 0.00020433522314401047, 0.00024309786438819858, 0.00024302370389821717,
126, 0.2800052802912462, 0.3604525798010662, 0.358876280908525, 0.0002155600764283365, 0.00022492312003836166, 0.00022537582766138858,
127, 0.3458471395696495, 0.3269772911361181, 0.32654460900460536, 0.0002077127748706682, 0.0002120358294570095, 0.0002112117114063263,
128, 0.4335853028951523, 0.2810338300860831, 0.28477374182034276, 0.00023061482153071222, 0.00018796846897416376, 0.00018854193310744962,
129, 0.3463247829520128, 0.3259824666129987, 0.3271186471682975, 0.0001990313462787508, 0.00018778864017953946, 0.0001872833067260182,
130, 0.275000275048088, 0.3611560025606466, 0.36330945018259253, 0.00014461225066165562, 0.0001947587857996612, 0.0001949011984615073,
131, 0.3626495891230844, 0.3160149367525424, 0.3208196435401031, 0.00021340749127434183, 0.00015112167410921077, 0.0001513014455867833,
132, 0.21835037951089903, 0.3893389792763811, 0.39182558279272656, 0.00012553673224034986, 0.00017978397337926509, 0.00017973774053423305,
133, 0.21088154864509262, 0.3937055350026064, 0.3949507079042222, 0.00015780129363789785, 0.00015213447532980243, 0.00015227270457523099,
134, 0.1680895508016521, 0.4156952390712567, 0.4157849604181097, 0.00011979972824550376, 0.00015527725695497197, 0.00015517274981829513,
135, 0.13363470045598372, 0.4328344924117273, 0.43312546900391213, 0.00011610155894025844, 0.00014459240268547424, 0.00014464419294777715,
136, 0.13632304283830646, 0.43151747087426934, 0.43176366647952963, 0.00010658582470428453, 0.00014466361225317777, 0.00014457039532075913,
137, 0.1354809386302024, 0.4311734729599143, 0.43294944373734645, 0.00011666854739002881, 0.0001397218272767033, 0.00013975432022886918,
138, 0.17532262940711787, 0.41012744113713767, 0.4141392439175304, 9.754551763342771e-05, 0.00015658188604016722, 0.00015655815709348446,
139, 0.3852209031264105, 0.3029665630958694, 0.3113677901566653, 0.00018447799040130215, 0.00013011652667653352, 0.0001301491259346876,
140, 0.3808539006005917, 0.3041626212959707, 0.31450955271162134, 0.00013605833169570624, 0.00016842423516916702, 0.00016944284854035328,
141, 0.4329078434697893, 0.2793070774104362, 0.28729121237163036, 0.0002017479710421515, 0.00014599773855521314, 0.00014612106340685386,
142, 0.31629797541887217, 0.3393256628813381, 0.34387134713079986, 0.00012680082661242753, 0.00018915121749626894, 0.0001890625499201603,
143, 0.44069180808244984, 0.2774021458738851, 0.2813799068678112, 0.0002129931449423634, 0.00015642318603978922, 0.00015672287082995926,
144, 0.39142510144374054, 0.30469409057453084, 0.30334413785467257, 0.0001689934500999997, 0.0001840438337817565, 0.000183632870636533,
145, 0.4292947075416139, 0.28593901318493176, 0.28423245362233374, 0.0001711348036289842, 0.00018099319422196648, 0.00018169768258635485,
146, 0.5422997676228539, 0.23135210387279717, 0.2258328120173349, 0.00019629611241922719, 0.00016041478415871135, 0.0001586056194705186,
147, 0.5200917171042949, 0.2384819460763043, 0.24092921549541513, 0.00017917992907155622, 0.00015868891980546946, 0.00015925250253454292,
148, 0.39263676218927784, 0.30079812380124343, 0.3060937542909803, 0.0001714484923379171, 0.00014973538025433165, 0.00015017587468894145,
149, 0.23532090746757675, 0.3814534990245348, 0.38279289227456686, 0.00010906872546003192, 0.0001618006278587613, 0.00016183190713012945,
150, 0.2804955381429432, 0.3606343666864664, 0.3584598599792918, 0.00015065210323903503, 0.00013004481412949592, 0.0001295383024765434,
151, 0.2823398393360284, 0.36023425838111695, 0.35703310973533353, 0.00011149863592792345, 0.00014054829205493037, 0.0001407456462066464,
152, 0.35787323182758474, 0.3240035300394064, 0.3177396590715378, 0.00013294754169726095, 0.00012535483820249018, 0.0001252767090388021,
153, 0.4202756680402191, 0.29412094948555734, 0.2852391711997239, 0.00014516209010509784, 0.00010980135121781475, 0.00010924785879475464,
154, 0.2676211850717988, 0.3687483408627696, 0.36329270213979187, 7.955050588605707e-05, 0.0001290581895439551, 0.00012916325858299476,
155, 0.30264355154584927, 0.3507694431615005, 0.34626708935287825, 0.00011788104278793936, 0.00010109366472281018, 0.00010094126130176421,
156, 0.28910265397651175, 0.35575585895981116, 0.3548489691995104, 0.00010035062092166483, 9.604427425519911e-05, 9.612299891204755e-05,
157, 0.2210959841836649, 0.38904659112180345, 0.38960097964644996, 7.947875032417928e-05, 8.837981525318195e-05, 8.858650893272751e-05,
158, 0.14630127125080503, 0.426193965363587, 0.4272762652715604, 6.058078585256539e-05, 8.398716169598326e-05, 8.393019246660397e-05,
159, 0.17258264884897073, 0.41262872174145643, 0.4145732488638441, 5.2379276324460784e-05, 8.148627641491063e-05, 8.151501551498217e-05,
160, 0.32692244066444454, 0.33455748644042443, 0.33830487054825925, 9.067860185249287e-05, 6.23023814629072e-05, 6.222138816788942e-05,
161, 0.21433297040952518, 0.39209063964769647, 0.39336343196931417, 5.753663648088362e-05, 7.770084280297462e-05, 7.772051700944213e-05,
162, 0.21820431131474283, 0.3911692963592915, 0.3904094258035359, 6.248027838463498e-05, 7.723380814703692e-05, 7.725245827675674e-05,
163, 0.345000006217904, 0.3292307837022029, 0.3255415173561042, 7.881682594454762e-05, 7.447779243973209e-05, 7.439812708671183e-05,
164, 0.49239290782847933, 0.2568756721311369, 0.25049999439443765, 8.46404842332018e-05, 7.366684464437157e-05, 7.311834039787058e-05,
165, 0.4899923570076764, 0.2543512597794246, 0.2554270172759375, 8.643608539658111e-05, 7.133481494489769e-05, 7.15950602379066e-05,
166, 0.3553970210105671, 0.32276135277889695, 0.32161353296279616, 7.443406249493723e-05, 7.689438047079732e-05, 7.67648304704131e-05,
167, 0.27976791131817735, 0.3589625770304422, 0.36105232555709715, 6.365055454392375e-05, 7.677227453802517e-05, 7.676328764797115e-05,
168, 0.3726070145833295, 0.3101237797430694, 0.3170563831093562, 7.496109068983442e-05, 6.880520349003681e-05, 6.905629256447701e-05,
169, 0.41719270316214346, 0.28812681416490293, 0.29448016159930224, 7.584747309628152e-05, 6.221582282879276e-05, 6.225780115743954e-05,
170, 0.2696971427072113, 0.36340183513370217, 0.36672238659226514, 5.854502731502358e-05, 6.006094133164838e-05, 6.002962245150146e-05,
171, 0.170465626222028, 0.41389032569997025, 0.415475478320637, 4.893520437191589e-05, 5.9806473836524606e-05, 5.982809937390081e-05,
172, 0.13686664569105206, 0.43134278148726424, 0.43162838189228747, 4.2119923399067395e-05, 6.0045460072852786e-05, 6.0025565319147914e-05,
173, 0.18562292767192531, 0.40769613480285316, 0.4065151637479716, 4.913869255537547e-05, 5.829255109702148e-05, 5.834255386156097e-05,
174, 0.22337792163323986, 0.3893820671212544, 0.38707070038540126, 5.9344803092585624e-05, 5.512611835153045e-05, 5.483996052912615e-05,
175, 0.26161502400303377, 0.36912673157506215, 0.3690786354037772, 4.81469501701647e-05, 6.571367140861173e-05, 6.574841525628617e-05,
176, 0.3836218455025352, 0.30647833596299867, 0.3097102529195663, 7.755145466353104e-05, 5.597339828777057e-05, 5.604078153507602e-05,
177, 0.28905799883444655, 0.35537952322043187, 0.35537141846609305, 5.3241299023668505e-05, 6.891037524631964e-05, 6.890782429815871e-05,
178, 0.2947440194587822, 0.3539563765318743, 0.35110501598099464, 6.318027630791518e-05, 6.566760069529202e-05, 6.574016983556054e-05,
179, 0.36802263571409166, 0.3202050525961738, 0.31156991112867555, 8.159146033560301e-05, 6.064273797781535e-05, 6.016637857330632e-05,
180, 0.1993238356358012, 0.4016045187665267, 0.39886640474885826, 4.781379443261997e-05, 7.868912200357167e-05, 7.873795003877168e-05,
181, 0.2002385857721115, 0.39920193363651285, 0.4003390428119975, 7.605483319559803e-05, 7.205767767645887e-05, 7.232528382024606e-05,
182, 0.22798170524982678, 0.38505734943743886, 0.3867150996218861, 5.846417259079757e-05, 9.380001582500708e-05, 9.358151867777687e-05,
183, 0.39788916026387505, 0.2985884802674722, 0.3032416855144554, 0.00011386263058819806, 8.31820450481849e-05, 8.362929609865247e-05,
184, 0.3726037845573655, 0.313339228294444, 0.3137508468398861, 9.284000373602592e-05, 0.0001070228490593474, 0.00010627747455392008,
185, 0.5090723842129046, 0.24459299248717978, 0.24599087959064153, 0.00012958217865717268, 0.00010678619958457877, 0.00010737534894383171,
186, 0.5244718899596401, 0.23992165832071755, 0.23523497247016006, 0.00014099105470608534, 0.00011603402103206318, 0.0001144541936538122,
187, 0.38401143553757056, 0.305986311851038, 0.3095995460690846, 0.0001286720953166737, 0.00013636463903319651, 0.00013766983011758688,
188, 0.28802484413001805, 0.35532048720183834, 0.3562371805099997, 0.00013405826904360364, 0.00014184972722521352, 0.00014158018360115507,
189, 0.23806791253539225, 0.38098670916439353, 0.38051013477671486, 0.00012604878282782537, 0.00015459042537107836, 0.00015460433712380869,
190, 0.24089571564513118, 0.37987076788482615, 0.3787795852747805, 0.00014898257349969912, 0.00015246416925956637, 0.00015248447543331133,
191, 0.2375240100780313, 0.38196091702814217, 0.3800387305036026, 0.00013600827673795576, 0.00017015415581378714, 0.00017017997995370795,
192, 0.2862781121880235, 0.3581308366748869, 0.3550909834817766, 0.00017088364960976993, 0.0001647698990000199, 0.00016441412708152728,
193, 0.3005995084319214, 0.35097890838977847, 0.3478935468927252, 0.0001887967541911679, 0.00016990482436105004, 0.00016933472488561878,
194, 0.27514531170981354, 0.3636299009419461, 0.3606743955864365, 0.00014849898542736877, 0.0002003538895479065, 0.00020153890203207183,
195, 0.398968208432101, 0.3045933375266926, 0.2958497636525757, 0.00024666167939071617, 0.00017178991397665238, 0.00017023881032238677,
196, 0.27171647092871926, 0.36634608004255304, 0.3613192230628843, 0.0001590053184052698, 0.0002294962852011974, 0.00022972437689292095,
197, 0.2882959670004725, 0.3573834268847178, 0.3536663839476825, 0.00021297882514817974, 0.0002204911681384612, 0.00022075218822822766,
198, 0.36766119319189816, 0.31897890958413316, 0.31265691659489603, 0.00022028397842651352, 0.00024117319996060693, 0.0002415234646392827,
199, 0.5440674078224216, 0.23232505237818177, 0.22286960315287638, 0.0002820137597844241, 0.0002285960815189645, 0.00022732681933711446,
200, 0.5885362254588244, 0.20954083148307268, 0.20116236389636616, 0.00027380906316303694, 0.0002444738755010635, 0.00024229623770885659,
201, 0.548956225888166, 0.22553388835257385, 0.22473460272669346, 0.00029436062107516295, 0.0002401634499106304, 0.00024075897337754007,
202, 0.41397683608848, 0.29303735227484046, 0.29219964252186365, 0.00025129041020810017, 0.0002679452614356634, 0.0002669334556691339,
203, 0.3613295182687093, 0.318058844152458, 0.3198095733111714, 0.0002941861189746749, 0.0002536707092737459, 0.0002542074528437517,
204, 0.26181350881426824, 0.3665681337548568, 0.37081956662083687, 0.00021869297909408764, 0.0002902868346322646, 0.0002898110089966587,
205, 0.33868949934167, 0.3255784320154819, 0.3349230529290866, 0.0002644066554730704, 0.00027154821616015513, 0.00027306085375751867,
206, 0.41668096970578783, 0.2868644610211143, 0.29564932126859356, 0.00031425906174675566, 0.0002451923201037831, 0.0002457966343849982,
207, 0.31520474364328904, 0.3389001895931673, 0.345098019561661, 0.0002286379619527549, 0.0002844734951711715, 0.0002839357569042608,
208, 0.3177315389463485, 0.33615946180856376, 0.34531562563741386, 0.0002739844839392863, 0.0002586963298578377, 0.00026069280748504403,
209, 0.2811064876615062, 0.35717195499654303, 0.36094902073162655, 0.00024747188152002617, 0.0002627263067431072, 0.0002623384351925894,
210, 0.26076947291853225, 0.36874830622930055, 0.36974784236371205, 0.0002339039244861803, 0.0002501400215796222, 0.0002503345522214809,
211, 0.28236421293778796, 0.359486733456276, 0.35746253103416303, 0.00019263665886832916, 0.0002467052086553424, 0.00024718071530565423,
212, 0.4806655442445601, 0.2625027656791687, 0.25616864638825904, 0.0002593387773395949, 0.00020276704719189584, 0.00020093787151395797,
213, 0.4811622339470776, 0.2589790097596253, 0.25922147020937036, 0.0002361823211533426, 0.00020037417517423383, 0.00020072959644660144,
214, 0.33197643538648997, 0.3337354375461376, 0.33368236590331846, 0.00019731602170394607, 0.00020431367016933392, 0.00020413147938418114,
215, 0.29166800391767234, 0.35443725828552375, 0.3533101039463126, 0.00018009968827326452, 0.00020219871028986355, 0.00020233545976508402,
216, 0.2985730538293459, 0.3516821028226673, 0.3491773143734087, 0.00019648732278325126, 0.00018564493941422566, 0.00018539672049792608,
217, 0.2758078753947174, 0.36331999102238455, 0.3603163751940645, 0.00017754669039115884, 0.0001895752675249205, 0.00018863643754055273,
218, 0.3107955887114075, 0.3447571307254788, 0.3438899931775273, 0.00020229770670721745, 0.00017734183696888745, 0.00017764784909755807,
219, 0.24895020918565824, 0.3760118955657789, 0.3744908907901796, 0.00016121229299002912, 0.00019284231313780644, 0.00019294985909941494,
220, 0.2787426827088635, 0.3621072461114348, 0.3586044607116252, 0.00019036324812368854, 0.00017786680333853005, 0.00017738042609715895,
221, 0.2666866571474319, 0.3687733471582434, 0.3639920778167932, 0.0001745592451047871, 0.00018676889014930496, 0.00018658974913095605,
222, 0.26040482874133397, 0.3706903276484882, 0.36836582748168506, 0.00017424758291066374, 0.00018223564529329988, 0.00018253290622945534,
223, 0.2489180796572776, 0.37638177679795914, 0.37418404074776385, 0.00017145156130304352, 0.00017274926441039436, 0.00017190197730259567,
224, 0.25664345687265044, 0.37116696773424857, 0.37168234695329466, 0.00016479850463058031, 0.0001710698316660094, 0.00017136011008319734,
225, 0.2646633484905357, 0.36590927674473905, 0.36892426425944674, 0.0001400343584944551, 0.00018125072558360694, 0.00018182542785873684,
226, 0.44138597124855466, 0.2775655275157468, 0.2805373255941845, 0.00020370863486218554, 0.00015363423986827115, 0.00015383277301290208,
227, 0.4432668119198122, 0.27957928360085094, 0.2766460976969045, 0.00016023342512646414, 0.00017407470236419981, 0.0001734986619367768,
228, 0.5466141532464692, 0.23029520176664534, 0.2225811233157188, 0.0001895152697002328, 0.00016020629274473316, 0.00015980011534355397,
229, 0.5347496404220838, 0.2365728525741826, 0.22817121398259446, 0.0001950976138599176, 0.00015629822981577684, 0.0001548971838895701,
230, 0.37799076114110475, 0.31149309222629956, 0.31002305680700276, 0.00014339842773212574, 0.00017459352005075527, 0.00017509788232715457,
231, 0.3739830870721296, 0.3109897992965692, 0.31453963410571856, 0.00017301325366623455, 0.00015696808541830733, 0.00015749819209090268,
232, 0.32248305302313207, 0.3385463989124886, 0.33849982311036564, 0.0001729394350161171, 0.00014902039679597288, 0.00014876512750294386,
233, 0.22840659532053895, 0.38429685693189075, 0.38684747354084537, 0.00010200810880200522, 0.00017354797289410916, 0.0001735181297150111,
234, 0.3405400578759245, 0.3262471607405754, 0.3327664114462508, 0.00018496801947190278, 0.00013053595896329946, 0.00013086596156942326,
235, 0.21651997587975136, 0.3893058512302841, 0.3937354231564726, 0.00012501799368191995, 0.0001566128113271039, 0.00015711893205815715,
236, 0.17328154430555714, 0.41238850062870486, 0.4138866141635941, 0.00012605985779397914, 0.00015872975029470213, 0.00015855129844187039,
237, 0.2357404972362197, 0.38233918700534036, 0.3814576619247789, 0.000126974901222609, 0.0001677058855382281, 0.0001679730516828434,
238, 0.4729155509722229, 0.26548590984194825, 0.2611090293063935, 0.00018927981933593543, 0.00015054494971877274, 0.0001496851156056294,
239, 0.5295042764629687, 0.23376213828872386, 0.2362246458572588, 0.00018367059873377633, 0.00016248839041168298, 0.00016278040856365427,
240, 0.48314819121103975, 0.2563069607853189, 0.2600266819472434, 0.00019135434193550573, 0.00016315969578841458, 0.0001636520239791581,
241, 0.3056461024461272, 0.3473244453983299, 0.3465083551874458, 0.00017883333243309002, 0.00017160344382990373, 0.00017066020050907025,
242, 0.20931137740584355, 0.3961503462359125, 0.39400102157864625, 0.0001283761266119523, 0.0002042282007159471, 0.0002046504600039228,
243, 0.3113828968263642, 0.3467995779511269, 0.341232579953657, 0.00020032289212496248, 0.00019257222354274528, 0.00019205016010255898,
244, 0.40170913680396814, 0.30354066970533833, 0.29410850659482823, 0.0002551334518551918, 0.00019395003251141972, 0.0001926034194053812,
245, 0.24257214804583418, 0.3807142239646622, 0.37602463016660864, 0.00019046127435798704, 0.00024928524093768123, 0.0002492513140262963,
246, 0.24068592137066286, 0.38106173921177705, 0.3774981310305821, 0.00021428583509584728, 0.0002691538352065488, 0.0002707687234721717,
247, 0.37431548273068116, 0.3172340861466136, 0.30760222429653966, 0.00034712221756763573, 0.0002519183710757577, 0.0002491662464563475,
248, 0.24239997184758924, 0.380753772085952, 0.3759278127995548, 0.00025604039929783055, 0.0003305953238915903, 0.0003318075522214414,
249, 0.21097515487828752, 0.39610481565839745, 0.39191175012204443, 0.00036616939799260216, 0.0003220059023310006, 0.00032010404976174137,
250, 0.1658461916510823, 0.4172677450936267, 0.4157504405987709, 0.0002631739833985167, 0.00043601385149372586, 0.00043643482713946334,
251, 0.25755767227164583, 0.3706240278503242, 0.37048087136414437, 0.0005126577770613423, 0.000412226911009563, 0.0004125438324024314,
252, 0.213217842812329, 0.3931392930537334, 0.3921601803517301, 0.0004163970386825989, 0.0005332500274010987, 0.0005330367254856266,
253, 0.19238197001946725, 0.4036812287453482, 0.4022941426093341, 0.0005155099408070001, 0.000563625078788171, 0.0005635236163429709,
254, 0.16857610106461268, 0.41562206596085083, 0.4139811612923049, 0.0004528195192245022, 0.0006839579161257917, 0.000683894252634799,
255, 0.2785393316051317, 0.3614796261664349, 0.35782339008206177, 0.0006787986757595562, 0.0007388302808901968, 0.0007400231939233196,
256, 0.45180288859265244, 0.2774034857594679, 0.26834904949388577, 0.0009422397518477761, 0.0007531709552106295, 0.0007491654519469858,
257, 0.43889598772814337, 0.28352817244529527, 0.274879681295434, 0.0008816090308679466, 0.0009074925349434907, 0.0009070569702825483,
258, 0.499363227253751, 0.2528454911925346, 0.2448689204921104, 0.0010986393570155933, 0.0009160639628383453, 0.0009076577450442556,
259, 0.4200396856181659, 0.2877915209801002, 0.2890335828008579, 0.001087286354642844, 0.0010197108194192153, 0.001028213431937206,
260, 0.3304768110222703, 0.3340793636347241, 0.3321436816899365, 0.0010519002347736481, 0.0011275781179515992, 0.0011206653055770455,
261, 0.36131710207967604, 0.3184320428797886, 0.31672006292189425, 0.001265138002509108, 0.0011339242677898933, 0.0011317298554824713,
262, 0.38328226693655393, 0.30504897006534715, 0.30792980977353684, 0.0011565013112435393, 0.0012851974440077714, 0.0012972544752258655,
263, 0.42427670912449805, 0.28865733696503537, 0.28317458751564206, 0.0016037432446009638, 0.00114955514101486, 0.001138068013930677,
264, 0.2326354409097761, 0.38225181574243644, 0.38108677843226274, 0.0009998140393268605, 0.0015114981330065667, 0.0015146527494060945,
265, 0.2631347002602746, 0.3654879544977611, 0.3671545706246794, 0.0013463883139241135, 0.0014379747512924894, 0.001438411557624569,
266, 0.33083096105898824, 0.32995416698005553, 0.33473952360657405, 0.0015827119980784251, 0.0014432430352645483, 0.0014493933298074747,
267, 0.3117131285067486, 0.34212928239491525, 0.34148317620065033, 0.0016179809918901015, 0.0015299690479526195, 0.001526462864711135,
268, 0.2539317965996749, 0.37065867652341034, 0.3705534412209785, 0.001570388427377382, 0.0016418529391571055, 0.0016438442978509926,
269, 0.22403504095177143, 0.3856367761872392, 0.3853059662217844, 0.0013260547566985947, 0.001848913673918356, 0.001847248216916166,
270, 0.2782393033476326, 0.3580237335047371, 0.3584876910724446, 0.002007110564253064, 0.0016201750655330572, 0.001621986455234925,
271, 0.21466567617566842, 0.3900480470374446, 0.38985927835181206, 0.0014396047511972601, 0.0019943811498397677, 0.0019930125436281305,
272, 0.22366965873815647, 0.385186723955178, 0.38547443181511987, 0.0018091162510256902, 0.0019297468397543724, 0.0019303224103689885,
273, 0.3075167440520862, 0.3431257134813358, 0.34337158848998695, 0.0018442889797400338, 0.002069886772613955, 0.0020717782353387917,
274, 0.4305759547927953, 0.27931790860504757, 0.2838245469894536, 0.0024087390658021693, 0.0019352346853619342, 0.0019376158717558003,
275, 0.37885568522750745, 0.3058267702270551, 0.3087504774575427, 0.0022968588417659613, 0.0021341118671743017, 0.0021360963867526135,
276, 0.2923226406447288, 0.3494315618425334, 0.35144170783971634, 0.0019552418493973167, 0.002425010718615826, 0.002423837111881739,
277, 0.3211932001935407, 0.3340006973890752, 0.33775067991274627, 0.0022098756829341637, 0.0024228264370131517, 0.0024227203890036567,
278, 0.45052220022215195, 0.26719624481845655, 0.27499464420512965, 0.002676593040815783, 0.002301588527617015, 0.002308729189001681,
279, 0.4303174757856959, 0.2767014628819025, 0.2854655021465545, 0.0029559332929262796, 0.0022762610752567196, 0.0022833648220940504,
280, 0.2418897337609952, 0.3711351017867371, 0.37923712627897294, 0.0018100988275102266, 0.0029668192414889095, 0.002961120108621332,
281, 0.2848207398356989, 0.34729687383414676, 0.35977529737515274, 0.0028411506957373156, 0.0026258582367928215, 0.002640080027620984,
282, 0.2819272775570725, 0.34872529614964354, 0.3609798883111916, 0.002685588735900578, 0.0028316959942443127, 0.002850253258805881,
283, 0.2314332820714615, 0.37669145489761363, 0.3832783668762536, 0.002919216131839762, 0.0028428897524938462, 0.0028347902769607965,
