Optimize time:19.24890925221973
Begin Prob:-13454.591301824908
End Prob:-13426.159467060614
Substitution parameters:[0.2702450077302434, 0.20171020909752627, 0.21086126374574374, 0.3171835194264866, 1.4314754994068797]
Trees:
(3:245.00733163458315,(5:478.8543016850474,(2:237.81910354672868,(4:245.00733163458315,1:245.00733163458315):389.27491991676993):478.93195766623546):245.16516740859552);
(3:495.93519468741755,(2:495.9949889358893,(4:245.16272447104507,(5:245.16516740859552,1:245.16516740859552):388.54458215552927):245.16516740859552):245.16527006004404);
(3:245.16272447104507,(2:245.16516740859552,(5:245.16527006004404,(4:389.32083568187795,1:245.16516740859552):478.86301465862374):479.60753559247587):382.09522250565993);
(3:245.97871221207814,(2:496.78400783292227,(1:478.7142446002143,(5:389.27160730219174,4:245.16272447104507):245.16272447104507):389.32083568187795):387.7760316463825);
(3:495.29179693896833,(4:245.00733163458315,(5:388.5444314544975,(1:389.32083568187795,2:496.78400783292227):909.8301932487647):381.0260211241041):909.8362288165547);
(3:978.7137850340281,(4:382.094084083651,(2:245.00733163458315,(5:478.9321019824063,1:889.3650103735287):382.094084083651):382.094084083651):478.86301465862374);
(3:245.97871221207814,(5:381.02444296241083,(1:245.16516740859552,(4:495.93519468741755,2:382.09522250565993):496.6950510951568):382.094084083651):478.7142446002143);
(3:245.16516740859552,(4:245.16516740859552,(1:245.16516740859552,(5:245.16516740859552,2:478.93102577480215):382.094084083651):913.8986549450789):478.9321019824063);
(3:478.86301465862374,((4:382.094084083651,1:909.8301932487647):478.9321019824063,(5:474.7208300524593,2:478.93102577480215):382.0951590635758):496.3233296148625);
(3:978.7137850340281,(1:387.77579462244336,(2:387.77579462244336,(5:377.7974935512611,4:496.1396521240518):496.78400783292227):913.8969419468084):890.0997203367713);
(3:245.16516740859552,(1:237.81910354672868,(4:381.0260211241041,(5:895.9510502429757,2:381.0260211241041):245.97871221207814):496.6950510951568):382.094084083651);
(3:245.16516740859552,((5:245.16516740859552,4:382.094084083651):895.3182123051322,(1:382.094084083651,2:382.094084083651):474.7455114285477):381.17685465628875);
(3:495.93519468741755,(1:888.7109646455676,(5:910.4581698895621,(4:478.7142446002143,2:478.7142446002143):375.9327883512881):468.66245559723853):381.97086111961875);
(3:479.60753559247587,((5:478.93102577480215,1:496.78400783292227):478.93102577480215,(4:382.0951590635758,2:388.54458215552927):245.16516740859552):245.16516740859552);
(3:472.41651616566327,(5:394.43036610312737,(4:382.6779953153011,(1:0.549816,2:1.91496):1e-06):1e-06):1.2398);

Position, Posteriors1, Posteriors2, Posteriors3, Posteriors4, Posteriors5, Posteriors6, Posteriors7, Posteriors8, Posteriors9, Posteriors10, Posteriors11, Posteriors12, Posteriors13, Posteriors14, Posteriors15,
0, 0.0070717240771361566, 0.955083314686736, 0.002769503245463085, 0.00309855087113145, 0.002917259130804075, 0.003053792478790812, 0.002943951503013747, 0.002825343574269982, 0.002805152411447208, 0.0028886888338999525, 0.0028009895663532957, 0.002919515995998767, 0.0028873080101772313, 0.0030176316383020256, 0.002917274397799375,
1, 0.006609019862744443, 0.9604162659852326, 0.0024077985971353304, 0.002711293554087605, 0.0025363435234369864, 0.00267098019097534, 0.0025607541198820628, 0.0024715777573155835, 0.002451957991317164, 0.002506743695527585, 0.002446199652146714, 0.002538790849591215, 0.002502392235737926, 0.002633521604420954, 0.0025363608030259137,
2, 0.006265350131746914, 0.9632820726774471, 0.002229062614016527, 0.0025031559574952033, 0.0023348116630514926, 0.002467917811912676, 0.0023573859224827187, 0.002300910433107946, 0.0022819969713914214, 0.0023041330839004503, 0.0022744367287471524, 0.002337566597082328, 0.00229705214402527, 0.002429315572812709, 0.0023348321140274847,
3, 0.006163236684014576, 0.967553146795453, 0.0019237763453027665, 0.0021565071816729625, 0.00200661456890747, 0.0021349758415794315, 0.002025834958926167, 0.002013257221772444, 0.0019937048537032407, 0.0019721147938747134, 0.0019835695115373916, 0.0020077053917865696, 0.0019628336218639694, 0.002096104379436513, 0.002006618270861174,
4, 0.005886683455069749, 0.9719573739257604, 0.0016234841418255568, 0.0018233676249311338, 0.0016813590594041792, 0.0018071357441182517, 0.0017039844936772304, 0.0017144158912098181, 0.0016954666169868829, 0.0016459309537263129, 0.0016839956726283146, 0.0016815991179657, 0.001641201931823286, 0.001772647300181363, 0.001681354488890184,
5, 0.00566115793368275, 0.9746211833842613, 0.0014475709786814235, 0.001637754171187554, 0.001493419482957285, 0.001619885865925238, 0.0015199720882189184, 0.0015198802889076326, 0.001502489054331377, 0.0014569270983967426, 0.0014884518119826478, 0.0014936173894574407, 0.0014558931986437638, 0.001588382894204891, 0.0014934147771362592,
6, 0.005401043376128957, 0.9762997485467149, 0.0013318553460838593, 0.0015306825669314517, 0.001387482025265875, 0.001517201217143292, 0.001418076924478046, 0.0013977072413035245, 0.0013811298331960842, 0.0013514539698148414, 0.0013666901428772036, 0.0013883081570650875, 0.0013537365867307967, 0.0014874007715937245, 0.00138748371299506,
7, 0.004993600497274273, 0.9779039509547286, 0.0012352117208977917, 0.0014368392941549778, 0.0012981985844121985, 0.0014257971671680948, 0.0013288519372283024, 0.001299394729711751, 0.0012840156569665117, 0.0012638086085762928, 0.0012699027273023469, 0.001299984225849702, 0.0012655743662392017, 0.0013966597687634012, 0.0012982101790718398,
8, 0.0047425260494067265, 0.9801035365940507, 0.0010760545558001482, 0.0012814074336564938, 0.0011534732605036934, 0.001276788328553921, 0.0011838936931724314, 0.0011410600058424601, 0.001126646341898344, 0.0011206879518016646, 0.001113087040510508, 0.0011558051293997001, 0.0011224084386035338, 0.0012491348191641055, 0.0011534907778758604,
9, 0.004572380586160468, 0.9812229486591908, 0.0010004044412059597, 0.001201906946994547, 0.0010818380440036424, 0.0012025924938636127, 0.0011116582107255615, 0.001068585117969169, 0.0010548022043464088, 0.0010495702363589046, 0.0010410265691973987, 0.0010845604179660045, 0.0010504872847535568, 0.0011753795143820672, 0.0010818596885901807,
10, 0.004291026222260076, 0.9821919859627573, 0.0009460116871325127, 0.0011413607122316466, 0.0010299832730997882, 0.0011456242064720008, 0.00105712022853244, 0.0010195948733561645, 0.0010066538486464811, 0.000999010021747169, 0.000993114395929887, 0.0010333994838069493, 0.0009970000465003173, 0.0011181032736607682, 0.0010300121799224357,
11, 0.0041580902926986645, 0.9825087266576629, 0.0009317929259282953, 0.001119944139158952, 0.0010154515961108405, 0.0011282387923702108, 0.0010405982739858874, 0.0010120364480715159, 0.000999512649582434, 0.0009847261065033229, 0.000985667094901732, 0.0010192774825498678, 0.000980325779978382, 0.0011001274768928282, 0.001015484698830958,
12, 0.004078066270052453, 0.9831426979596113, 0.0008908793387976612, 0.0010699630848762752, 0.0009726617545822889, 0.0010806594992464305, 0.0009951403292613897, 0.0009759103947663383, 0.0009639770161084289, 0.0009426121440028824, 0.0009500494053501167, 0.0009767886236203473, 0.000935577267837988, 0.001052319421786909, 0.0009726979046937905,
13, 0.0040255891770267374, 0.9833797546876036, 0.0008778261961914602, 0.001054247079980878, 0.0009594753131687336, 0.001065298538138439, 0.0009805396821832826, 0.0009614202732040847, 0.0009502502360223532, 0.000929453039550253, 0.0009355724046208094, 0.0009640164548327449, 0.0009204489311044713, 0.0010365927882794938, 0.0009595156108259057,
14, 0.003925958624987503, 0.983797041458002, 0.0008524434153922737, 0.0010267917667033265, 0.0009365656112392801, 0.0010394627040422294, 0.0009560186097698987, 0.0009360616302855178, 0.0009255436971252689, 0.0009074774887634114, 0.000911096650212952, 0.0009414254044468605, 0.0008969743939153602, 0.0010105298425768657, 0.0009366091133600569,
15, 0.0038911194749381138, 0.9844356635047284, 0.0008045637494411899, 0.0009750680707721885, 0.0008921456970374658, 0.0009908942406830577, 0.0009097851475762057, 0.0008889535618743036, 0.0008790143798112482, 0.0008640579530397088, 0.0008649451813171802, 0.0008970846957668318, 0.0008523524375104245, 0.0009621622928828336, 0.00089219002584748,
16, 0.003990372353503749, 0.9855922753989598, 0.000704180177266483, 0.000867874049384395, 0.0007998027494571078, 0.0008905971686713647, 0.0008143599490286128, 0.0007913253264091949, 0.0007816031397824379, 0.0007726124010907384, 0.0007682575542306936, 0.0008040022518153056, 0.0007599363233269818, 0.0008629618678258077, 0.0007998397019766623,
17, 0.004154737744586109, 0.9860453617671309, 0.000655448845986738, 0.0008118030309799367, 0.0007541409944678992, 0.0008403566794154214, 0.0007666315399573524, 0.0007462097415088686, 0.0007365574739931671, 0.0007269917296744287, 0.0007232160077756171, 0.0007578136760801075, 0.0007134178804895866, 0.000813140717446387, 0.0007541725815591313,
18, 0.004329485536568837, 0.9861443043856511, 0.000632816849426426, 0.0007877846744022017, 0.000735664661935281, 0.0008197699717023874, 0.0007471228941716923, 0.0007220990184774068, 0.000712750632903292, 0.0007080886509693156, 0.0006988159578247301, 0.0007390957953933627, 0.0006938400008177079, 0.0007926676392578168, 0.0007356937421159458,
19, 0.0045571747360422825, 0.9864964979304298, 0.0005899985263926475, 0.0007404026134730312, 0.0006932873695832886, 0.0007741757718558586, 0.0007036449575420521, 0.0006745402181281984, 0.0006656561957401765, 0.0006654465860958603, 0.0006510837652538675, 0.0006963904710146793, 0.0006508037298620169, 0.0007475842934204989, 0.000693313243939187,
20, 0.004831470129933793, 0.9864155133184079, 0.0005768041852025502, 0.0007221498655661083, 0.0006793228474789287, 0.0007585932885050611, 0.0006888410805391666, 0.0006600898112986994, 0.000651520321293306, 0.0006507402584424505, 0.000635986636234652, 0.000682235211002851, 0.0006353808418225793, 0.0007320058208089345, 0.000679346791889304,
21, 0.004993845925605736, 0.986482262806836, 0.0005615483848185272, 0.0007025293013105534, 0.0006624130964953699, 0.0007401373842554927, 0.0006720726908061602, 0.0006411715334345634, 0.000633097945933429, 0.0006335255207102299, 0.0006168725657786743, 0.0006651939002723124, 0.0006184974544661117, 0.0007143961332588798, 0.0006624357641184121,
22, 0.005298875431069051, 0.9868508562022478, 0.0005171355525021871, 0.0006485815376468945, 0.000610823291324387, 0.0006850255293357505, 0.0006205981311913876, 0.0005884277153140805, 0.0005810064804056958, 0.0005817606882653649, 0.0005640509654611993, 0.0006131677028851562, 0.0005677946578478521, 0.0006610546923335069, 0.0006108418312904387,
23, 0.005475069976829926, 0.9871494748603997, 0.00048701215375699357, 0.000609040703929806, 0.0005744997855708064, 0.0006438150846790555, 0.0005827393269286168, 0.0005535019293734677, 0.0005468103861209689, 0.0005457381560115828, 0.0005294342966845538, 0.0005767274556744522, 0.0005309105010720471, 0.0006207083563909478, 0.0005745174352626362,
24, 0.0055733930452975125, 0.9875148630104517, 0.00045543580143657224, 0.0005700453866598753, 0.0005394763221022429, 0.0006039952655118227, 0.0005462258512568986, 0.0005182979599830136, 0.0005122566604243411, 0.0005116939241086101, 0.0004951814650641699, 0.0005416443282705407, 0.0004963051296130405, 0.0005816926059165884, 0.0005394936587270995,
25, 0.005759158310563129, 0.9874669136148782, 0.0004478396530730611, 0.0005558119848514517, 0.0005289422176810133, 0.000590561610037348, 0.0005344848201964711, 0.000509984475113172, 0.0005043724250181395, 0.00050131366878152, 0.0004870137440281396, 0.0005310689525451783, 0.0004850826459339603, 0.0005684930434218707, 0.000528959248656126,
26, 0.005997577413234756, 0.9871361994765617, 0.00045706046501269, 0.0005624424847345253, 0.0005372386364753687, 0.0005974698775247677, 0.0005420329502542673, 0.0005150960366363878, 0.0005100895085624766, 0.0005090954258077247, 0.0004917906479231303, 0.0005394487540780438, 0.0004918785560695946, 0.0005753236322948073, 0.0005372565507553731,
27, 0.006152391278714293, 0.9869541100234906, 0.00046000228104554555, 0.0005634030249323786, 0.0005407098514359588, 0.0005992909853380261, 0.0005447286516368098, 0.0005149045391224987, 0.0005104102237182744, 0.0005126394431617037, 0.0004918077800504201, 0.0005429648155179406, 0.0004947725217684144, 0.0005771367170958895, 0.0005407282790894373,
28, 0.006555182667733645, 0.9868900448540964, 0.0004353805792315312, 0.0005343280294895182, 0.0005166126323972283, 0.0005715745095001361, 0.0005195110528861119, 0.0004863600779352606, 0.00048224024979685116, 0.000488856244663057, 0.00046372742955429956, 0.0005184900885246345, 0.00047094508808188864, 0.0005501195056428357, 0.000516627408146785,
29, 0.006815275615124774, 0.9870529336956199, 0.00040507223646948004, 0.0005000182375547923, 0.00048590708282373024, 0.0005371792663598724, 0.0004887470721823831, 0.0004494327333953758, 0.00044584916746840986, 0.0004589054377257124, 0.00042775167687187824, 0.0004873958510673849, 0.00044217915729279414, 0.0005174350218668927, 0.00048591816652506805,
30, 0.0070746079913056575, 0.9869321876888549, 0.0003957579050173518, 0.0004888249936844313, 0.0004761569393208822, 0.000525274747475896, 0.0004786576025232047, 0.0004367763043196749, 0.00043346371150072637, 0.0004495827172512794, 0.00041565613111870653, 0.00047747799296275626, 0.0004331572254475858, 0.0005062521071262969, 0.0004761663593278975,
31, 0.007569980808365125, 0.9870364658418473, 0.000355637251799003, 0.0004423060334916931, 0.00043036139395798785, 0.0004749494151980621, 0.0004324022517695444, 0.00038902920990600636, 0.00038601222189022297, 0.0004048579781800522, 0.00036907435573933724, 0.0004311667169469134, 0.00038970387728908586, 0.00045768720263701613, 0.0004303658603000199,
32, 0.008393080611234767, 0.9872379580663921, 0.00028479162619301287, 0.00036133905121924056, 0.0003520311103990887, 0.0003898052338544042, 0.00035361306803615816, 0.0003086598547567174, 0.00030581205537996914, 0.0003280068308695655, 0.00029030727078633385, 0.0003518389240817652, 0.0003152763913417288, 0.00037545440605469876, 0.0003520259183955234,
33, 0.008884919425837535, 0.9875737746091634, 0.0002294116220307918, 0.00029675523910593834, 0.0002872089878496324, 0.00032015507317715224, 0.000289304629204115, 0.0002447247150025811, 0.0002421040476487403, 0.0002653823607651855, 0.00022852003045670076, 0.00028641005564037725, 0.00025563414476389756, 0.00030849738537898423, 0.000287198091209205,
34, 0.009177025599088591, 0.9878861291492863, 0.00018964213843345327, 0.00024837101109617026, 0.00023991846812764417, 0.00026726526767306187, 0.00024105118178985023, 0.00019982508929922708, 0.00019759041955750157, 0.00022019727955271766, 0.00018556378652687897, 0.00023886429026556984, 0.0002113585156768783, 0.000257292830738993, 0.00023990538630260503,
35, 0.00961182701986196, 0.9877751031198778, 0.00016978080987335397, 0.0002213675812401865, 0.0002142506039759952, 0.0002379908877996324, 0.00021457994986472012, 0.00017728846239994033, 0.00017528617765482323, 0.00019548726561066177, 0.00016387997039883385, 0.00021295924225121717, 0.00018698656827941112, 0.00022897741917287393, 0.00021423533661870886,
36, 0.009989355077887275, 0.9875386139961355, 0.00015919844042327076, 0.0002092297098670318, 0.00020387816642110466, 0.00022588587101444907, 0.00020387376647975882, 0.00016599610257076348, 0.0001640938246507288, 0.00018563581440840098, 0.0001531583551160185, 0.00020250538470090144, 0.00017734449883894448, 0.00021736923683792983, 0.00020386216702910465,
37, 0.01024693339708322, 0.9874838475922678, 0.00014331431503786124, 0.00019174417272615552, 0.00018872405747229199, 0.00020880125452601446, 0.00018842314127600596, 0.00014999217622705546, 0.00014814780602073543, 0.0001714518905483142, 0.00013811857997526536, 0.00018725141814369395, 0.0001636636385018243, 0.0002008798132334432, 0.00018870715959989226,
38, 0.010384490802822987, 0.9875684832455405, 0.00012680610049134547, 0.00017306846968329949, 0.00017140743540638222, 0.0001898899441365958, 0.00017119202593120943, 0.00013298951459977934, 0.00013122144864426106, 0.00015548245430664273, 0.00012234753621941856, 0.00016989953784762334, 0.00014863386760676148, 0.00018269771020897654, 0.0001713903192378321,
39, 0.010427747518615875, 0.9877417486215044, 0.00011091520311101448, 0.00015562413779141387, 0.00015444250979743988, 0.0001716520493482826, 0.00015484923178537676, 0.00011553753221288466, 0.00011393984266614663, 0.00013994920479765434, 0.00010624176614341408, 0.0001529572147296005, 0.00013445731006869784, 0.00016551249809588754, 0.00015442577036826188,
40, 0.010490129059923118, 0.9877517371265934, 0.0001053929374145994, 0.00015010439615865666, 0.00014864822908266278, 0.0001653856450226464, 0.0001494625534259167, 0.00010944038932342239, 0.00010787778768975354, 0.0001349920232419112, 0.00010091775666449843, 0.00014719366356686104, 0.00013030758123533327, 0.00015977943842766774, 0.00014863182301387562,
41, 0.010474731625050335, 0.9878631721088228, 9.905273161210364e-05, 0.0001433633850261599, 0.000140974033102552, 0.0001568018405649426, 0.00014136451316192772, 0.00010223444821013217, 0.00010071071241017128, 0.00012808112529689942, 9.439713728467291e-05, 0.00013957670156871716, 0.00012339066185736597, 0.0001511910972487681, 0.00014095828480625562,
42, 0.01037462655204065, 0.98806146833039, 9.285238400334236e-05, 0.00013727755428157837, 0.0001333381696704122, 0.000148392023055696, 0.00013316023657834367, 9.444424599907118e-05, 9.302636944611156e-05, 0.00012080955616787386, 8.698442509293375e-05, 0.00013204695038227605, 0.00011568550697663105, 0.00014256455764726007, 0.0001333235474209556,
43, 0.0102583954799047, 0.9881717366434555, 9.163845487439436e-05, 0.00013961732687390574, 0.00013469226753500628, 0.00014986615320426564, 0.00013416749346329811, 9.262552323200995e-05, 9.122898906726086e-05, 0.00012221208579162585, 8.536733186243983e-05, 0.00013354230365380585, 0.00011660824800173821, 0.0001436230494081392, 0.0001346790591735816,
44, 0.010166430599619079, 0.9881388525508898, 9.84820355477704e-05, 0.00015249003345853932, 0.0001455508854619479, 0.0001614331309548792, 0.00014441127859735016, 9.930067489109527e-05, 9.781500405127712e-05, 0.00013274177917501118, 9.194579159662867e-05, 0.00014457430279745333, 0.00012614355192120167, 0.00015428948038447498, 0.0001455393076719801,
45, 0.010119173299647044, 0.9878871579313738, 0.00011714251227667994, 0.0001801897725511058, 0.000170634565787941, 0.00018793560017671035, 0.00016840566604247638, 0.00011811640907696121, 0.00011647821060400469, 0.00015673871299574327, 0.00011011699625847261, 0.0001698866734895119, 0.00014823386498119905, 0.00017916513743785012, 0.0001706250536855678,
46, 0.010146677790294536, 0.9877215237549402, 0.00012472154501285608, 0.00019361571231515216, 0.00018266263404736758, 0.00020080942334942285, 0.0001796644418929922, 0.0001262080540657689, 0.00012441627556841764, 0.00016801555733965298, 0.00011777199146903717, 0.0001820227528614375, 0.00015827151856408802, 0.00019096489863742243, 0.00018265405604036533,
47, 0.010092568016691594, 0.987666400563861, 0.00013083640942281562, 0.00020503118560938127, 0.00019186970776124257, 0.00021107989839540522, 0.00018844571851023298, 0.00013251897194895655, 0.0001305842162543787, 0.00017686538603345909, 0.00012391186831738302, 0.00019138550516074507, 0.00016632124602258713, 0.00020031913296227722, 0.0001918625802514064,
48, 0.01014691873287044, 0.9873116204211625, 0.00015009685989046426, 0.0002324499508241916, 0.00021650873259195058, 0.00023771086949599384, 0.00021228591552043325, 0.0001524979813937733, 0.00015028484589603934, 0.00020031302536902758, 0.0001431008224471256, 0.00021616910946227727, 0.0001882252326173852, 0.00022531510820001367, 0.0002165027988178755,
49, 0.010244165490709816, 0.9870659617101564, 0.00015934923913982096, 0.0002475055499870915, 0.0002287666485084355, 0.0002513850527849886, 0.0002239760980737458, 0.00016186323079551783, 0.00015946516068873287, 0.00021181567099299263, 0.0001519734915401343, 0.0002285400663564611, 0.00019864973123460424, 0.000237821663644523, 0.00022876160364680134,
50, 0.01025650733441949, 0.9869561471599152, 0.00016534192368481277, 0.0002589746928102436, 0.00023685584415963565, 0.0002606932887176618, 0.0002319538571022907, 0.00016695607193443958, 0.0001644714152741548, 0.00021945154567815927, 0.00015682903427197617, 0.00023676533801910237, 0.00020573643478861734, 0.00024646448801912745, 0.00023685198034909512,
51, 0.010354100448675827, 0.9865514625353698, 0.00018602607711019269, 0.000288371421380148, 0.00026172010251838924, 0.00028783034932405193, 0.0002563897191929499, 0.0001870146993904886, 0.0001843370539842713, 0.00024302177282791083, 0.00017602341028370683, 0.0002617981715812209, 0.0002279780420361955, 0.0002722090422405875, 0.000261717564176282,
52, 0.010367892236192652, 0.9862407150041652, 0.00020438778027259206, 0.00031655769693920527, 0.0002860042575456417, 0.0003154235944649092, 0.000280941692013683, 0.000205387249673113, 0.00020248555284441648, 0.00026587865609422576, 0.00019345686345647591, 0.00028627895386662593, 0.00025003986834992747, 0.0002985476303167753, 0.00028600337229320907,
53, 0.010374664981114962, 0.9856836205430629, 0.00023967830326885643, 0.00037045850423600597, 0.0003315998056302068, 0.00036679616567219993, 0.00032721846614248507, 0.00023669434540066038, 0.00023371737217135953, 0.0003089078886704772, 0.00022319263185074527, 0.0003323454576643394, 0.00029166192481717583, 0.00034784086227495335, 0.0003316031569056076,
54, 0.010468119274903497, 0.9852629440142732, 0.00025920547986248415, 0.00040357784023422515, 0.0003593553113336973, 0.0003987369434692994, 0.00035555647698009917, 0.0002536738210508573, 0.0002505575668790553, 0.00033465522622405, 0.00023895203438443745, 0.00036032501385277265, 0.0003165960022666386, 0.00037838484743154405, 0.0003593605509522447,
55, 0.010682591539522227, 0.9843401281666305, 0.00030493280674788, 0.00047029790526870245, 0.000417979772335914, 0.0004645016426992808, 0.00041472278237279856, 0.0002961189480929788, 0.0002927100422971816, 0.00038929667052156917, 0.00027878086652138547, 0.0004192565627671051, 0.0003692852398157003, 0.00044141007413100607, 0.0004179873848627815,
56, 0.011215780831252523, 0.9835654235789277, 0.00031816208488888936, 0.0004946483973937052, 0.00043910020800286064, 0.0004894312707236725, 0.0004362147569713143, 0.0003081993736349378, 0.0003044363776849888, 0.0004078483298977593, 0.0002891803872105319, 0.00044024572744493336, 0.00038714800547716476, 0.0004650750040168081, 0.0004391060680783786,
57, 0.01156910814906291, 0.9828947792300741, 0.00033691784513124054, 0.0005245557150512889, 0.00046670514251182264, 0.0005191263604408206, 0.00046269568522594635, 0.00032671985014135824, 0.0003227077467250765, 0.00043299875136690725, 0.00030607447458024667, 0.0004678782685043276, 0.0004100454290106283, 0.0004929769070644121, 0.00046671084781007156,
58, 0.012118939985232618, 0.9822553847946999, 0.0003391368967474208, 0.0005344492112840207, 0.0004762082708712909, 0.0005297231291531626, 0.0004712023747273881, 0.0003296409072051383, 0.0003253293459884791, 0.0004405242174247824, 0.00030769405594081395, 0.00047723177837154327, 0.00041595952975829743, 0.0005023637578670261, 0.0004762121456386519,
59, 0.01302702934118024, 0.9809388413407788, 0.0003633885769595934, 0.000570856259637359, 0.0005116802147222336, 0.0005677519410474054, 0.0005049575380223589, 0.00035532379954410914, 0.00035049498128895653, 0.0004722043400254991, 0.00033069883199706536, 0.0005124828336126366, 0.00044461620036130166, 0.0005379929833556736, 0.0005116812135301089,
60, 0.013587774367904608, 0.9798890213092541, 0.0003951647814034233, 0.0006164288955319405, 0.0005536530510669229, 0.0006120177430220899, 0.0005431920182759829, 0.0003876968758136735, 0.0003823500232413471, 0.0005097815572559402, 0.00035985645839428047, 0.0005544361865150248, 0.00047681934439947787, 0.0005781545517476413, 0.0005536532342604768,
61, 0.013943811207264985, 0.9788721424508704, 0.00043913578344898337, 0.0006757126324704423, 0.0006101134537565398, 0.000668849006532412, 0.0005934616374104229, 0.00043368822600295046, 0.000427951016054606, 0.0005615360811860013, 0.0004022790990057398, 0.0006111801544090346, 0.000520390380471158, 0.0006296334455495423, 0.0006101158240504282,
62, 0.014156771364993966, 0.9779977515145565, 0.00048050112356615214, 0.000734720310634269, 0.0006673746025421697, 0.0007263053459373575, 0.0006443395121078576, 0.0004781913619754056, 0.0004719975846658503, 0.0006148538939375051, 0.0004438754781962781, 0.000668796661610637, 0.0005655490059496044, 0.0006815927525662957, 0.0006673798846093613,
63, 0.014464909680326057, 0.9763567213647749, 0.0005688880030275822, 0.0008492032223599645, 0.0007798386000475202, 0.000839502780656627, 0.000745816688574146, 0.000573107574012384, 0.0005662375322167996, 0.000719839557492821, 0.0005328743922947001, 0.000781952410348613, 0.0006561159363192196, 0.0007851430177970759, 0.0007798496372068163,
64, 0.015125598576577559, 0.9730912428012726, 0.000748019958524785, 0.0010656188175657431, 0.0009962873667200903, 0.0010568282329230176, 0.0009414229698922918, 0.0007680537058902422, 0.0007597550968469865, 0.0009212242626322484, 0.0007151600069478277, 0.0009992053403674581, 0.0008306862730969761, 0.0009845930077094006, 0.0009963039820776872,
65, 0.016117339630686896, 0.970018693607419, 0.0008953894903836416, 0.0012432277429263404, 0.0011687098964502833, 0.001230249013750253, 0.0010965083406555007, 0.0009236268250204426, 0.0009140713963525551, 0.00108064064136008, 0.0008597569799869772, 0.001172228787686279, 0.0009678529276362713, 0.001142974541209508, 0.0011687305787807572,
66, 0.01671680956248201, 0.9675254356597172, 0.001031048956644228, 0.0014098092565074938, 0.0013254581857679577, 0.0013883075372032375, 0.0012399037962003755, 0.0010599460935124586, 0.0010497367542056293, 0.0012264057254898415, 0.0009871190175956242, 0.0013297372114629922, 0.001095481155592817, 0.001289316657997237, 0.0013254848316394164,
67, 0.01712124071367465, 0.9655800884945938, 0.0011359841709311976, 0.0015437344080426812, 0.0014544874965960058, 0.0015177103365535763, 0.0013571527274848364, 0.001169238558612325, 0.001158091673791912, 0.001347711356450477, 0.0010902416415821206, 0.0014591991764486426, 0.0012018989307879008, 0.0014087036738779375, 0.0014545170429407837,
68, 0.017345699476765654, 0.9637915157394424, 0.0012374858461442185, 0.001678499644548696, 0.001586724525314714, 0.0016496784738585354, 0.0014769911916617383, 0.0012777208298845122, 0.001265507311237435, 0.0014739421794521122, 0.001194042325892674, 0.0015920300238591984, 0.0013131140599434263, 0.0015302901222331098, 0.0015867586532124483,
69, 0.017441977993520562, 0.9624178805554245, 0.0013158124849159195, 0.001786920273784843, 0.0016957528975116043, 0.0017581742818118748, 0.0015752323589534446, 0.0013651799898587453, 0.001351830262594855, 0.001579292074354874, 0.0012787124950033972, 0.001701494234517423, 0.0014061368009962172, 0.0016298135101758926, 0.0016957901905465987,
70, 0.017634270303971886, 0.9614525001270829, 0.0013612022182925777, 0.0018562259729446619, 0.0017632871684417288, 0.0018246516338449481, 0.001634388369432416, 0.001415546140009445, 0.001401368713793419, 0.0016445731555193891, 0.0013274817091346789, 0.0017692699033646567, 0.0014622149880312942, 0.0016896941870588426, 0.0017633258131263825,
71, 0.018012232495304228, 0.9607103164101917, 0.0013768261533786614, 0.0018896960790716361, 0.0017978646971675539, 0.0018579724164351664, 0.0016625127507854328, 0.0014371335652965968, 0.0014220228642318523, 0.0016773344391014025, 0.0013478452608874955, 0.001803691034291296, 0.0014884385492519166, 0.0017182127710673747, 0.0017979009198928542,
72, 0.018702202343763737, 0.9589567751243567, 0.0014420501121993525, 0.001978276986255513, 0.0018892992285496695, 0.0019479108832474669, 0.0017429328156518132, 0.0015128775809080312, 0.0014963152556780107, 0.0017641388325315883, 0.0014198965902249392, 0.0018948214249858658, 0.0015634489437740097, 0.0017997234664820323, 0.001889330817628081,
73, 0.020220035067486732, 0.9572797709490893, 0.0014416027667069169, 0.001990467808759219, 0.0019084032560242215, 0.0019642114739869755, 0.0017542997763247263, 0.0015231800451918171, 0.0015049351578974243, 0.0017801039942371005, 0.001427825708606197, 0.001912775105346832, 0.0015727781309419799, 0.0018111889630894411, 0.0019084222003029044,
74, 0.022146489254950608, 0.9544015547189018, 0.0014986182737780098, 0.0020632252072269085, 0.00199130247334215, 0.0020432931299059955, 0.0018238953704366166, 0.0015976946071971643, 0.0015772374469117494, 0.0018565812973662121, 0.0014969284451899268, 0.001994412022971956, 0.0016361631732162917, 0.0018812980721098981, 0.0019913069127872173,
75, 0.02531839845595008, 0.9490244016882499, 0.0016448600793340683, 0.002228876733121255, 0.0021757455762397436, 0.0022214168900095733, 0.001984243974124372, 0.0017773390907934025, 0.0017530853553441017, 0.0020281168786749197, 0.00166498651091948, 0.0021767279241346376, 0.0017831744276058635, 0.0020429015683221287, 0.0021757252516941866,
76, 0.028825826176755612, 0.9443957055642366, 0.001722599345734565, 0.0023128400753211036, 0.0022701148716335277, 0.0023094743516725636, 0.002060593883215816, 0.0018757669772767468, 0.001848740896192235, 0.0021134604934059382, 0.0017551801643390214, 0.0022693163749566312, 0.001850971595841364, 0.002119334985570382, 0.0022700746480403015,
77, 0.031205484882626606, 0.9402557441987126, 0.001846723941873927, 0.0024421187852344513, 0.0024166494098489815, 0.0024412527933552475, 0.002179707411472941, 0.0020309549023685924, 0.0020014130659599225, 0.0022508000685100217, 0.0019014976097364604, 0.0024147702218106945, 0.001960817512736599, 0.002235469505352826, 0.002416596094312403,
78, 0.032931439663955266, 0.9371478200553721, 0.0019369963579542724, 0.0025395495719569123, 0.0025337757343117827, 0.0025443848914943703, 0.002272552861059336, 0.0021531879468284954, 0.002120937726067963, 0.0023622873787373933, 0.0020182633567251895, 0.0025306435601978694, 0.0020493270340982547, 0.0023251263949743755, 0.0025337078713627676,
79, 0.03410267352279849, 0.9348977591588145, 0.002000730774119544, 0.0026112277517351527, 0.002626626522463395, 0.0026284491319974027, 0.0023468436561248345, 0.002248300129886761, 0.0022133684380373736, 0.002449628364893712, 0.0021082185830767516, 0.0026221669250638163, 0.00211927185383719, 0.0023981915449783455, 0.002626544048777413,
80, 0.035696398721683675, 0.9326787766031989, 0.0020366349504376846, 0.002650702403464739, 0.0026817223872021554, 0.002675612719559199, 0.0023859719037064298, 0.0023087627842749005, 0.0022714468830275355, 0.0025003427232190203, 0.002164471807326386, 0.0026760696637672327, 0.0021554748983425, 0.002435984832815509, 0.0026816271233468555,
81, 0.037538860123366075, 0.9308250592259272, 0.002034321517211924, 0.0026444578984797075, 0.002685582015559874, 0.0026724620360482833, 0.0023773693067668904, 0.0023237054656078736, 0.002284473957379906, 0.0025013248310765575, 0.0021764455518860936, 0.0026788879562112265, 0.0021457913550490927, 0.002425783097165224, 0.0026854760677308244,
82, 0.03872587955665676, 0.9296519756116822, 0.002032322339686347, 0.00264024134827172, 0.002686811403158517, 0.0026670486044973354, 0.002369208576102192, 0.0023318347948432664, 0.0022913187376807347, 0.002500926568912589, 0.00218291640517271, 0.0026793077195650457, 0.002137680888189847, 0.002415830547931406, 0.002686697303330197,
83, 0.04059321086489854, 0.9283429050498253, 0.0019915822805883407, 0.0025965829822265957, 0.002645266878313904, 0.0026183240846652926, 0.0023193866855489094, 0.0022963223945863124, 0.002254680255338905, 0.002459055592766333, 0.0021469589272675067, 0.002636830364367141, 0.002089936453479958, 0.002363814336796789, 0.002645143257051083,
84, 0.043153650159813775, 0.9271708199662257, 0.0018934815792187555, 0.0024914326036883302, 0.002537704279465923, 0.0025019268618831, 0.0022047765290614967, 0.002197101356465527, 0.00215460021291777, 0.002353126859424796, 0.0020490559794140682, 0.002528091375785128, 0.0019806040980227136, 0.002246059818776246, 0.002537568726986041,
85, 0.0458309072437839, 0.9251641900933383, 0.0018465660900466188, 0.0024520654303449114, 0.002491545288170487, 0.0024487606070004776, 0.0021499057944968075, 0.00213744301631052, 0.0020947644885660247, 0.002306152124078873, 0.0019890720885863715, 0.00248120028639085, 0.0019268706274117942, 0.0021891552493151496, 0.0024914019809383764,
86, 0.047592034643593295, 0.9237904101724866, 0.0018195576062254855, 0.0024280604683659095, 0.002466070970044938, 0.0024197382633438127, 0.0021174036016359584, 0.002105180118316039, 0.002062673689548672, 0.002277160258272712, 0.001953751316201679, 0.0024555039392033184, 0.001890533835977864, 0.0021559965752559543, 0.0024659249498492058,
87, 0.0504993018734393, 0.920625497711735, 0.001842629220006455, 0.0024509943957838833, 0.0024918808057242145, 0.0024396917221089663, 0.0021297169899134605, 0.00213026166419961, 0.0020872889424911885, 0.0022956859112444523, 0.0019721247289879386, 0.002480599498326704, 0.0018949303573379845, 0.0021676702269854357, 0.0024917263587222517,
88, 0.052574030895454725, 0.9183569658727947, 0.0018554283730318247, 0.0024667756569658836, 0.002513313858041061, 0.002455137578886429, 0.002138387921450107, 0.002148515426553011, 0.0021047842681176984, 0.002312147621368737, 0.0019857990638072935, 0.0025012577187722234, 0.0018988862626697237, 0.0021754194113838294, 0.002513150478461251,
89, 0.05388617898401619, 0.9167985369246865, 0.0018758713483343899, 0.0024883079494005837, 0.0025352813392664425, 0.0024731222634588467, 0.00215001386981858, 0.00217295929018889, 0.002128459578048354, 0.0023313134433026075, 0.0020073182067987146, 0.002522763522433787, 0.0019081567255984277, 0.002186604575205736, 0.0025351123894054536,
90, 0.05617832223954838, 0.9134184377690443, 0.0019619338742522673, 0.0025712618805380566, 0.0026239107994886395, 0.0025544729716994834, 0.0022190106656362666, 0.0022734004049013187, 0.0022271282134201974, 0.002412712504689311, 0.00210015314657752, 0.0026102691245817764, 0.0019701363410833976, 0.002255121915650551, 0.0026237285589622563,
91, 0.05765653101329044, 0.9107401682760109, 0.0020558164584805723, 0.0026566935302190743, 0.002720069233819226, 0.002646659481908918, 0.002297166091349404, 0.00238794548045194, 0.002340460964613036, 0.002498724845353813, 0.002203846458351595, 0.002705890404214276, 0.002036127954161372, 0.00233402067196884, 0.00271987954924435,
92, 0.058546204944634445, 0.9087243031037818, 0.0021457872294981116, 0.0027413877352658322, 0.0028101898098147316, 0.0027332319750302714, 0.0023728154379732596, 0.0024898714638744005, 0.0024418108155890767, 0.00258038152600976, 0.0022969086984778397, 0.00279568083185211, 0.00210125828821335, 0.0024101735219304236, 0.002809995030979248,
93, 0.059104709015810386, 0.9071813273529269, 0.0022203228143061146, 0.002812998043010128, 0.0028896708760288666, 0.0028089494229835057, 0.002438712398717334, 0.002579100878126711, 0.002530258053788934, 0.002653848994136789, 0.0023796543162874968, 0.0028748158727797436, 0.002159948301839829, 0.002476213063363239, 0.002889471008862172,
94, 0.05942562403292183, 0.906184780204651, 0.002265980622721419, 0.0028577368061074413, 0.0029452088382693935, 0.002864862397823814, 0.0024858589804299565, 0.002640406500047285, 0.0025905102751810453, 0.00270367264674887, 0.00243508931981693, 0.002929676599294396, 0.002200518409242669, 0.0025250736576516485, 0.0029450011229217197,
95, 0.05947791657725406, 0.9055476103386032, 0.0023069835606173076, 0.002898935855853664, 0.002993038547133459, 0.002913197738842424, 0.0025279735421343567, 0.0026905083156434444, 0.0026401226420940758, 0.002747110966456205, 0.002480761943291931, 0.0029770313657548515, 0.0022373592484963224, 0.002568624489992048, 0.0029928252810473457,
96, 0.0596036056641415, 0.9052573902118769, 0.0023154557015504815, 0.002901909962298778, 0.0030068889259244804, 0.002927669647583629, 0.002538433144856554, 0.0027101417432950485, 0.0026599641642132857, 0.002758595731421005, 0.0024976998212200884, 0.0029908886421844564, 0.002244597638508962, 0.0025800841636016893, 0.0030066752495293125,
97, 0.059484748910641774, 0.9050181271697094, 0.0023393823685140414, 0.00291640663613709, 0.003036773547079801, 0.002951557159017875, 0.0025590983166751662, 0.0027507603933578685, 0.002701156771866903, 0.0027866751158405994, 0.002535851122038001, 0.003021143217798309, 0.0022626042183575596, 0.002599152217662699, 0.0030365632442445464,
98, 0.05909998697843449, 0.9051038580243499, 0.002360742724846449, 0.002929347779797691, 0.0030615669559279067, 0.0029704646981543654, 0.0025768884687835327, 0.002783134453432154, 0.002734619852610365, 0.0028107378420043298, 0.002566924789814661, 0.0030464911194626417, 0.0022787485295845404, 0.002615126097060119, 0.003061362093826473,
99, 0.058293410770232194, 0.9053356316381919, 0.00240596797378235, 0.0029648240783443614, 0.003105382436208054, 0.0030089691353348933, 0.002613135088943878, 0.00284026249722328, 0.0027929962402805457, 0.0028551361901488245, 0.0026236420076809672, 0.00309137140914242, 0.0023143425900112244, 0.0026497401542248385, 0.003105188203526872,
100, 0.057915050605754886, 0.9058083289278008, 0.002400869709435038, 0.0029460760096599254, 0.003095842419452919, 0.0029952423687659127, 0.0026007043739347956, 0.0028451169267083585, 0.002798817662785795, 0.0028473802617513064, 0.0026292676439841314, 0.0030823869744386195, 0.002303657075673308, 0.0026356053633423723, 0.003095654090812589,
101, 0.05713407555862629, 0.9064593034937997, 0.0024160240287014936, 0.002946164721880192, 0.00310104350344611, 0.002997055864053706, 0.0026030070867075835, 0.002870500098630917, 0.0028252570202721696, 0.002855945686113047, 0.002656590208476149, 0.0030885976196946764, 0.0023091568173290054, 0.002636412950131479, 0.0031008657577491034,
102, 0.055851056751517844, 0.9073172149375928, 0.002452854012311104, 0.002962012391674375, 0.0031280479439210946, 0.0030229616584036842, 0.0026268680871345358, 0.002926171426297166, 0.002882530957630694, 0.0028833661032486753, 0.0027109937836639953, 0.0031171670754961234, 0.0023310514293308224, 0.002659817626758677, 0.0031278862307058722,
103, 0.054473964019343346, 0.9075374980180436, 0.002522034689552712, 0.003033407154051139, 0.0032198150773423773, 0.003114803611862824, 0.0027110644913297087, 0.0030286440432753577, 0.0029859255139007895, 0.0029746967475606876, 0.0028117561495020395, 0.0032112970361055414, 0.0024107545123347573, 0.002744662640191629, 0.0032196767097354296,
104, 0.053222766364551394, 0.9067501846865788, 0.0026534850911946297, 0.003171020848479141, 0.003378318447911433, 0.003272756440340876, 0.0028548997983430737, 0.00321287946148842, 0.0031701916410323103, 0.003131957545680134, 0.0029928535975710523, 0.003372999116577041, 0.0025477044313749982, 0.0028897723632614275, 0.0033782105838222427,
105, 0.05135406834490356, 0.9061790819390841, 0.0028042877689535392, 0.0033342412994711956, 0.003569859555471709, 0.0034615427777372134, 0.0030270871388884332, 0.0034308363577044594, 0.0033878038051868347, 0.00332485573479592, 0.0032100565355268943, 0.003568384434183797, 0.0027156267888717176, 0.003062479507087752, 0.0035697884336480094,
106, 0.04978692319224025, 0.9039107525159027, 0.0030557540000907056, 0.0035856346943845332, 0.0038668076596967715, 0.003752442163520743, 0.003293324184822814, 0.0037858294156196915, 0.0037423256782512966, 0.003620626563753067, 0.003560800997725842, 0.00387008107252251, 0.0029728815637275643, 0.0033290356017866224, 0.0038667811122940514,
107, 0.048667190234079546, 0.9024450034855654, 0.0032312704452611323, 0.003754591670359039, 0.0040630492570610625, 0.003945363557284089, 0.003468636846668538, 0.004033288179574175, 0.003989658985339094, 0.0038166332478372293, 0.0038053787199108747, 0.004070126046565399, 0.0031420858296878347, 0.0035046648129401247, 0.004063059098128736,
