Optimize time:9.20616784963343
Begin Prob:-13632.24864197997
End Prob:-13626.660344888012
Substitution parameters:[0.2667925072849669, 0.19521393462088016, 0.2178852468451363, 0.3201083112490165, 9.987477865905266]
Trees:
(1:999.9999215812713,((4:999.9999215812713,2:999.9999215812713):999.9999215812713,(3:999.9999215812713,5:999.9999215812713):999.9999215812713):999.9999215812713);
(1:999.9999215812713,(5:999.9999215812713,(3:999.9999215812713,(4:999.9999215812713,2:999.9999215812713):999.9999215812713):999.9999215812713):999.9999215812713);
(1:999.9999215812713,(2:999.9999215812713,(4:999.9999215812713,(3:999.9999215812713,5:999.9999215812713):999.9999215812713):999.9999215812713):999.9999215812713);
(1:999.9999215812713,((2:999.9999215812713,5:999.9999215812713):999.9999215812713,(3:999.9999215812713,4:999.9999215812713):999.9999215812713):999.9999215812713);
(1:999.9999215812713,(2:999.9999215812713,(5:999.9999215812713,(3:999.9999215812713,4:999.9999215812713):999.9999215812713):999.9999215812713):999.9999215812713);
(1:999.9999215812713,(3:999.9999215812713,(2:999.9999215812713,(4:999.9999215812713,5:999.9999215812713):999.9999215812713):999.9999215812713):999.9999215812713);
(1:999.9999215812713,(3:999.9999215812713,(5:999.9999215812713,(4:999.9999215812713,2:999.9999215812713):999.9999215812713):999.9999215812713):999.9999215812713);
((2:999.9999215812713,(3:999.9999215812713,4:999.9999215812713):999.9999215812713):999.9999215812713,(1:999.9999215812713,5:999.9999215812713):999.9999215812713);
(1:999.9999215812713,(4:999.9999215812713,(2:999.9999215812713,(3:999.9999215812713,5:999.9999215812713):999.9999215812713):999.9999215812713):999.9999215812713);
(1:999.9999215812713,(4:999.9999215812713,(5:999.9999215812713,(3:999.9999215812713,2:999.9999215812713):999.9999215812713):999.9999215812713):999.9999215812713);
((4:999.9999215812713,(3:999.9999215812713,2:999.9999215812713):999.9999215812713):999.9999215812713,(1:999.9999215812713,5:999.9999215812713):999.9999215812713);
(1:999.9999215812713,(4:999.9999215812713,(3:999.9999215812713,(2:999.9999215812713,5:999.9999215812713):999.9999215812713):999.9999215812713):999.9999215812713);
(1:999.9999215812713,((3:999.9999215812713,2:999.9999215812713):999.9999215812713,(4:999.9999215812713,5:999.9999215812713):999.9999215812713):999.9999215812713);
(1:999.9999215812713,(2:999.9999215812713,(3:999.9999215812713,(4:999.9999215812713,5:999.9999215812713):999.9999215812713):999.9999215812713):999.9999215812713);
(1:541.7700598719684,(3:708.207956771884,(4:513.1996752455478,(2:0.800914,5:2.26489):1e-06):0.279702):1.31308);

Position, Posteriors1, Posteriors2, Posteriors3, Posteriors4, Posteriors5, Posteriors6, Posteriors7, Posteriors8, Posteriors9, Posteriors10, Posteriors11, Posteriors12, Posteriors13, Posteriors14, Posteriors15,
0, 0.00017747909834230207, 0.00017747909834230207, 0.0001774790983571524, 0.00017747909835908937, 0.00017747909834230207, 0.00017747909835682954, 0.0001774790983571524, 0.0001774790983571524, 0.0001774790983571524, 0.00017747909834230207, 0.0001774790983571524, 0.8988275831135121, 0.03517457320641861, 0.040120916709582316, 0.023924657386961742,
1, 0.000172933554973231, 0.000172933554973231, 0.00017293355498770096, 0.00017293355498958834, 0.000172933554973231, 0.0001729335549873864, 0.00017293355498770096, 0.00017293355498770096, 0.00017293355498770096, 0.000172933554973231, 0.00017293355498770096, 0.898886308892027, 0.03517179643194377, 0.040118461940304585, 0.02392116412837613,
2, 0.00016739683340059685, 0.00016739683340059685, 0.00016739683341521251, 0.00016739683341764845, 0.00016739683340059685, 0.00016739683341490802, 0.00016739683341521251, 0.00016739683341521251, 0.00016739683341521251, 0.00016739683340059685, 0.00016739683341551699, 0.8989550993128644, 0.03516930610233503, 0.040116344247634377, 0.02391788566760388,
3, 0.00016291455413811664, 0.00016291455413811664, 0.0001629145541526373, 0.00016291455415471168, 0.00016291455413811664, 0.00016291455415234096, 0.0001629145541526373, 0.0001629145541526373, 0.0001629145541526373, 0.00016291455413811664, 0.0001629145541526373, 0.8990150856896584, 0.03516584591473594, 0.040113177515075114, 0.02391383128399822,
4, 0.00015911347039722755, 0.00015911347039722755, 0.0001591134704114094, 0.0001591134704134354, 0.00015911347039722755, 0.00015911347041111998, 0.0001591134704114094, 0.0001591134704114094, 0.0001591134704114094, 0.00015911347039722755, 0.0001591134704114094, 0.899069964949617, 0.03516156238450764, 0.04010913513732652, 0.023909089852414724,
5, 0.000156281569254439, 0.000156281569254439, 0.00015628156926836845, 0.00015628156927035837, 0.000156281569254439, 0.00015628156926808417, 0.00015628156926836845, 0.00015628156926836845, 0.00015628156926836845, 0.000156281569254439, 0.00015628156926836845, 0.8991134794771772, 0.035157511045521554, 0.040105291716881326, 0.023904620996835185,
6, 0.00015284577984939896, 0.00015284577984939896, 0.0001528457798633002, 0.00015284577986496834, 0.00015284577984939896, 0.00015284577986274416, 0.0001528457798633002, 0.0001528457798633002, 0.0001528457798633002, 0.00015284577984939896, 0.0001528457798633002, 0.8991632218884532, 0.0351536171519344, 0.04010163550391563, 0.023900222374942534,
7, 0.00014883734967641833, 0.00014883734967641833, 0.00014883734968995502, 0.00014883734969157943, 0.00014883734967641833, 0.00014883734968941355, 0.00014883734968995502, 0.00014883734968995502, 0.00014883734968995502, 0.00014883734967641833, 0.00014883734968995502, 0.8992183844584545, 0.035150036214237526, 0.04009832491731352, 0.023896044062747524,
8, 0.00014410388914380654, 0.00014410388914380654, 0.00014410388915717483, 0.00014410388915874758, 0.00014410388914380654, 0.0001441038891569127, 0.00014410388915717483, 0.00014410388915717483, 0.00014410388915717483, 0.00014410388914380654, 0.00014410388915717483, 0.8992806346438791, 0.035146773073930986, 0.04009537157429128, 0.023892078424975087,
9, 0.00013901160309712134, 0.00013901160309712134, 0.00013901160311001725, 0.00013901160311204013, 0.00013901160309712134, 0.0001390116031097644, 0.00013901160311001725, 0.00013901160311001725, 0.00013901160311001725, 0.00013901160309712134, 0.00013901160311027011, 0.8993456579021039, 0.03514391916724531, 0.040092855428824035, 0.023888440365843547,
10, 0.0001327850715739256, 0.0001327850715739256, 0.0001327850715864854, 0.00013278507158841766, 0.0001327850715739256, 0.00013278507158624386, 0.0001327850715864854, 0.0001327850715864854, 0.0001327850715864854, 0.0001327850715739256, 0.00013278507158672693, 0.8994223339506335, 0.03514137000039995, 0.040090699658657816, 0.023884961100706342,
11, 0.00012653440793592495, 0.00012653440793592495, 0.0001265344079481237, 0.00012653440795019517, 0.00012653440793592495, 0.00012653440794766334, 0.0001265344079481237, 0.0001265344079481237, 0.0001265344079481237, 0.00012653440793592495, 0.0001265344079481237, 0.899500876517342, 0.03513827067833347, 0.04008797383616847, 0.023881000979284837,
12, 0.00011915499284700656, 0.00011915499284700656, 0.00011915499285892736, 0.00011915499286109478, 0.00011915499284700656, 0.00011915499285871062, 0.00011915499285892736, 0.00011915499285892736, 0.00011915499285892736, 0.00011915499284700656, 0.0001191549928591441, 0.8995906258534964, 0.03513560264655632, 0.04008573583628942, 0.02387733124092305,
13, 0.00011425084655319477, 0.00011425084655319477, 0.00011425084656483275, 0.00011425084656691096, 0.00011425084655319477, 0.0001142508465644171, 0.00011425084656483275, 0.00011425084656483275, 0.00011425084656483275, 0.00011425084655319477, 0.00011425084656483275, 0.8996538490009153, 0.035132664602113735, 0.040083124252353254, 0.023873603328846707,
14, 0.00010824648701986165, 0.00010824648701986165, 0.0001082464870310849, 0.00010824648703344769, 0.00010824648701986165, 0.000108246487030888, 0.0001082464870310849, 0.0001082464870310849, 0.0001082464870310849, 0.00010824648701966474, 0.00010824648703128179, 0.8997283343562574, 0.03513001594389631, 0.04008085568018787, 0.023870083159158405,
15, 0.00010114109816708573, 0.00010114109816708573, 0.00010114109817812421, 0.0001011410981803319, 0.00010114109816708573, 0.00010114109817775626, 0.00010114109817812421, 0.00010114109817812421, 0.00010114109817812421, 0.00010114109816708573, 0.00010114109817830819, 0.8998135870829238, 0.03512782708602246, 0.04007910756589544, 0.02386692668208504,
16, 9.242235722627772e-05, 9.242235722627772e-05, 9.24223572370371e-05, 9.24223572392226e-05, 9.242235722627772e-05, 9.242235723670086e-05, 9.24223572370371e-05, 9.24223572370371e-05, 9.24223572370371e-05, 9.242235722627772e-05, 9.242235723720522e-05, 0.8999154140524566, 0.03512606804843079, 0.04007786614878681, 0.02386400631552471,
17, 8.535930987241144e-05, 8.535930987241144e-05, 8.535930988312492e-05, 8.535930988498813e-05, 8.535930987241144e-05, 8.535930988281438e-05, 8.535930988312492e-05, 8.535930988296965e-05, 8.535930988312492e-05, 8.535930987241144e-05, 8.535930988312492e-05, 0.9000026013210692, 0.035123065341582486, 0.04007526518217802, 0.023860116241213942,
18, 7.971334732938064e-05, 7.971334732938064e-05, 7.971334733982048e-05, 7.971334734185045e-05, 7.971334732938064e-05, 7.971334733953048e-05, 7.971334733982048e-05, 7.971334733982048e-05, 7.971334733982048e-05, 7.971334732938064e-05, 7.971334733996548e-05, 0.90007430051212, 0.03512000192285475, 0.040072551452459554, 0.02385629978505671,
19, 7.425013914295301e-05, 7.425013914295301e-05, 7.425013915308253e-05, 7.425013915510843e-05, 7.425013914281796e-05, 7.42501391528124e-05, 7.425013915308253e-05, 7.425013915308253e-05, 7.425013915308253e-05, 7.425013914281796e-05, 7.42501391532176e-05, 0.9001458605124016, 0.035116322937394716, 0.04006919432362974, 0.023851871190131792,
20, 7.056611121364833e-05, 7.056611121364833e-05, 7.056611122378869e-05, 7.056611122584243e-05, 7.056611121364833e-05, 7.056611122353197e-05, 7.056611122378869e-05, 7.056611122378869e-05, 7.056611122378869e-05, 7.056611121364833e-05, 7.056611122391705e-05, 0.9001977837766558, 0.03511264302097478, 0.04006576623955022, 0.0238475802323075,
21, 6.796206173684136e-05, 6.796206173684136e-05, 6.796206174685476e-05, 6.796206174883273e-05, 6.796206173684136e-05, 6.796206174660753e-05, 6.796206174685476e-05, 6.796206174685476e-05, 6.796206174685476e-05, 6.796206173684136e-05, 6.796206174697839e-05, 0.9002375929468309, 0.035109026093183754, 0.04006235518323662, 0.023843443591662256,
22, 6.585404407464481e-05, 6.585404407464481e-05, 6.585404408470698e-05, 6.585404408662359e-05, 6.585404407464481e-05, 6.585404408446741e-05, 6.585404408470698e-05, 6.585404408470698e-05, 6.585404408470698e-05, 6.585404407464481e-05, 6.585404408482677e-05, 0.9002739982937432, 0.035104704755542684, 0.04005819891715897, 0.023838704041703802,
23, 6.415184214758153e-05, 6.415184214758153e-05, 6.415184215750031e-05, 6.415184215936738e-05, 6.415184214758153e-05, 6.415184215726694e-05, 6.415184215750031e-05, 6.415184215750031e-05, 6.415184215750031e-05, 6.415184214758153e-05, 6.415184215761702e-05, 0.9003051920116478, 0.035100632487551735, 0.04005427872254415, 0.02383422700730065,
24, 6.244343483088424e-05, 6.244343483088424e-05, 6.244343484076604e-05, 6.24434348425834e-05, 6.244343483088424e-05, 6.244343484042529e-05, 6.244343484076604e-05, 6.244343484076604e-05, 6.244343484076604e-05, 6.244343483088424e-05, 6.244343484076604e-05, 0.9003378173543508, 0.035096119046905225, 0.04004991071016918, 0.023829275598422905,
25, 6.128528025391694e-05, 6.128528025391694e-05, 6.128528026372695e-05, 6.128528026551058e-05, 6.128528025391694e-05, 6.128528026328103e-05, 6.128528026372695e-05, 6.128528026372695e-05, 6.128528026372695e-05, 6.128528025391694e-05, 6.128528026372695e-05, 0.9003635777621299, 0.03509186960517783, 0.040045782632430214, 0.02382463240855168,
26, 6.00491757884593e-05, 6.00491757884593e-05, 6.004917579818066e-05, 6.004917579992832e-05, 6.004917578835007e-05, 6.0049175797634514e-05, 6.0049175798071433e-05, 6.0049175798071433e-05, 6.0049175798071433e-05, 6.004917578835007e-05, 6.004917579818066e-05, 0.9003894211670439, 0.03508788583378321, 0.04004192810863976, 0.023820224448790627,
27, 5.856415922275395e-05, 5.856415922275395e-05, 5.856415923244796e-05, 5.8564159234152404e-05, 5.856415922275395e-05, 5.856415923180879e-05, 5.856415923244796e-05, 5.856415923244796e-05, 5.856415923244796e-05, 5.856415922275395e-05, 5.856415923255449e-05, 0.9004182373536903, 0.03508381947720686, 0.040038001946706675, 0.02381573596239728,
28, 5.6809400252912585e-05, 5.6809400252912585e-05, 5.680940026252281e-05, 5.680940026417618e-05, 5.6809400252912585e-05, 5.680940026200613e-05, 5.680940026252281e-05, 5.680940026252281e-05, 5.680940026252281e-05, 5.6809400252912585e-05, 5.680940026262614e-05, 0.9004495978930392, 0.035079889911681615, 0.04003422891318011, 0.023811380372061205,
29, 5.513331700110837e-05, 5.513331700110837e-05, 5.5133317010635626e-05, 5.513331701224022e-05, 5.513331700110837e-05, 5.513331700993362e-05, 5.5133317010635626e-05, 5.5133317010635626e-05, 5.5133317010635626e-05, 5.513331700110837e-05, 5.5133317010735915e-05, 0.9004792601454102, 0.03507623133609031, 0.04003073136375512, 0.023807311160708014,
30, 5.3251851003883094e-05, 5.3251851003883094e-05, 5.325185101337582e-05, 5.325185101492565e-05, 5.325185100378623e-05, 5.32518510126009e-05, 5.325185101327895e-05, 5.325185101327895e-05, 5.325185101327895e-05, 5.325185100378623e-05, 5.325185101337582e-05, 0.9005120147000546, 0.035072311178601864, 0.04002697960231369, 0.023802924649573558,
31, 5.157259694873312e-05, 5.157259694873312e-05, 5.157259695811412e-05, 5.157259695961508e-05, 5.157259694873312e-05, 5.157259695736364e-05, 5.157259695811412e-05, 5.157259695811412e-05, 5.157259695811412e-05, 5.157259694873312e-05, 5.157259695820793e-05, 0.9005442315928661, 0.035067814585886724, 0.04002262950764583, 0.02379802623945414,
32, 4.986456290068624e-05, 4.986456290068624e-05, 4.9864562909937964e-05, 4.9864562911570617e-05, 4.986456290068624e-05, 4.986456290921234e-05, 4.9864562909937964e-05, 4.9864562909937964e-05, 4.9864562909937964e-05, 4.986456290068624e-05, 4.9864562910028664e-05, 0.9005781178239473, 0.03506285846460812, 0.040017814543194474, 0.02379269946657401,
33, 4.78377974194465e-05, 4.78377974194465e-05, 4.7837797428496204e-05, 4.78377974300625e-05, 4.783779741935948e-05, 4.783779742780008e-05, 4.7837797428496204e-05, 4.7837797428496204e-05, 4.7837797428496204e-05, 4.783779741935948e-05, 4.7837797428583225e-05, 0.900615006265452, 0.0350580809305147, 0.04001319515609699, 0.023787502364888115,
34, 4.619557223032968e-05, 4.619557223032968e-05, 4.61955722393208e-05, 4.619557224091736e-05, 4.6195572230245644e-05, 4.619557223864857e-05, 4.619557223923678e-05, 4.619557223923678e-05, 4.619557223923678e-05, 4.6195572230245644e-05, 4.61955722393208e-05, 0.9006497309419416, 0.035052597774465885, 0.040007839585089654, 0.023781680890582798,
35, 4.425538461535231e-05, 4.425538461535231e-05, 4.425538462428782e-05, 4.425538462573682e-05, 4.425538461527181e-05, 4.425538462364382e-05, 4.425538462420732e-05, 4.425538462420732e-05, 4.425538462420732e-05, 4.425538461527181e-05, 4.425538462428782e-05, 0.9006872334290602, 0.03504727429035131, 0.040002659424777404, 0.02377602411207621,
36, 4.293444299110849e-05, 4.293444299110849e-05, 4.293444299993348e-05, 4.293444300133923e-05, 4.293444299110849e-05, 4.2934442999308704e-05, 4.293444299993348e-05, 4.293444299993348e-05, 4.293444299993348e-05, 4.293444299110849e-05, 4.293444300001158e-05, 0.9007169725055985, 0.035042264151131666, 0.03999776781863088, 0.023770717138739073,
37, 4.161049080362532e-05, 4.161049080362532e-05, 4.161049081232956e-05, 4.161049081376765e-05, 4.1610490803549633e-05, 4.161049081164836e-05, 4.161049081225387e-05, 4.161049081225387e-05, 4.161049081225387e-05, 4.1610490803549633e-05, 4.161049081232956e-05, 0.9007482556645913, 0.035036765178550436, 0.03999238209580599, 0.0237648821484223,
38, 4.0714012932445876e-05, 4.0714012932445876e-05, 4.0714012941036646e-05, 4.071401294251781e-05, 4.071401293237182e-05, 4.071401294037012e-05, 4.071401294096259e-05, 4.071401294096259e-05, 4.071401294096259e-05, 4.071401293237182e-05, 4.0714012941110704e-05, 0.9007737358878672, 0.03503162989744202, 0.03998734202199391, 0.023759438538472337,
39, 3.999461866575449e-05, 3.999461866575449e-05, 3.999461867426621e-05, 3.9994618675648455e-05, 3.999461866568174e-05, 3.999461867361146e-05, 3.999461867419346e-05, 3.999461867419346e-05, 3.999461867419346e-05, 3.999461866568174e-05, 3.999461867426621e-05, 0.9007961162708081, 0.03502686713670551, 0.039982670515220926, 0.02375440575942862,
40, 3.9323761438980725e-05, 3.9323761438980725e-05, 3.9323761447421205e-05, 3.9323761448851796e-05, 3.9323761438980725e-05, 3.932376144684897e-05, 3.9323761447421205e-05, 3.9323761447421205e-05, 3.9323761447421205e-05, 3.9323761438980725e-05, 3.9323761447492735e-05, 0.9008193718002938, 0.035021627554784954, 0.039977512912569194, 0.023748926844060703,
41, 3.88825648821004e-05, 3.88825648821004e-05, 3.888256489044618e-05, 3.888256489193145e-05, 3.88825648821004e-05, 3.888256488980964e-05, 3.8882564890375455e-05, 3.8882564890375455e-05, 3.8882564890375455e-05, 3.88825648821004e-05, 3.888256489051691e-05, 0.9008389880752811, 0.035016759973562954, 0.03997271552625625, 0.023743828698803458,
42, 3.8364788023837204e-05, 3.8364788023837204e-05, 3.836478803214164e-05, 3.836478803360712e-05, 3.8364788023837204e-05, 3.8364788031583354e-05, 3.836478803214164e-05, 3.836478803214164e-05, 3.836478803214164e-05, 3.8364788023837204e-05, 3.836478803228121e-05, 0.9008590970745876, 0.035012014937272774, 0.03996804678813283, 0.02373882901988505,
43, 3.772630899452352e-05, 3.772630899452352e-05, 3.7726309002758376e-05, 3.772630900419947e-05, 3.772630899452352e-05, 3.772630900214076e-05, 3.772630900268975e-05, 3.772630900268975e-05, 3.772630900268975e-05, 3.772630899452352e-05, 3.7726309002827e-05, 0.9008806090784097, 0.03500723565355482, 0.03996335092408853, 0.02373381543388016,
44, 3.7201936235244345e-05, 3.7201936235244345e-05, 3.720193624343241e-05, 3.720193624492115e-05, 3.7201936235244345e-05, 3.720193624289105e-05, 3.720193624343241e-05, 3.720193624343241e-05, 3.720193624343241e-05, 3.720193623531201e-05, 3.7201936243567745e-05, 0.9008998582878209, 0.03500278378502746, 0.03995898054682133, 0.023729156569418652,
45, 3.6555135369301426e-05, 3.6555135369301426e-05, 3.655513537741362e-05, 3.6555135378876476e-05, 3.6555135369301426e-05, 3.655513537688167e-05, 3.655513537741362e-05, 3.655513537741362e-05, 3.655513537741362e-05, 3.6555135369301426e-05, 3.655513537754661e-05, 0.9009205121650504, 0.034998304043874766, 0.03995458973796231, 0.023724488052251615,
46, 3.6017827272920656e-05, 3.6017827272920656e-05, 3.601782728097913e-05, 3.601782728242048e-05, 3.6017827272920656e-05, 3.601782728038948e-05, 3.601782728091361e-05, 3.601782728091361e-05, 3.601782728091361e-05, 3.6017827272920656e-05, 3.6017827281044644e-05, 0.9009391971739696, 0.034994083284460596, 0.03995045542742816, 0.02372006850302289,
47, 3.5621696578976734e-05, 3.5621696578976734e-05, 3.562169658701137e-05, 3.562169658843687e-05, 3.5621696578976734e-05, 3.562169658636342e-05, 3.5621696586946575e-05, 3.5621696586946575e-05, 3.5621696586946575e-05, 3.5621696578976734e-05, 3.5621696587076165e-05, 0.9009556164656809, 0.03499009353306648, 0.039946545214524364, 0.023715906611533978,
48, 3.535835628024973e-05, 3.535835628024973e-05, 3.535835628822497e-05, 3.535835628963994e-05, 3.535835628024973e-05, 3.535835628758181e-05, 3.535835628822497e-05, 3.535835628822497e-05, 3.535835628822497e-05, 3.535835628024973e-05, 3.5358356288353607e-05, 0.9009697403792216, 0.03498638396514645, 0.039942907538027574, 0.023712026684426877,
49, 3.511938207204973e-05, 3.511938207204973e-05, 3.511938207997107e-05, 3.511938208137647e-05, 3.511938207204973e-05, 3.511938207933226e-05, 3.511938207990719e-05, 3.511938207990719e-05, 3.511938207990719e-05, 3.511938207204973e-05, 3.5119382080098836e-05, 0.9009847060237809, 0.03498229730977027, 0.039938884841616236, 0.0237077991060326,
50, 3.48215540948696e-05, 3.48215540948696e-05, 3.4821554102723764e-05, 3.482155410411724e-05, 3.48215540948696e-05, 3.482155410209037e-05, 3.4821554102723764e-05, 3.4821554102723764e-05, 3.4821554102723764e-05, 3.48215540948696e-05, 3.482155410285045e-05, 0.9010004223768838, 0.03497818313198548, 0.03993483969164307, 0.02370351818883129,
51, 3.4604215529541706e-05, 3.4604215529541706e-05, 3.4604215537283906e-05, 3.4604215538731634e-05, 3.4604215529541706e-05, 3.46042155367174e-05, 3.4604215537283906e-05, 3.4604215537283906e-05, 3.4604215537283906e-05, 3.460421552960465e-05, 3.460421553747274e-05, 0.9010142287377534, 0.03497440526759926, 0.03993112913022748, 0.023699590978618953,
52, 3.4433003543460325e-05, 3.4433003543460325e-05, 3.443300355116422e-05, 3.443300355254215e-05, 3.4433003543460325e-05, 3.443300355060052e-05, 3.443300355116422e-05, 3.443300355116422e-05, 3.443300355116422e-05, 3.443300354352296e-05, 3.443300355135212e-05, 0.901026724377149, 0.03497088971442822, 0.03992768118749281, 0.023695942164867912,
53, 3.4295390480798286e-05, 3.4295390480798286e-05, 3.429539048853378e-05, 3.42953904899062e-05, 3.4295390480798286e-05, 3.429539048797233e-05, 3.429539048853378e-05, 3.429539048853378e-05, 3.429539048853378e-05, 3.4295390480798286e-05, 3.429539048865854e-05, 0.9010400405968001, 0.03496696854990594, 0.039923816346966436, 0.023691925692097843,
54, 3.411990578021483e-05, 3.411990578021483e-05, 3.4119905787848674e-05, 3.411990578927614e-05, 3.411990578021483e-05, 3.41199057872901e-05, 3.4119905787848674e-05, 3.4119905787848674e-05, 3.4119905787848674e-05, 3.41199057802769e-05, 3.4119905788034865e-05, 0.9010538858191878, 0.034963016036088326, 0.039919923890988224, 0.02368785577279386,
55, 3.390672333389552e-05, 3.390672333389552e-05, 3.390672334148166e-05, 3.390672334290021e-05, 3.390672333389552e-05, 3.3906723340926575e-05, 3.390672334148166e-05, 3.390672334148166e-05, 3.390672334148166e-05, 3.390672333395719e-05, 3.3906723341666685e-05, 0.9010679655835698, 0.034959128629558474, 0.03991610083688469, 0.023683831477131576,
56, 3.365080684966399e-05, 3.365080684966399e-05, 3.365080685719287e-05, 3.3650806858600716e-05, 3.365080684966399e-05, 3.365080685664198e-05, 3.365080685719287e-05, 3.365080685719287e-05, 3.365080685719287e-05, 3.36508068497252e-05, 3.36508068573765e-05, 0.9010823624619849, 0.034955298698918315, 0.039912340208171346, 0.023679840239381723,
57, 3.3420008283899474e-05, 3.3420008283899474e-05, 3.342000829137672e-05, 3.34200082928357e-05, 3.3420008283960264e-05, 3.3420008290890396e-05, 3.342000829137672e-05, 3.342000829143751e-05, 3.342000829143751e-05, 3.3420008283960264e-05, 3.34200082915591e-05, 0.9010957572948137, 0.03495170717632216, 0.03990882104538565, 0.02367609487655513,
58, 3.326378684605583e-05, 3.326378684605583e-05, 3.3263786853498126e-05, 3.326378685495028e-05, 3.326378684605583e-05, 3.326378685301408e-05, 3.3263786853498126e-05, 3.3263786853498126e-05, 3.3263786853498126e-05, 3.3263786846116336e-05, 3.326378685367965e-05, 0.9011075951361677, 0.03494836361761061, 0.03990554567510374, 0.023672594398799915,
59, 3.310850997633265e-05, 3.310850997633265e-05, 3.310850998380043e-05, 3.310850998524581e-05, 3.310850997639288e-05, 3.310850998331864e-05, 3.310850998386065e-05, 3.310850998386065e-05, 3.310850998386065e-05, 3.31085099764531e-05, 3.310850998404133e-05, 0.9011203546603742, 0.03494470183906838, 0.03990194768925601, 0.02366880268385245,
60, 3.2954125671676024e-05, 3.2954125671676024e-05, 3.295412567910898e-05, 3.2954125680547624e-05, 3.2954125671735974e-05, 3.295412567862944e-05, 3.295412567910898e-05, 3.295412567910898e-05, 3.295412567910898e-05, 3.2954125671735974e-05, 3.295412567928882e-05, 0.9011341029020558, 0.03494069904643105, 0.03989800437717435, 0.02366469877337747,
61, 3.2759700293174614e-05, 3.2759700293174614e-05, 3.275970030050413e-05, 3.275970030199387e-05, 3.2759700293174614e-05, 3.2759700299967825e-05, 3.275970030050413e-05, 3.275970030050413e-05, 3.275970030050413e-05, 3.2759700293234205e-05, 3.27597003006829e-05, 0.9011483291577282, 0.03493669073420036, 0.03989405987929133, 0.023660564007442656,
62, 3.2537069113943474e-05, 3.2537069113943474e-05, 3.2537069121223174e-05, 3.253706912270279e-05, 3.2537069113943474e-05, 3.253706912069051e-05, 3.2537069121223174e-05, 3.2537069121223174e-05, 3.2537069121223174e-05, 3.253706911400266e-05, 3.2537069121400725e-05, 0.9011637073868779, 0.03493241353324972, 0.039889847882091864, 0.023656123918300898,
63, 3.232267998513209e-05, 3.232267998513209e-05, 3.232267999230504e-05, 3.2322679993833695e-05, 3.232267998513209e-05, 3.2322679991775886e-05, 3.232267999230504e-05, 3.232267999230504e-05, 3.232267999230504e-05, 3.232267998519089e-05, 3.232267999248142e-05, 0.9011783289783123, 0.03492835332077942, 0.039885857197364316, 0.023651911504663305,
64, 3.2067019964482524e-05, 3.2067019964482524e-05, 3.206701997159873e-05, 3.20670199731153e-05, 3.2067019964540854e-05, 3.20670199711321e-05, 3.206701997159873e-05, 3.206701997159873e-05, 3.206701997159873e-05, 3.2067019964540854e-05, 3.206701997183205e-05, 0.9011931348303798, 0.03492438813662056, 0.039881966173669424, 0.023647774119311033,
65, 3.181158517068043e-05, 3.181158517068043e-05, 3.181158517773995e-05, 3.181158517924444e-05, 3.181158517073829e-05, 3.181158517727703e-05, 3.181158517773995e-05, 3.181158517773995e-05, 3.181158517779782e-05, 3.1811585170796155e-05, 3.181158517797141e-05, 0.9012090187875104, 0.0349200548025584, 0.03987770307393963, 0.02364329637956059,
66, 3.1534258693142e-05, 3.1534258693142e-05, 3.1534258700139984e-05, 3.153425870163135e-05, 3.1534258693142e-05, 3.1534258699623735e-05, 3.1534258700139984e-05, 3.1534258700139984e-05, 3.1534258700139984e-05, 3.153425869319936e-05, 3.153425870036942e-05, 0.9012261065934135, 0.0349154144549291, 0.039873133206777385, 0.023638469380244137,
67, 3.119908865886803e-05, 3.119908865886803e-05, 3.119908866579163e-05, 3.1199088667210405e-05, 3.119908865886803e-05, 3.119908866528088e-05, 3.119908866579163e-05, 3.119908866579163e-05, 3.119908866579163e-05, 3.119908865892478e-05, 3.1199088666018637e-05, 0.9012436770141957, 0.03491081679717149, 0.03986861159516662, 0.023633705099574194,
68, 3.086370113527673e-05, 3.086370113527673e-05, 3.08637011421259e-05, 3.086370114358556e-05, 3.086370113527673e-05, 3.086370114162063e-05, 3.08637011421259e-05, 3.08637011421259e-05, 3.08637011421259e-05, 3.086370113533287e-05, 3.086370114235046e-05, 0.9012624792808519, 0.034905800547291345, 0.03986366774497365, 0.023628552196471305,
69, 3.0510609827300485e-05, 3.0510609827300485e-05, 3.0510609834071297e-05, 3.0510609835569756e-05, 3.0510609827300485e-05, 3.0510609833571812e-05, 3.0510609834071297e-05, 3.0510609834071297e-05, 3.0510609834071297e-05, 3.0510609827355982e-05, 3.051060983429329e-05, 0.9012826078766639, 0.034900423628295374, 0.03985836287079756, 0.023622989396786347,
70, 3.0074402560040465e-05, 3.0074402560040465e-05, 3.0074402566769183e-05, 3.007440256824622e-05, 3.0074402560040465e-05, 3.007440256627684e-05, 3.0074402566769183e-05, 3.0074402566769183e-05, 3.0074402566769183e-05, 3.007440256009517e-05, 3.0074402566988005e-05, 0.9013037160770011, 0.03489501490872273, 0.03985303246305114, 0.023617418604811865,
71, 2.9536981572592107e-05, 2.9536981572592107e-05, 2.9536981579308042e-05, 2.953698158075868e-05, 2.9536981572645836e-05, 2.953698157887822e-05, 2.9536981579361767e-05, 2.9536981579361767e-05, 2.9536981579361767e-05, 2.9536981572699565e-05, 2.9536981579576677e-05, 0.9013260784935331, 0.03488956818626165, 0.03984767106546542, 0.023611775938475056,
72, 2.887303829106448e-05, 2.887303829106448e-05, 2.887303829768197e-05, 2.8873038299205044e-05, 2.8873038291117e-05, 2.8873038297261812e-05, 2.887303829773449e-05, 2.887303829773449e-05, 2.887303829773449e-05, 2.887303829116952e-05, 2.887303829794457e-05, 0.9013500411621271, 0.03488406129236373, 0.03984225732442176, 0.02360603728187933,
73, 2.805982823991769e-05, 2.805982823991769e-05, 2.8059828246501917e-05, 2.8059828248033136e-05, 2.8059828239968732e-05, 2.8059828246093593e-05, 2.805982824655296e-05, 2.805982824655296e-05, 2.805982824655296e-05, 2.805982824001977e-05, 2.805982824675712e-05, 0.9013757304114823, 0.034878516252332285, 0.03983681388221169, 0.023600281825599853,
74, 2.738747327816081e-05, 2.738747327816081e-05, 2.7387473284736723e-05, 2.7387473286231248e-05, 2.738747327821063e-05, 2.7387473284338184e-05, 2.7387473284786542e-05, 2.7387473284786542e-05, 2.7387473284786542e-05, 2.7387473278260445e-05, 2.738747328498581e-05, 0.9013987322603031, 0.034873341757897185, 0.039831737715558944, 0.023594926543495827,
75, 2.6822697897051396e-05, 2.6822697897051396e-05, 2.6822697903589285e-05, 2.682269790505299e-05, 2.6822697897100186e-05, 2.6822697903150173e-05, 2.6822697903638074e-05, 2.6822697903638074e-05, 2.6822697903638074e-05, 2.6822697897148978e-05, 2.6822697903833233e-05, 0.9014222767356279, 0.03486757980938057, 0.03982605952787934, 0.02358903473544975,
76, 2.637240221064211e-05, 2.637240221064211e-05, 2.637240221711821e-05, 2.6372402218557344e-05, 2.637240221069008e-05, 2.637240221668647e-05, 2.637240221711821e-05, 2.637240221711821e-05, 2.637240221711821e-05, 2.637240221073805e-05, 2.6372402217358067e-05, 0.9014464495931057, 0.03486117510175195, 0.0398197223933017, 0.023582556974453,
77, 2.5982712976590815e-05, 2.5982712976590815e-05, 2.5982712983018487e-05, 2.5982712984436356e-05, 2.598271297663808e-05, 2.5982712982593124e-05, 2.5982712983018487e-05, 2.5982712983065748e-05, 2.5982712983065748e-05, 2.598271297668534e-05, 2.5982712983254796e-05, 0.9014719029104649, 0.03485410575348804, 0.03981270922728453, 0.023575472752745456,
78, 2.5571667949692613e-05, 2.5571667949692613e-05, 2.5571667956065113e-05, 2.557166795746055e-05, 2.5571667949739125e-05, 2.5571667955692994e-05, 2.5571667956111625e-05, 2.5571667956111625e-05, 2.5571667956111625e-05, 2.5571667949832156e-05, 2.5571667956297684e-05, 0.9014991456788818, 0.03484653817967013, 0.03980519792180605, 0.023567830357818332,
79, 2.532747448432224e-05, 2.532747448432224e-05, 2.5327474490633887e-05, 2.5327474492016e-05, 2.5327474484368313e-05, 2.5327474490265326e-05, 2.532747449067996e-05, 2.532747449067996e-05, 2.532747449067996e-05, 2.532747448441438e-05, 2.532747449086424e-05, 0.9015225743151434, 0.034839637870029, 0.039798342027917585, 0.02356084405434061,
80, 2.5032867048864492e-05, 2.5032867048864492e-05, 2.5032867055102724e-05, 2.5032867056468758e-05, 2.503286704891003e-05, 2.5032867054738446e-05, 2.5032867055148257e-05, 2.5032867055148257e-05, 2.503286705519379e-05, 2.50328670490011e-05, 2.503286705537593e-05, 0.9015463923484794, 0.03483278024969281, 0.03979153392996977, 0.023553932421485055,
81, 2.4669145513715834e-05, 2.4669145513715834e-05, 2.4669145519908295e-05, 2.4669145521254484e-05, 2.4669145513760706e-05, 2.4669145519549312e-05, 2.4669145519953167e-05, 2.4669145519953167e-05, 2.4669145519953167e-05, 2.466914551380558e-05, 2.466914552013266e-05, 0.9015709648981577, 0.034825910901422515, 0.03978471991203915, 0.02354704417489613,
82, 2.4288439612859945e-05, 2.4288439612859945e-05, 2.428843961900102e-05, 2.4288439620326435e-05, 2.4288439612904126e-05, 2.428843961864758e-05, 2.4288439619045203e-05, 2.4288439619045203e-05, 2.4288439619089384e-05, 2.4288439612948304e-05, 2.4288439619266106e-05, 0.9015972689823342, 0.03481854513989959, 0.039777409370045765, 0.02353960415790283,
83, 2.3898796318754607e-05, 2.3898796318754607e-05, 2.389879632488411e-05, 2.389879632618826e-05, 2.3898796318798076e-05, 2.3898796324449392e-05, 2.3898796324927583e-05, 2.3898796324927583e-05, 2.3898796324927583e-05, 2.389879631884155e-05, 2.389879632510147e-05, 0.9016255816564424, 0.03481056180699488, 0.039769479122715425, 0.023531491140692435,
84, 2.3561905787365916e-05, 2.3561905787365916e-05, 2.356190579345187e-05, 2.3561905794737637e-05, 2.3561905787408773e-05, 2.3561905793023283e-05, 2.356190579349473e-05, 2.356190579349473e-05, 2.356190579353759e-05, 2.3561905787494492e-05, 2.3561905793709027e-05, 0.9016556726867624, 0.034801777193267526, 0.03976073589455227, 0.023522633748067963,
85, 2.32237654375411e-05, 2.32237654375411e-05, 2.3223765443581963e-05, 2.322376544489152e-05, 2.3223765437583343e-05, 2.3223765443201767e-05, 2.3223765443624206e-05, 2.3223765443624206e-05, 2.322376544366645e-05, 2.3223765437667833e-05, 2.3223765443835422e-05, 0.9016880656134005, 0.03479225211522965, 0.039751249130363805, 0.023512972209920224,
86, 2.282007960575674e-05, 2.282007960575674e-05, 2.2820079611775615e-05, 2.282007961310392e-05, 2.282007960579825e-05, 2.282007961140203e-05, 2.2820079611817123e-05, 2.2820079611817123e-05, 2.2820079611858635e-05, 2.282007960588127e-05, 2.2820079612024674e-05, 0.9017208477389094, 0.03478282120543886, 0.03974186308272255, 0.02350344758625038,
87, 2.256976983347719e-05, 2.256976983347719e-05, 2.2569769839471095e-05, 2.2569769840743776e-05, 2.2569769833518242e-05, 2.256976983910161e-05, 2.256976983951215e-05, 2.256976983951215e-05, 2.2569769839553203e-05, 2.2569769833559296e-05, 2.2569769839717422e-05, 0.9017495485177329, 0.034774196546663035, 0.03973327253878871, 0.023494715417404492,
88, 2.230736611336573e-05, 2.230736611336573e-05, 2.230736611933053e-05, 2.2307366120588414e-05, 2.230736611340631e-05, 2.230736611896534e-05, 2.2307366119371106e-05, 2.2307366119371106e-05, 2.2307366119411686e-05, 2.2307366113446886e-05, 2.230736611957399e-05, 0.9017802843991823, 0.03476496424721775, 0.039724074254295264, 0.02348529656029772,
89, 2.205416757127738e-05, 2.205416757127738e-05, 2.2054167577214593e-05, 2.20541675784582e-05, 2.20541675713175e-05, 2.2054167576853546e-05, 2.2054167577254708e-05, 2.2054167577254708e-05, 2.2054167577294827e-05, 2.2054167571357614e-05, 2.2054167577455292e-05, 0.901813255136359, 0.0347549444773862, 0.03971408251544249, 0.023475122513917986,
90, 2.1854885052510624e-05, 2.1854885052510624e-05, 2.1854885058394186e-05, 2.1854885059626554e-05, 2.1854885052550377e-05, 2.1854885058036402e-05, 2.185488505843394e-05, 2.185488505843394e-05, 2.1854885058473695e-05, 2.185488505259013e-05, 2.185488505863271e-05, 0.9018435579465566, 0.03474560162200776, 0.039704767895136224, 0.023465669286341934,
91, 2.1669095979456545e-05, 2.1669095979456545e-05, 2.1669095985290092e-05, 2.166909598647257e-05, 2.1669095979456545e-05, 2.1669095984895933e-05, 2.1669095985290092e-05, 2.1669095985290092e-05, 2.166909598532951e-05, 2.1669095979535377e-05, 2.1669095985487173e-05, 0.9018720162548796, 0.034736813118682416, 0.039696014176239296, 0.023456796882333937,
92, 2.1545114389243142e-05, 2.1545114389243142e-05, 2.1545114395043312e-05, 2.1545114396258215e-05, 2.1545114389282332e-05, 2.15451143946906e-05, 2.1545114395082502e-05, 2.1545114395082502e-05, 2.1545114395121693e-05, 2.1545114389321523e-05, 2.1545114395278455e-05, 0.9018974931281468, 0.034728783242071536, 0.03968801595765984, 0.02344871190090428,
93, 2.147667467200323e-05, 2.147667467200323e-05, 2.1476674677784973e-05, 2.1476674678996016e-05, 2.1476674672042296e-05, 2.1476674677394314e-05, 2.147667467782404e-05, 2.147667467782404e-05, 2.1476674677863106e-05, 2.147667467208136e-05, 2.147667467801937e-05, 0.9019209886825913, 0.034721217824300425, 0.03968047470844677, 0.023441075850572812,
94, 2.143732931736527e-05, 2.143732931736527e-05, 2.143732932309743e-05, 2.1437329324345244e-05, 2.1437329317404263e-05, 2.1437329322707486e-05, 2.1437329323136423e-05, 2.1437329323136423e-05, 2.1437329323175417e-05, 2.1437329317443258e-05, 2.1437329323331393e-05, 0.9019464764483726, 0.03471286911835994, 0.03967213443733988, 0.023432709860544836,
95, 2.1372652548713877e-05, 2.1372652548713877e-05, 2.137265255442874e-05, 2.1372652555672795e-05, 2.1372652548752753e-05, 2.1372652554078852e-05, 2.137265255446762e-05, 2.137265255446762e-05, 2.1372652554506495e-05, 2.137265254879163e-05, 2.1372652554662e-05, 0.9019726145379227, 0.034704406461463756, 0.039663684541315754, 0.023424195768251048,
96, 2.1320700278359635e-05, 2.1320700278359635e-05, 2.1320700284021823e-05, 2.1320700285262852e-05, 2.1320700278398416e-05, 2.1320700283634004e-05, 2.1320700284060607e-05, 2.1320700284060607e-05, 2.1320700284099388e-05, 2.1320700278437196e-05, 2.1320700284254517e-05, 0.9020009336731202, 0.034695195293449124, 0.03965447728384839, 0.023414866533578726,
97, 2.1268366791694416e-05, 2.1268366791694416e-05, 2.126836679734271e-05, 2.1268366798580692e-05, 2.1268366791733105e-05, 2.126836679695584e-05, 2.126836679734271e-05, 2.126836679734271e-05, 2.1268366797420084e-05, 2.126836679177179e-05, 2.126836679757483e-05, 0.9020314864479955, 0.03468522950048265, 0.039644510676131284, 0.023404821827428327,
98, 2.119204631461564e-05, 2.119204631461564e-05, 2.1192046320205114e-05, 2.1192046321438655e-05, 2.1192046314654185e-05, 2.1192046319819633e-05, 2.119204632024366e-05, 2.119204632024366e-05, 2.119204632028221e-05, 2.1192046314692736e-05, 2.11920463204364e-05, 0.9020618489159966, 0.03467539774911161, 0.03963468470246991, 0.023394956610373403,
99, 2.1090741099794898e-05, 2.1090741099794898e-05, 2.1090741105357654e-05, 2.1090741106585297e-05, 2.1090741099794898e-05, 2.1090741104974013e-05, 2.1090741105357654e-05, 2.1090741105357654e-05, 2.1090741105434382e-05, 2.1090741099871625e-05, 2.1090741105587837e-05, 0.9020921715542511, 0.03466567853636245, 0.039624975707938624, 0.023385176536635046,
100, 2.0962331196831516e-05, 2.0962331196831516e-05, 2.0962331202360405e-05, 2.0962331203618703e-05, 2.0962331196869646e-05, 2.096233120201723e-05, 2.0962331202398535e-05, 2.0962331202398535e-05, 2.0962331202436665e-05, 2.0962331196907776e-05, 2.0962331202589185e-05, 0.9021221517164565, 0.034656156010518795, 0.03961547017449416, 0.02337563694300104,
101, 2.0834029504711422e-05, 2.0834029504711422e-05, 2.083402951016857e-05, 2.0834029511419168e-05, 2.0834029504711422e-05, 2.0834029509865398e-05, 2.0834029510206467e-05, 2.0834029510206467e-05, 2.0834029510282263e-05, 2.0834029504787215e-05, 2.0834029510433848e-05, 0.9021545787817763, 0.034645840697552735, 0.039605168097814336, 0.02336523858514021,
102, 2.0739398533584635e-05, 2.0739398533584635e-05, 2.0739398539054723e-05, 2.073939854029964e-05, 2.073939853362236e-05, 2.0739398538715202e-05, 2.0739398539092447e-05, 2.0739398539092447e-05, 2.0739398539167897e-05, 2.073939853369781e-05, 2.0739398539318798e-05, 0.902184518593236, 0.03463624091833056, 0.03959558289228829, 0.023355524698082487,
103, 2.061623335128515e-05, 2.061623335128515e-05, 2.0616233356722753e-05, 2.061623335796028e-05, 2.061623335132265e-05, 2.0616233356385248e-05, 2.0616233356760256e-05, 2.0616233356760256e-05, 2.0616233356835256e-05, 2.0616233351360154e-05, 2.061623335694776e-05, 0.9022145579540468, 0.0346266958441908, 0.03958605810643168, 0.0233459100161516,
104, 2.0522324221583603e-05, 2.0522324221583603e-05, 2.0522324226959108e-05, 2.0522324228228322e-05, 2.0522324221620933e-05, 2.0522324226623137e-05, 2.0522324226996438e-05, 2.0522324226996438e-05, 2.0522324227071096e-05, 2.0522324221658264e-05, 2.0522324227220417e-05, 0.9022423853530411, 0.03461779032242712, 0.039577174229466446, 0.023336905015709713,
105, 2.046155039214895e-05, 2.046155039214895e-05, 2.0461550397508538e-05, 2.0461550398811213e-05, 2.046155039218617e-05, 2.0461550397173563e-05, 2.0461550397545756e-05, 2.0461550397545756e-05, 2.0461550397620194e-05, 2.046155039222339e-05, 2.046155039776907e-05, 0.9022725439470898, 0.03460797365551928, 0.03956736240608826, 0.02332704342390998,
106, 2.0440104249518293e-05, 2.0440104249518293e-05, 2.0440104254835082e-05, 2.0440104256173574e-05, 2.0440104249555475e-05, 2.044010425450046e-05, 2.0440104254872263e-05, 2.0440104254872263e-05, 2.0440104254946623e-05, 2.0440104249629834e-05, 2.0440104255095345e-05, 0.9023004384310512, 0.0345987735994268, 0.03955816245407701, 0.023317784854818818,
