Optimize time:20.38318099313312
Begin Prob:-13554.333777416834
End Prob:-13505.086946199386
Substitution parameters:[0.2636690736326972, 0.1999741328225487, 0.21206949882650913, 0.32428729471824497, 0.02641711912082464]
Trees:
(1:409.8306464204694,((2:359.7334780927762,3:391.66315982180396):411.6173113847422,(4:381.9565561398881,5:377.18059102784974):539.5117920257192):409.8306464204694);
(1:944.2719657272487,(4:383.02179005388354,(5:416.13886668611656,(2:416.1471040888547,3:434.83038029881857):455.3737836494346):381.9849076431002):424.3200173985258);
(1:409.71442955316616,(5:409.8306464204694,(4:381.9666292840938,(2:377.18059102784974,3:455.3768727865759):411.5618454590689):416.1471040888547):360.7619608408934);
(1:409.8306464204694,(3:409.8306464204694,(4:944.2719657272487,(2:455.3737836494346,5:539.5117506901333):539.6938647227624):539.5122881800958):538.7781157068155);
(1:375.0310973934202,(4:455.3768727865759,(3:411.6173113847422,(2:944.2719657272487,5:381.9666292840938):423.902667879335):409.8306464204694):409.8306464204694);
(1:409.8306464204694,((5:381.79981426955305,3:359.7334780927762):409.8306464204694,(4:944.2719657272487,2:539.5117506901333):455.3768727865759):354.81493403981557);
(1:455.3768727865759,(5:416.1471040888547,(3:539.5117920257192,(4:381.9666292840938,2:383.02179005388354):416.1471040888547):944.2644289991506):539.5117920257192);
(1:409.8306464204694,((4:409.8306464204694,3:388.2451484292295):405.7635624020515,(2:381.79981426955305,5:944.2644289991506):411.5618454590689):416.13886668611656);
(1:391.66315982180396,(5:619.3889611363807,(2:411.5618454590689,(4:411.5618454590689,3:957.7035087532932):999.9999215812713):957.7075249513664):999.9999215812713);
(1:539.5117920257192,(2:405.7635624020515,(3:391.66315982180396,(4:383.0174720962112,5:411.6092397791117):539.5117506901333):405.7635624020515):391.66315982180396);
(1:381.9666292840938,(2:382.1504826707783,(5:539.5122881800958,(4:455.3737836494346,3:384.0287908566063):383.21262211258335):409.8306464204694):385.7332311733015);
(1:408.81394638187527,(3:411.6092397791117,(2:416.1471040888547,(4:944.2719657272487,5:539.5117920257192):383.0174720962112):539.6938647227624):381.4819519456449);
(1:416.13886668611656,(2:944.2719657272487,(4:944.2670559589413,(5:409.8306464204694,3:416.1471040888547):415.8484846382435):415.8484846382435):618.732738849668);
(1:409.8306464204694,(4:380.3741846781034,(2:944.2719657272487,(5:411.5618454590689,3:382.0172877843318):454.9075157908051):539.5117506901333):944.2719657272487);
(1:1.26182,(3:0.17517,(5:360.6804143181219,(4:381.9666292840938,2:353.7436311988191):1e-06):0.186837):1.26182);

Position, Posteriors1, Posteriors2, Posteriors3, Posteriors4, Posteriors5, Posteriors6, Posteriors7, Posteriors8, Posteriors9, Posteriors10, Posteriors11, Posteriors12, Posteriors13, Posteriors14, Posteriors15,
0, 0.15697653080237994, 0.07445967653994637, 0.07442502435377475, 0.06190500311014807, 0.04669806854861338, 0.04913816468141536, 0.04903413577184222, 0.04913671780317485, 0.04906475379158842, 0.0841640054947048, 0.049117065260094794, 0.09919475457936795, 0.04821099654058367, 0.046572174465153535, 0.061902927854097616,
1, 0.18358155452102434, 0.07233041952414454, 0.07229248968876437, 0.06087230901336047, 0.0442169356394206, 0.04697661859563021, 0.04672903085613396, 0.04697549056231124, 0.046759176883362945, 0.08259637648282618, 0.04695618217751303, 0.09868839524451392, 0.04607806585057537, 0.0440768126670029, 0.060870141889997224,
2, 0.19954267712062926, 0.06892078388111164, 0.06888058184758249, 0.06113394380984843, 0.04356183957618884, 0.04654783578265044, 0.04637199977055329, 0.0465466975428579, 0.0464032688273207, 0.07956156246312882, 0.04652704256301293, 0.09583599130653932, 0.04562448709643665, 0.04340959761469567, 0.06113169039419568,
3, 0.20715549433285646, 0.06430807588501691, 0.06426654103792996, 0.06248113744397626, 0.0444242004241555, 0.047573482077686705, 0.04767457168054264, 0.04757203197993971, 0.047708530683717006, 0.0751709287818085, 0.04755138028122517, 0.09079960181322547, 0.046574727007889644, 0.0442604960168074, 0.062478800149489956,
4, 0.23496613744951958, 0.056187960867790404, 0.05614459961677126, 0.06341656855762677, 0.044652557983434045, 0.048094042211214584, 0.04836635494018331, 0.04809264374831219, 0.04840037398352374, 0.06698838828241986, 0.0480726778054577, 0.08162045139146577, 0.04711060663962692, 0.04447241848804268, 0.06341421763054102,
5, 0.26612244049613903, 0.052588224573121754, 0.05254617592812267, 0.062011278370953715, 0.0429978151103838, 0.04648196426557267, 0.04673674117933262, 0.04648073276940846, 0.046769626638503474, 0.06313512939968036, 0.046461949391974226, 0.07730238248972796, 0.045540592246119574, 0.04281602864441703, 0.06200891809248992,
6, 0.33333347357629084, 0.044824282107062005, 0.044784015910469814, 0.05881152023125978, 0.03947106868650918, 0.0430833519540242, 0.04319929777132914, 0.04308270380068549, 0.043227861436655274, 0.05471140105622665, 0.04306715129289167, 0.06801751969037907, 0.04229197312381115, 0.039285139975395005, 0.058809238983590716,
7, 0.3782317746109913, 0.036996071483139735, 0.03695813518252542, 0.057674419168324345, 0.038327496395180814, 0.04203220082338736, 0.04225667929210443, 0.04203173991045324, 0.042283363814889154, 0.046187882135647784, 0.04201824915738904, 0.05788109176146298, 0.04131271756651108, 0.038135983679914894, 0.057672194615902964,
8, 0.4264480948252875, 0.03294772690204381, 0.03291347360527838, 0.054458806496114696, 0.03549642802022798, 0.03907470370785892, 0.03925663115548356, 0.03907449433682155, 0.03928071263520643, 0.04151320971112468, 0.03906329771066593, 0.05226372562601284, 0.03843987291310068, 0.035312191284319755, 0.05445663066684882,
9, 0.4572294103789482, 0.02848974918706391, 0.028459349210642085, 0.05303084988754814, 0.03462355710737278, 0.038085930011486586, 0.0384279396679029, 0.03808568317885865, 0.03845123390580789, 0.0364107938987478, 0.038075968645590076, 0.04567839079845944, 0.03747908062606475, 0.034443355870768945, 0.05302870722085653,
10, 0.4673949672857173, 0.02792783239614077, 0.02789929937909313, 0.05237320518970367, 0.03400572882080091, 0.037281742679184375, 0.03759006378597722, 0.037281275787996726, 0.037613247403563484, 0.03578694375282229, 0.037272056718558454, 0.044709760696906346, 0.0366603017089355, 0.03383256931030543, 0.052371004679262013,
11, 0.46756831850264774, 0.026776244249251322, 0.026749892368397685, 0.05279561713369315, 0.034718968080046465, 0.03779486007658047, 0.03824240256787477, 0.03779394733368106, 0.038266848506632936, 0.034464103159637084, 0.037784719795586674, 0.04258250920540113, 0.03711673578025516, 0.034551477005368834, 0.05279335582863055,
12, 0.45191422362038747, 0.024828391868522356, 0.024803629838248274, 0.05545343991290288, 0.03711802945039237, 0.04017635424564465, 0.04064523024805328, 0.04017508140912679, 0.04067130571865754, 0.03244027113220286, 0.04016502728490522, 0.03978421396491752, 0.03942702424454541, 0.03694670290651002, 0.05545107374761178,
13, 0.4548865818531165, 0.020672840542372322, 0.020649974661772628, 0.05723094328653994, 0.03857459109693609, 0.04169143052678876, 0.04207545696593653, 0.04169012084625006, 0.042100703793414504, 0.027924426696474082, 0.04168074878767307, 0.03424252776820115, 0.04095393979381946, 0.03839716693049673, 0.05722854604257486,
14, 0.4427623406595977, 0.019512220174770684, 0.01949004678509293, 0.05960504028355263, 0.040176925234614275, 0.04324636158538918, 0.04335484441386925, 0.043244800127677105, 0.04337986722850103, 0.026905075104801234, 0.04323525453183804, 0.033008874123069916, 0.042478008282246446, 0.039997823137307015, 0.059602517923507646,
15, 0.4367906649612866, 0.020132452903835755, 0.020111583911187534, 0.060454467431280794, 0.04059929009143146, 0.04344184688457432, 0.043137119778653046, 0.043440169082025, 0.04316097834741748, 0.02780038785302729, 0.04343092833312656, 0.033950234458781266, 0.04266832368186735, 0.04042972170761972, 0.06045183016754512,
16, 0.41231640196092334, 0.023937408342934046, 0.023916462591694405, 0.061603950530294646, 0.04126837217691849, 0.04403532290066786, 0.04348959162643334, 0.04403331850890336, 0.0435139083900747, 0.03272086011140309, 0.04402333628219378, 0.03923241143159831, 0.043208227352562446, 0.04109924464485896, 0.06160118274352857,
17, 0.39731793950476296, 0.02521301412777825, 0.025192741930322372, 0.0631495766189671, 0.04233614340802374, 0.04490954139321316, 0.04434557188083872, 0.04490703985886729, 0.044372838977977204, 0.03375846869546516, 0.04489519258691332, 0.04031227148969189, 0.043967939806649085, 0.04217508098333001, 0.06314663833213043,
18, 0.3861065460255758, 0.028832789326044668, 0.02881478237803949, 0.06321549108981345, 0.042233786796333266, 0.04443648782394384, 0.04372878315439283, 0.04443358055329261, 0.043758342768368784, 0.03722765426404277, 0.04442016173185686, 0.04409184277641311, 0.043395654740334945, 0.04209171694691489, 0.06321237922033966,
19, 0.35395041562247226, 0.03230037348985773, 0.03228407075990479, 0.06589818418807275, 0.044066987285691375, 0.04603184497368482, 0.04499357182587575, 0.04602852270111555, 0.04502634193755603, 0.04070180247680686, 0.04601213640851279, 0.04802398735786625, 0.044850209849448625, 0.043936742908856394, 0.06589480781114727,
20, 0.34231062272741203, 0.03337446471303081, 0.03335958941959795, 0.06750136746996901, 0.04482420044072644, 0.046636767359596876, 0.04520683995532154, 0.046633354027279465, 0.04524040212777073, 0.04155484449602773, 0.046615605470646214, 0.04914154888391842, 0.04539983682092964, 0.04470274077837932, 0.0674978149060141,
21, 0.3459222938326801, 0.03257909022928185, 0.032565504821334905, 0.06840632465636204, 0.04480954878133538, 0.04654169554095336, 0.04463723055013554, 0.04653850423019196, 0.044669379778741095, 0.040336580208510636, 0.046520877786704086, 0.04804846344794645, 0.045327201499931725, 0.04469463744935952, 0.06840266678184045,
22, 0.34090024936775304, 0.030705395270868265, 0.030693703901767334, 0.07047048106768217, 0.046265894432131145, 0.047821536820403555, 0.04557832274432431, 0.04781824010596973, 0.04561050857199466, 0.03792018220569328, 0.047800183106914675, 0.045213386225504006, 0.04657571024250513, 0.04615950411366745, 0.0704667014181473,
23, 0.3520709428407042, 0.026706231045040753, 0.026696382791088602, 0.07189949826706925, 0.046973407395144925, 0.048422338163991795, 0.04573442251852739, 0.048419280398751374, 0.0457642925026749, 0.033114343735703024, 0.04840240896956306, 0.039798511227247736, 0.047228666895609686, 0.04687360395884233, 0.07189566888715865,
24, 0.34760544037100666, 0.021900287527230788, 0.02189159083995748, 0.07568495884433117, 0.04937116058332588, 0.05084893052635515, 0.04747164620401049, 0.050846179076289785, 0.04749962921447124, 0.027629741744528345, 0.0508293223250069, 0.033786683690929985, 0.049682498117162785, 0.04927091807440407, 0.07568101245745754,
25, 0.3538795402025574, 0.01931516324673093, 0.019305132610303394, 0.07717068283665587, 0.04971133941792251, 0.05130985581893322, 0.04758750710377719, 0.051307500985586466, 0.04761394567135883, 0.024315111157810074, 0.0512910494931522, 0.030221863448535686, 0.050196405346424555, 0.04960816194752808, 0.07716674030999685,
26, 0.35017523129405226, 0.015761794472526236, 0.015750836403389604, 0.07988883646139225, 0.05163637363467868, 0.053252531169519564, 0.049286258478654546, 0.0532502565604072, 0.049312614713500624, 0.019875462192762764, 0.05323354232036652, 0.025021952379532354, 0.05213649822670118, 0.05153291864954958, 0.07988489264081544,
27, 0.3305979324629603, 0.014775469449986388, 0.014762970047268969, 0.08290818603070528, 0.053834264616556514, 0.05564340848539251, 0.05161581620152984, 0.05564099208967173, 0.05164394776793356, 0.01854236864397604, 0.05562272907539306, 0.023317626791881017, 0.05446972634970354, 0.05372032341683497, 0.08290423816851755,
28, 0.31873396056231035, 0.015373514171800606, 0.015360436916446847, 0.08431660545991133, 0.05482120196546489, 0.056610657211104726, 0.05237378901879125, 0.056608267714151804, 0.05240254537768984, 0.018841407050211506, 0.0565891468541012, 0.023533048864051727, 0.05541256142627518, 0.054710197403806, 0.08431265960291177,
29, 0.32234425593859256, 0.014306519621570405, 0.014292981780808706, 0.08491307051801109, 0.05491509498462919, 0.05677585925007122, 0.05221554913323884, 0.05677386254833324, 0.052242254614043034, 0.01731644849279309, 0.056755615732016165, 0.021787402583262176, 0.055647808473817964, 0.05480406354471462, 0.08490921238358988,
30, 0.31624362802206635, 0.012281031369755986, 0.012267402128539776, 0.0866373495578941, 0.05656383899253129, 0.05838741689350194, 0.05360588204961439, 0.0583854992015141, 0.05363194638723575, 0.014708906391756314, 0.05836747301000209, 0.018554342900137882, 0.05727587127419537, 0.056455826495262616, 0.08663358492364591,
31, 0.3146542766423958, 0.011318326596622075, 0.011304896146668643, 0.08733146576160937, 0.056964699963451146, 0.05898100790076337, 0.054163981189968693, 0.05897902326219807, 0.05419051248985605, 0.013769298952298304, 0.0589606656181997, 0.01735866382867778, 0.05784956768711671, 0.056845916051817026, 0.08732769750610626,
32, 0.3171759662402729, 0.011761230254532058, 0.011748324856370996, 0.0869404542293503, 0.056573646592810854, 0.05858086333851219, 0.053573128137658646, 0.058578910813898065, 0.053599347885857296, 0.014239895854139688, 0.058560534993112555, 0.017827433698331577, 0.05744711542266706, 0.05645647723623562, 0.08693667004385244,
33, 0.3062463615194647, 0.014278002482070977, 0.014264134718532195, 0.08684105450408632, 0.05646297938496568, 0.05865567274907632, 0.05363872772020515, 0.058653565974248444, 0.05366639570767788, 0.017090727800778336, 0.05863391556535761, 0.0209246624768909, 0.05746989166112601, 0.05633664034669403, 0.08683726698626214,
34, 0.28427339438224764, 0.015775332343205814, 0.015760954807941163, 0.08801775200978679, 0.05804303979139981, 0.060321694963470264, 0.0554092968857179, 0.060319076231905085, 0.05543990894051294, 0.018851609583522014, 0.06029749213020717, 0.022541433787631505, 0.059025512274573685, 0.05790954132809641, 0.08801396013676813,
35, 0.2658540833709106, 0.019305224850191767, 0.019291351803867665, 0.08790299557120569, 0.05864312787737533, 0.060802387422520754, 0.05585520782497771, 0.06079932370616923, 0.05588821418109385, 0.022658302403485105, 0.06077597200016347, 0.026404588235548077, 0.059405031085458214, 0.05851500973577109, 0.08789917952771187,
36, 0.22059919651315063, 0.028042523369830097, 0.028027988559867337, 0.08798448750330065, 0.05957036161973886, 0.06183627016373989, 0.05709177724406028, 0.061832430227428695, 0.05712997868211272, 0.03223862314563062, 0.06180533707954914, 0.036172067101592056, 0.06025350411466347, 0.05943479539970573, 0.08798065887189045,
37, 0.2036286438876419, 0.03281293585009998, 0.03279763735844644, 0.0870463321871946, 0.059269309466478744, 0.061735603007847355, 0.05703134670172059, 0.06173150504334266, 0.05707101860824165, 0.03746556051695366, 0.06170310838102775, 0.0414423030871196, 0.06009835261370008, 0.05912375354080604, 0.08704258934583993,
38, 0.20028847546545636, 0.03542820648395835, 0.03541201005503654, 0.08578431805242909, 0.05844182991834857, 0.06118732114463473, 0.05640092638428437, 0.061183309855514095, 0.056439635176697416, 0.04034497840362415, 0.061155198951378095, 0.04428851176094075, 0.05958082943129412, 0.058283724422122866, 0.08578072409069692,
39, 0.2119753490511499, 0.035949781102879955, 0.0359325329211767, 0.08397962440053829, 0.056915908692052104, 0.06005455415728323, 0.055038504781637965, 0.0600510798288236, 0.055073169318873814, 0.04094167135189867, 0.06002534059595133, 0.04475581697164265, 0.05858871201940461, 0.056741679330867094, 0.08397627507254937,
40, 0.2452858506107576, 0.03347263393013268, 0.033454228332799485, 0.08114096087719322, 0.0544819442324084, 0.05788232369269959, 0.05287049502828853, 0.05787957312636342, 0.052899879304233205, 0.03855798838696768, 0.05785741693746439, 0.04216640584569765, 0.056615932465230334, 0.05429648462519085, 0.0811378822012952,
41, 0.26509680536741426, 0.02993857707394881, 0.02991972578236558, 0.07989260785200139, 0.05402050549816888, 0.0575823525821364, 0.05267945075788684, 0.057579897165748184, 0.05270550658585517, 0.0350063874631774, 0.05756035135831005, 0.03786278252955093, 0.056439642922218064, 0.05382562772981894, 0.07988977892742229,
42, 0.27014196517254463, 0.025859444407663672, 0.025839492588268564, 0.08116056857243849, 0.055199009098214, 0.058814878382139196, 0.05417080219561748, 0.0588126262582943, 0.054195378745176985, 0.030276116179813257, 0.05879407806322711, 0.03283462296552043, 0.057743815610699835, 0.05499935777022266, 0.08115784358631928,
43, 0.27764021010737744, 0.023692072635110268, 0.02367199749496152, 0.0812315549828527, 0.05494279687064389, 0.0588670608889265, 0.0546547382344957, 0.05886484063619027, 0.054679133029156536, 0.02833725474685579, 0.05884660997354135, 0.030795561699010425, 0.0578238175258956, 0.054723515103553354, 0.08122883566802974,
44, 0.30354519352110393, 0.019200524553816507, 0.019180334107398278, 0.08046605082643069, 0.05373185343920929, 0.058073798448428644, 0.05421556666565889, 0.05807200432489439, 0.05423707607198067, 0.02392327167010598, 0.058055949922025674, 0.026188249888053673, 0.05715777771233621, 0.05348892571407824, 0.08046342273116516,
45, 0.33850889633083403, 0.016941296516421366, 0.016922211461664127, 0.07773252732430341, 0.05097927694916229, 0.05549941650412309, 0.05183535642289843, 0.0554982332601871, 0.051852736275017255, 0.021679194046715214, 0.055485078661364304, 0.02386142752196561, 0.05474684954581424, 0.05072750304098257, 0.07772999573473402,
46, 0.38675165430254, 0.016436959711812346, 0.016419720698020925, 0.0727637606257368, 0.046450768561787634, 0.0508947703728123, 0.04725487097154541, 0.050894425882654956, 0.04726657223352035, 0.021226847350057084, 0.050885081154617706, 0.02343543887646918, 0.050351879829616246, 0.04620591442703545, 0.07276133459942065,
47, 0.45234708971444126, 0.01259600838872187, 0.012582155024704776, 0.06767572947572033, 0.04185319271791603, 0.04606879831601033, 0.042690676086306306, 0.046069097263322346, 0.042699643246079035, 0.01618042770084525, 0.04606218640032428, 0.01821465710408303, 0.04566165450703105, 0.041625314423988174, 0.06767336922794914,
48, 0.49451179927248906, 0.008153051878768353, 0.008142581176196179, 0.06509083916866423, 0.03987169168776902, 0.043889219552555855, 0.040827296450597315, 0.043889766247710175, 0.0408350289515898, 0.010593691995100506, 0.04388446550886966, 0.012015203762364172, 0.043551912725041275, 0.03965492066745532, 0.0650885305518811,
49, 0.543407336982899, 0.005301370387966706, 0.005294201585400836, 0.06100832423136648, 0.036711383941124796, 0.04033316379829687, 0.03746205019149736, 0.0403340189809054, 0.0374680665222849, 0.006858853226789743, 0.04033048658134689, 0.007893019847223699, 0.04007432117582691, 0.03651735247244927, 0.06100604967189698,
50, 0.5668057716935858, 0.004394423822749181, 0.004388710737536322, 0.059335340417043636, 0.03504264323202036, 0.03829032397689834, 0.0353117981801285, 0.03829124882873756, 0.03531679902151305, 0.0056162320733198195, 0.038288411498820146, 0.006659142218470348, 0.038057440785420116, 0.03486873078007794, 0.05933298233252806,
51, 0.5742931618549143, 0.004584472877637013, 0.004579031860353007, 0.05877810695714514, 0.03427192349378359, 0.037357042690665906, 0.03438924813288404, 0.0373579122793509, 0.03439446590420263, 0.005747276184723598, 0.03735490421212706, 0.006896138027343922, 0.03711414565400793, 0.03410650822545395, 0.05877566124345161,
52, 0.5872931683350505, 0.005372613857189835, 0.00536767934519184, 0.05735616483864686, 0.032834762992313644, 0.0356183505120554, 0.0325662976388348, 0.03561922770722049, 0.03257133799429773, 0.006496960019792936, 0.035616245805444514, 0.007872825202515338, 0.035374521495727944, 0.032686225278596284, 0.05735361857723941,
53, 0.5865341314014725, 0.007559559986165882, 0.007554427316012474, 0.05672387748887942, 0.031992579428250914, 0.034653889148321786, 0.03163065236122733, 0.034654678469311376, 0.03163657665695877, 0.008826171380119064, 0.03465096084635006, 0.010630236779424235, 0.03437977990207848, 0.031851248746084006, 0.05672122968919848,
54, 0.5757970906970055, 0.009214409720207787, 0.00920928506735908, 0.05727255556611963, 0.03242224784227317, 0.034937129602798524, 0.03199854567822763, 0.03493765784876218, 0.032006119326573226, 0.01056092400278947, 0.03493288905002475, 0.012551186092967391, 0.03460266352835024, 0.032287499707650984, 0.05726979586710365,
55, 0.5805669438298421, 0.009503720029801299, 0.009498625104790392, 0.056773314594349956, 0.03186684990896371, 0.034275799715934877, 0.03137035345877161, 0.034276306888983164, 0.031377890664038906, 0.010840939940279574, 0.034271644827009194, 0.012926134943401479, 0.03394315272972004, 0.031737810451148464, 0.056770512512173736,
56, 0.5709113929404749, 0.009249337335192148, 0.009243904821549836, 0.05844710107222399, 0.03276125053966432, 0.03522164224509954, 0.03213764710125779, 0.035222282637609216, 0.032144949300107716, 0.010628331182033312, 0.03521717820903755, 0.012847646194484556, 0.03489282694300026, 0.032630299673051845, 0.05844420940325429,
57, 0.5487788681648668, 0.008383690277964593, 0.008378099905744698, 0.06165602712913164, 0.035198990181843415, 0.037679345271823005, 0.034456486346030775, 0.037679932629051484, 0.03446444179914475, 0.009745996253039181, 0.03767391159628025, 0.011866754224928779, 0.037318705480458673, 0.03506572901967959, 0.06165302131787272,
58, 0.5393066128146063, 0.0082408902554397, 0.00823387728502342, 0.06305811103535647, 0.036060373100919606, 0.03860358056719781, 0.03547344308948693, 0.03860415158610517, 0.03548241395357647, 0.00949536888516395, 0.03859740741077126, 0.011641739622663311, 0.03822282944938036, 0.035924122765030486, 0.06305507777615706,
59, 0.5336176942913935, 0.009096316305549105, 0.009088323763483242, 0.06360465297778295, 0.036274987300645226, 0.03874528818073463, 0.0356126142976561, 0.038745885163037695, 0.03562226260829054, 0.010211182626424902, 0.03873852260343377, 0.012546774037984793, 0.038350000101653285, 0.03614391771176691, 0.06360157762747064,
60, 0.5316592498986726, 0.010690782268061057, 0.010682006929981665, 0.06339580268740506, 0.03555041740151825, 0.03813048803116777, 0.03511920352496495, 0.03813098963092922, 0.03513043981598253, 0.012063917007596103, 0.03812251851027242, 0.014828165867194282, 0.03768957788461297, 0.03541382999042472, 0.06339261014845785,
61, 0.5204648381312194, 0.011577944187284115, 0.011568678961708267, 0.06436625633502073, 0.03609830488655877, 0.03874887275177812, 0.03593792777746317, 0.03874908197177009, 0.03595160965244184, 0.013165382049182012, 0.03873916188890057, 0.016082912580059533, 0.03823002014305756, 0.03595607700995325, 0.06436293127185387,
62, 0.5239141737615841, 0.011056959236860368, 0.01104732243042228, 0.064432958137297, 0.03575837948200705, 0.038524412765347, 0.03584735774399432, 0.03852456920557133, 0.035861713029366124, 0.012759940595578358, 0.038514351551311526, 0.015728387859875306, 0.03799055951724903, 0.03560934735271403, 0.06442956692697951,
63, 0.51748707700846, 0.009893010629526551, 0.009883230009703693, 0.0657054288046103, 0.036731240011377855, 0.03958008252321813, 0.037127563040418254, 0.03957997431900842, 0.03714368587029291, 0.011640508929033379, 0.03956895000745908, 0.014390153516095508, 0.03899215174315858, 0.03657498653433122, 0.06570195664982247,
64, 0.5158654230037557, 0.009913547719675517, 0.009904139644337104, 0.06590639030479409, 0.036908738255529955, 0.03968365676495557, 0.037335191911307984, 0.03968336136504868, 0.03735243566692156, 0.011669193187905016, 0.03967179442726793, 0.014392126700557242, 0.039056454840304664, 0.03675471155999473, 0.0659028342444897,
65, 0.5048793894511081, 0.009175937561293115, 0.009167210517632833, 0.06729344034940248, 0.038396952742263145, 0.04105040837572615, 0.03891765656596698, 0.041049689372627006, 0.03893710467928386, 0.010892672574366885, 0.04103714940060147, 0.01332279665491875, 0.04034476439768206, 0.03824504522389124, 0.06728978173126848,
66, 0.5005837732500362, 0.009476837292820227, 0.009469289122621918, 0.06745814711083802, 0.03896513670141577, 0.04134037165731384, 0.039296579818192685, 0.04133935277911209, 0.03931737431054936, 0.011128997645339917, 0.04132630175858652, 0.013438333866796314, 0.040579883345273175, 0.0388252268318642, 0.06745439410805698,
67, 0.5130462713759254, 0.008241409111117424, 0.008235237282164916, 0.06654413122772794, 0.03849321537694066, 0.04064518630407959, 0.03860606728121779, 0.040644155543650196, 0.03862600781709672, 0.009702379242849089, 0.040631998485499116, 0.011773273221075044, 0.03990638710392223, 0.038363916268039935, 0.0665403639567073,
68, 0.5548088916034469, 0.004654258333464779, 0.004650036000827263, 0.06348490655734906, 0.03614404396032132, 0.03809680630347009, 0.035971077238250784, 0.038096168394358636, 0.035987050771038295, 0.005706366084019778, 0.03808705188562216, 0.007316766912852558, 0.03748911351734695, 0.03602621383239475, 0.06348124820260938,
69, 0.56649759919978, 0.0034859144473189, 0.0034822946287857257, 0.06268463840880077, 0.0357299520500851, 0.03746505953489945, 0.03505167169978252, 0.03746459291448653, 0.03506537599650617, 0.004469381146519495, 0.037456860171726315, 0.005929886565753156, 0.03691265220948568, 0.03562312125998064, 0.06268099936217253,
70, 0.5652133549222115, 0.0032573784520210196, 0.0032535802749495296, 0.0628328271379397, 0.03601532467828985, 0.03768954617690315, 0.03512206210208227, 0.03768912540094892, 0.03513486182129264, 0.004354927502550956, 0.03768186900302608, 0.005860336481515544, 0.037154897263158605, 0.03591071920071804, 0.062829189175667,
71, 0.5678731647166975, 0.00345602055051972, 0.0034521621065496215, 0.06235034194723881, 0.0358300892155256, 0.03731855307346731, 0.034502407344868855, 0.03731821884186157, 0.034513995251024214, 0.0047332078332383, 0.03731152399458707, 0.006452043165179397, 0.036806278938622684, 0.035735304791382955, 0.06234668782170749,
72, 0.557634391492912, 0.0045683758170416205, 0.004563561159890182, 0.06277020086753154, 0.036329841048406, 0.03777323181853753, 0.03481444428506185, 0.03777286645089452, 0.034826018548022065, 0.0063464760198994, 0.03776589856118363, 0.008582692725660647, 0.037248617420079094, 0.036236870719962525, 0.06276651265730392,
73, 0.5285676953076596, 0.007428919025069218, 0.007421445963311108, 0.06424603873454558, 0.03764419099688093, 0.03920644924316855, 0.03621358748476321, 0.03920590528441046, 0.03622658858472462, 0.010422400544815554, 0.03919761254670426, 0.013807477025242461, 0.03862580718603198, 0.037543590240121036, 0.06424229142388867,
74, 0.4815420638194423, 0.009750223500736475, 0.009740059799722962, 0.06768426992165828, 0.04102389129817317, 0.04263860173683232, 0.03970614569256142, 0.042637545989113027, 0.039722052759976215, 0.014062475997705059, 0.04262722636362346, 0.018326473344233905, 0.04194315788549793, 0.040915392395015446, 0.06768041908862811,
75, 0.38321247880502934, 0.016655514907073177, 0.016638107004710315, 0.07394508976361375, 0.04681886798190673, 0.048770389053217365, 0.04615751416829383, 0.04876830464348118, 0.04618023022953251, 0.024570793774968628, 0.04875332658548625, 0.031070969269264545, 0.04783370382225725, 0.04668366558942719, 0.0739410439944483,
76, 0.33619000992190995, 0.01941662205579762, 0.01939416230367173, 0.07694552773067084, 0.049538875042957994, 0.0518328846337544, 0.049388459611693705, 0.05183034496419179, 0.04941382332176661, 0.029607994504350078, 0.051813408434070514, 0.03750570010044825, 0.050800364126557335, 0.0493803914623689, 0.07694143137941999,
77, 0.23483538293989498, 0.028402384693699715, 0.02836709503106911, 0.08194023860966089, 0.053935541870656724, 0.05700738458890522, 0.05511046904144014, 0.05700391578381847, 0.05514243766787857, 0.04435957178933193, 0.05698230388544798, 0.055486688107289815, 0.0557627527264131, 0.053727774875168076, 0.08193605798294215,
78, 0.191732396870501, 0.031879461610536404, 0.03183549898910479, 0.08383244774089993, 0.05538852198981151, 0.05918473901832827, 0.0575871970896665, 0.0591810065841854, 0.057620779786206375, 0.051334554445073906, 0.05915793685904541, 0.06440269543532895, 0.05789583040910904, 0.05513860703486885, 0.08382832572978248,
79, 0.15112371929379362, 0.038944463402510975, 0.03889076245598874, 0.08343161187063437, 0.05500857691063197, 0.05929200713395941, 0.057831184160580314, 0.059288106218964756, 0.05786558175121595, 0.06340252388400579, 0.05926385554954366, 0.07952406851186251, 0.05797511338614721, 0.05473088113170087, 0.08342754393084038,
80, 0.11540842029431761, 0.050990397095136426, 0.05092669324492474, 0.07965220935929042, 0.05193414142644627, 0.056416330282532484, 0.05488284715350447, 0.05641249540542674, 0.054916373232092405, 0.08245788316613001, 0.05638797769251518, 0.10319964153570896, 0.05511948891721846, 0.051646869579293375, 0.07964823120804922,
81, 0.09214922675390733, 0.057931664246915905, 0.05786134662112803, 0.07797034981905694, 0.05058940267643928, 0.05514867784681305, 0.05378999338748171, 0.05514458589665173, 0.0538264670698839, 0.09238859636979481, 0.0551178675131967, 0.1160494129735909, 0.0537666472772391, 0.050299409606323904, 0.07796635153511366,
82, 0.06769817262068376, 0.07096561339110233, 0.07088966345824384, 0.07320173299695547, 0.046776484355472395, 0.05113248527316855, 0.04979650920542284, 0.05112823127914007, 0.04983523470640085, 0.10990454392868067, 0.05109952005516538, 0.13819344932442618, 0.04967971648723986, 0.04650092451897323, 0.07319771799246469,
83, 0.05390047934450989, 0.07923397652430074, 0.07915459257681497, 0.07045600658076902, 0.04462234342330768, 0.04870662800682871, 0.04763608384451164, 0.0487020003650605, 0.04768009601876651, 0.11901582159683613, 0.048669953128394186, 0.1502979223709214, 0.04710693214280413, 0.04436526400851228, 0.07045189966200595,
84, 0.04915369110019637, 0.08529090626726764, 0.0852080135943326, 0.06801360591944655, 0.042431322656266285, 0.04637702994263085, 0.04544345127015023, 0.04637234157374129, 0.04549034544729806, 0.12554584186510948, 0.04633844632081244, 0.15942876543912082, 0.04471015181693128, 0.042186629788814045, 0.06800945659137443,
85, 0.03868322974686812, 0.09013850414081394, 0.09005317772378114, 0.06649675775173303, 0.04155394641061518, 0.04532107197641199, 0.04470357755802558, 0.04531593842446473, 0.04475528969102081, 0.1305403247012417, 0.04527919091449713, 0.1658272031126617, 0.043519395170817265, 0.041319835223933565, 0.06649255704712985,
86, 0.03556220706706775, 0.0931990971480402, 0.09311114422779442, 0.06525030557183199, 0.040621648255338906, 0.04432660101521335, 0.04391225411839408, 0.04432132093452125, 0.04396672940532617, 0.13345036143756606, 0.04428303271073046, 0.16989637783003345, 0.04245959372829442, 0.04039323004652499, 0.0652460960970142,
87, 0.02827710250013686, 0.09475796777508425, 0.09466860417700965, 0.06492974438862414, 0.04092848660310959, 0.044529875158985065, 0.04450606353927102, 0.04452406661450087, 0.044565366405413094, 0.1345864922356947, 0.04448320722026755, 0.17108481828605074, 0.042528447659364366, 0.04070424949782192, 0.06492550753292553,
88, 0.02653106867714221, 0.09475892970545453, 0.09466784677102369, 0.06495649720580256, 0.04126044464314264, 0.044868745912633685, 0.04514009124537316, 0.04486267159996345, 0.04520250182623522, 0.13388735122588757, 0.04482032009024059, 0.17026465696142956, 0.04279080108639862, 0.041035806227401314, 0.06495226641655187,
89, 0.030185239640277618, 0.09314002959105404, 0.0930468672372496, 0.06538328111661433, 0.04165899194737466, 0.045404820381516164, 0.045862665642453795, 0.045398791080201395, 0.0459261446991548, 0.13122785182031557, 0.045356233071624494, 0.16728225487525264, 0.043318991602167414, 0.041428734967388726, 0.06537910192190965,
90, 0.041685824662678304, 0.08940226069810919, 0.08930662689302286, 0.06620638120867031, 0.042100854668452294, 0.046126558454725276, 0.046665220223277314, 0.04612086780776802, 0.04672776363467196, 0.12597568671916534, 0.046079284000699945, 0.16144205785642135, 0.04409925452776496, 0.04185906035739509, 0.06620229788187412,
91, 0.048053410788020834, 0.08408257157507736, 0.08398567791340597, 0.06805825899746153, 0.04391581606109916, 0.04819293433087005, 0.04905120041741994, 0.0481871691163877, 0.04911519588044571, 0.11884020672689173, 0.048145402885160546, 0.15251030568045382, 0.04614739706267886, 0.043660196694466996, 0.06805425546455433,
92, 0.055782177639449405, 0.08336264490539945, 0.0832665040450356, 0.06754667010891217, 0.04386026871724071, 0.048142322453243874, 0.04912314779238559, 0.048136699265044686, 0.04918678566833028, 0.11675877760158987, 0.04809575682668444, 0.14946230480056064, 0.04612726712366653, 0.04360589869060081, 0.0675427739555375,
93, 0.05594320986928537, 0.08106412142657386, 0.0809679259303241, 0.06873210929649469, 0.044973998464469415, 0.049479583011040607, 0.05043418504222295, 0.04947416599676738, 0.05049820003569035, 0.11316619727860405, 0.04943249792560137, 0.14493130202728272, 0.047464444037243335, 0.0447097826630586, 0.06872827658916138,
94, 0.05242904746934405, 0.07618608365360331, 0.07609156599105739, 0.07205582007377956, 0.0469953993865917, 0.051985994561758994, 0.05269953558566448, 0.05198049735452582, 0.05276405225035792, 0.10761958837935333, 0.05193780274678618, 0.13856207058014192, 0.04993450473078556, 0.046706135992808304, 0.07205190083687518,
95, 0.043333987960195296, 0.0689731621819287, 0.06888190419621801, 0.07676251760754504, 0.05073527463334987, 0.056232906055949744, 0.05695019144167221, 0.056226845839226026, 0.057017836621657984, 0.09934742998342001, 0.056181769774718705, 0.1281253029450345, 0.05405694432374114, 0.05041543101530332, 0.07675849501306593,
96, 0.03564114417045566, 0.06676283575950284, 0.06667561922695803, 0.07890692374724541, 0.05246520873797484, 0.058165026500117484, 0.058687224648133585, 0.05815861048698716, 0.05875623882995705, 0.09654769578830442, 0.058112051535647205, 0.12417471244239281, 0.05591106584474143, 0.05213282527928752, 0.0789028165951961,
97, 0.03458273832117203, 0.06256162913247139, 0.062478483428459894, 0.08149650199199424, 0.05428065037394044, 0.060348347501476544, 0.06053649507699784, 0.060341924987212636, 0.060604364037405725, 0.09136835887955587, 0.06029535904477428, 0.11758481686278245, 0.05809912323482608, 0.05392883963824922, 0.08149236708193856,
98, 0.03859295910771846, 0.056577792828112775, 0.05649867828590303, 0.08460102194753455, 0.05623461321679104, 0.06283491921165422, 0.06255989813945516, 0.06282880479084281, 0.0626243946201632, 0.08408376674867019, 0.06278354574957842, 0.10866197406367079, 0.060664479592822514, 0.0558562443854442, 0.08459690690552818,
99, 0.04289218361566417, 0.05476120410719342, 0.05468626287720143, 0.08561036338209423, 0.05657064491123592, 0.06343695688746015, 0.06256204059961229, 0.06343127572289511, 0.06262223006595682, 0.08155531842509432, 0.06338784321565961, 0.10532751746280203, 0.06136851157080384, 0.056181377637612974, 0.0856062691131071,
100, 0.04237373966053082, 0.05151007736929805, 0.051440423549127104, 0.0873695366503367, 0.05822419247835336, 0.06532756390997736, 0.06406403952494688, 0.06532189919738861, 0.06412201975800974, 0.07725552690077463, 0.06527922033080931, 0.09923500854735987, 0.06328954627065571, 0.05782173159454506, 0.08736547385194089,
101, 0.042366340597226305, 0.05187839784931481, 0.05181415413851279, 0.08729571932657305, 0.058442562030001005, 0.06554025612923019, 0.0637433854988652, 0.06553474063359838, 0.06379822152845625, 0.07713075009995518, 0.06549332298767623, 0.0980727931022193, 0.06355628097254615, 0.05804138921043049, 0.0872916854890569,
102, 0.04410986839138407, 0.04931018793158335, 0.049253171338038824, 0.088849115318604, 0.060090094904797935, 0.06712369135082362, 0.06500921920371236, 0.067118003106777, 0.06506476270780115, 0.07207175354496788, 0.0670757278679434, 0.09129836119018934, 0.06508679185003981, 0.059694225898673806, 0.088845024987558,
103, 0.05482993190935686, 0.044029067765254976, 0.0439802198121584, 0.09078035572577535, 0.06202359792084091, 0.06888110558579268, 0.0666870989224552, 0.06887539588826962, 0.06674266731663311, 0.06396017530883649, 0.06883321330689646, 0.08113292178271633, 0.06683172335952373, 0.061636331237120374, 0.09077619375126848,
104, 0.08039967672370778, 0.03542090660628864, 0.03538165175862626, 0.09276244336973373, 0.06396034810954464, 0.0704973675109027, 0.0684858964698681, 0.0704917617157203, 0.06854095374564663, 0.05205984375137588, 0.07045055627221491, 0.0667329941708092, 0.06847098241790597, 0.06358643010239143, 0.09275818686787984,
105, 0.08543590917384959, 0.03226700559150727, 0.03223289754181074, 0.09378745777068152, 0.06556924535879591, 0.07165829346949325, 0.06947751783939396, 0.07165258781049685, 0.06953282920627508, 0.04748309806087181, 0.07161078348983604, 0.06070066427760987, 0.06959421841547092, 0.06521437553196428, 0.09378311605459039,
106, 0.09312949894438702, 0.03205950860504916, 0.03203105792702777, 0.0930770064346526, 0.06583638060860464, 0.07122925641345018, 0.06868530963285656, 0.0712236472819591, 0.06873949022002114, 0.04632702650097918, 0.07118202749320371, 0.05872578629930916, 0.06916548955902274, 0.06551592721788296, 0.09307258645370076,
107, 0.11287061843064808, 0.02991082591694242, 0.029888402045743768, 0.09213817456753694, 0.06571065951610468, 0.07048951717811915, 0.06743208238287893, 0.07048438197024254, 0.06748237855946373, 0.04287030287833104, 0.07044462861434436, 0.05420436449855412, 0.06851789700867714, 0.06542202506921564, 0.09213374095487624,
108, 0.15072206785835823, 0.029861075557496484, 0.02984107584572346, 0.08820881262595515, 0.06282765137665834, 0.06704210472819441, 0.06385372152528415, 0.06703772216364234, 0.06389982292481301, 0.041531599123091796, 0.0670010444334117, 0.05217038063698701, 0.06522610935777509, 0.0625722849014874, 0.08820452653327675,
109, 0.22779473955127644, 0.02656493882157674, 0.02654794112386508, 0.08174324240000808, 0.05753550344297314, 0.061198541329424365, 0.057716423478457984, 0.06119554689593883, 0.05775377167010661, 0.03626368457181393, 0.06116490491424373, 0.04576924168567303, 0.0596963544278942, 0.057315916817273375, 0.08173924846150821,
110, 0.2798031696585154, 0.021986811519267506, 0.02197320081895769, 0.07923463885427767, 0.05461830693707959, 0.058076955272205445, 0.05402341917252768, 0.05807475774612951, 0.054053608281918686, 0.03048843645668697, 0.058048775131187766, 0.03918470395637712, 0.05678974868782933, 0.05441277030656134, 0.0792306967920781,
111, 0.3111343553729099, 0.016887807605395197, 0.016877723313863658, 0.07866580906321577, 0.05413708930052259, 0.057345420672538706, 0.052922444642729785, 0.05734353664110362, 0.05294834370460053, 0.0241602457158018, 0.05732057880340788, 0.03147642903357154, 0.05617439770837499, 0.05394392332433116, 0.0786618946893204,
112, 0.3714184129433464, 0.012867518121056657, 0.01285792814272207, 0.07438296013277511, 0.05025713358646102, 0.05327536017400426, 0.04888194241687615, 0.05327404832917471, 0.04890297281160452, 0.018822201988902987, 0.05325556040846295, 0.025056597272727684, 0.05229100210549124, 0.050077105818344896, 0.07437925533820994,
113, 0.39942411644831, 0.012085627379634126, 0.012075308127390971, 0.07171581333521551, 0.04780963440913648, 0.05090121987180086, 0.04670269580697834, 0.05090017629473531, 0.046721715748880566, 0.01776222178254441, 0.050883874629902695, 0.02366615410564702, 0.05001165787534134, 0.047627515169194286, 0.07171226860577319,
114, 0.43378119493942163, 0.01272372518279147, 0.012713388429498745, 0.06765888802870819, 0.04427202658126645, 0.04723800941007279, 0.043104189848333634, 0.047237310441961194, 0.0431205962513543, 0.018379520284017046, 0.04722344504191293, 0.024336384934889904, 0.046455905362919866, 0.044099924103258616, 0.0676554907510811,
