Optimize time:20.762132169273166
Begin Prob:-13630.740786332877
End Prob:-13480.640021645908
Substitution parameters:[0.2598192373899161, 0.2061816860632107, 0.21268797125279856, 0.32131110529407475, 0.3520021221037661]
Trees:
((3:999.9999215812713,(5:999.9999215812713,2:999.9999215812713):999.9999215812713):999.9999215812713,(1:999.9999215812713,4:999.9999215812713):999.9999215812713);
(1:999.9999215812713,(2:999.9999215812713,(3:999.9999215812713,(5:999.9999215812713,4:999.9999215812713):999.9999215812713):999.9999215812713):999.9999215812713);
(1:999.9999215812713,((2:999.9999215812713,4:999.9999215812713):999.9999215812713,(5:999.9999215812713,3:999.9999215812713):999.9999215812713):999.9999215812713);
(1:999.9999215812713,(2:999.9999215812713,(4:999.9999215812713,(5:999.9999215812713,3:999.9999215812713):999.9999215812713):999.9999215812713):999.9999215812713);
(1:999.9999215812713,(5:999.9999215812713,(2:999.9999215812713,(3:999.9999215812713,4:999.9999215812713):999.9999215812713):999.9999215812713):999.9999215812713);
(1:999.9999215812713,(5:999.9999215812713,(4:999.9999215812713,(3:999.9999215812713,2:999.9999215812713):999.9999215812713):999.9999215812713):999.9999215812713);
((2:999.9999215812713,(5:999.9999215812713,3:999.9999215812713):999.9999215812713):999.9999215812713,(1:999.9999215812713,4:999.9999215812713):999.9999215812713);
((2:999.9999215812713,(5:999.9999215812713,4:999.9999215812713):999.9999215812713):999.9999215812713,(1:999.9999215812713,3:999.9999215812713):999.9999215812713);
((5:999.9999215812713,(3:999.9999215812713,2:999.9999215812713):999.9999215812713):999.9999215812713,(1:999.9999215812713,4:999.9999215812713):999.9999215812713);
(1:999.9999215812713,(3:999.9999215812713,(4:999.9999215812713,(5:999.9999215812713,2:999.9999215812713):999.9999215812713):999.9999215812713):999.9999215812713);
(1:999.9999215812713,((5:999.9999215812713,4:999.9999215812713):999.9999215812713,(3:999.9999215812713,2:999.9999215812713):999.9999215812713):999.9999215812713);
((5:999.9999215812713,(2:999.9999215812713,4:999.9999215812713):999.9999215812713):999.9999215812713,(1:999.9999215812713,3:999.9999215812713):999.9999215812713);
(1:999.9999215812713,((5:999.9999215812713,2:999.9999215812713):999.9999215812713,(3:999.9999215812713,4:999.9999215812713):999.9999215812713):999.9999215812713);
(1:999.9999215812713,(2:999.9999215812713,(5:999.9999215812713,(3:999.9999215812713,4:999.9999215812713):999.9999215812713):999.9999215812713):999.9999215812713);
(1:639.3866925771229,(5:639.3866925771229,(3:357.5747974086001,(2:0.32695,4:2.14925):0.0698039):1e-06):1.33295);

Position, Posteriors1, Posteriors2, Posteriors3, Posteriors4, Posteriors5, Posteriors6, Posteriors7, Posteriors8, Posteriors9, Posteriors10, Posteriors11, Posteriors12, Posteriors13, Posteriors14, Posteriors15,
0, 0.00032875552295396807, 0.00032875552295396807, 0.0007968413724260732, 0.036968258546548255, 0.03206750850459969, 0.03135686555746644, 0.2961827415859273, 0.018669110899142208, 0.19822984989642387, 0.12041240143874854, 0.029166099874963138, 0.029816173545895903, 0.11908799501486743, 0.04747027989948702, 0.039118363075433565,
1, 0.0002587667553029255, 0.0002587667553029255, 0.0007001303196997553, 0.03695494202743404, 0.032049832556954615, 0.0313395050855117, 0.2963567560219135, 0.018640943519572642, 0.19833311944988552, 0.12045875164772404, 0.029147011861128117, 0.029796621445508424, 0.11913332593636558, 0.047464395077532424, 0.03910713179793153,
2, 0.0001856494160283129, 0.0001856494160279752, 0.0006169227472840894, 0.03693936530836601, 0.0320316664896718, 0.03132015572033383, 0.2965393129918302, 0.018608730677936454, 0.1984430462233366, 0.12050312088053851, 0.029125950330595198, 0.02977213873358862, 0.11917668156860334, 0.04745816840003646, 0.03909344135336391,
3, 0.0001577534036685261, 0.00015775340366823917, 0.0005731122614275261, 0.03692093547753762, 0.032010848641411176, 0.031298445635377016, 0.29667644160437107, 0.01857577757005603, 0.19852179719404298, 0.12053107067423849, 0.029102859635251523, 0.029745671449867537, 0.11920381528230119, 0.047447000088156305, 0.03907671793585213,
4, 0.00010409822748686366, 0.00010409822748686366, 0.0005036244577650848, 0.03690257607696662, 0.03199228248768561, 0.031277914506167355, 0.2968443928925166, 0.018541698218289247, 0.19862577347850752, 0.12056812457816576, 0.02908076384858293, 0.02971580399542568, 0.11923994651497286, 0.04743975115861135, 0.039059151588658976,
5, 6.952807191713364e-05, 6.952807191700717e-05, 0.00045542770331853216, 0.036883620628005785, 0.031973881395872955, 0.031257028838615045, 0.29697833986174216, 0.018508581743998286, 0.19870547989232942, 0.1206048757006553, 0.029058409431884907, 0.02968656355610068, 0.11927581543810713, 0.04743204129114394, 0.03904087863086912,
6, 4.985780217849687e-05, 4.9857802178315487e-05, 0.00041977499184989164, 0.03686133352650564, 0.03195207710107938, 0.03123315188818338, 0.29710869913454163, 0.018473894879701164, 0.19878335213122508, 0.12063520431277411, 0.029033202928703046, 0.029655197990498625, 0.11930533574762395, 0.04741987244431239, 0.03901918757392596,
7, 4.19926055559335e-05, 4.199260555585712e-05, 0.0004001275888152756, 0.03683945389220389, 0.03193041847585238, 0.031209666986448493, 0.2972213049995579, 0.018439998138412957, 0.19884856360607578, 0.12065960034773711, 0.02900851503726856, 0.029624408845201892, 0.11932899982255815, 0.04740699766894643, 0.038997959634970464,
8, 2.8406442667447442e-05, 2.84064426673441e-05, 0.0003556562371761994, 0.036820623993820335, 0.03191120561101677, 0.031189302934689807, 0.29733818430234116, 0.01840789235920871, 0.19891781886234597, 0.12068694848787842, 0.028986824557878915, 0.02959580481803845, 0.11935556145927581, 0.04739715910033387, 0.03898020464645372,
9, 2.0663128068362862e-05, 2.0663128068325274e-05, 0.00032730798372887233, 0.03680174574763092, 0.031892664002071566, 0.031168995131159772, 0.2974346060257229, 0.018376763946881168, 0.19897207413751497, 0.12071664607397778, 0.028965232336897802, 0.029568063830894217, 0.11938448103202424, 0.04738777187800703, 0.038962321873444915,
10, 1.7767838918597796e-05, 1.7767838918533157e-05, 0.0003124558019648015, 0.036783659333964776, 0.03187463590815126, 0.03114938794340109, 0.2975193248005977, 0.018346548633286514, 0.199017772872778, 0.1207422036727256, 0.02894443458022251, 0.029541151484441263, 0.11940931773161265, 0.04737827587480937, 0.03894529594030677,
11, 1.1996324522962874e-05, 1.1996324522941053e-05, 0.00028860666771852566, 0.036763747150697655, 0.0318569940975062, 0.031129256415116602, 0.2976143729428078, 0.018314473883899753, 0.19907419284348662, 0.1207699614783806, 0.028923065185719684, 0.02950968098992619, 0.11943632706610456, 0.0473698291036448, 0.03892549978193571,
12, 9.72130290721048e-06, 9.72130290715743e-06, 0.00027555319160389713, 0.036744833183456706, 0.03184000942067738, 0.031109997676240373, 0.2976991393805785, 0.01828341996208049, 0.19912296688547357, 0.12079435887390033, 0.02890264375121673, 0.02947926492463502, 0.11946002295742614, 0.04736154318781688, 0.038906804255597414,
13, 8.313503166182436e-06, 8.313503166121947e-06, 0.0002668564975216693, 0.036726846830917495, 0.031824450544778796, 0.03109164086241174, 0.29776962345505464, 0.01825378189488137, 0.19916079129318018, 0.12082350946924095, 0.02888310780670349, 0.029450437784097977, 0.11948845062843048, 0.04735485524949907, 0.03888902093391065,
14, 7.232293834134659e-06, 7.232293834095193e-06, 0.00026166869378488745, 0.0367085504894179, 0.031810328926773455, 0.03107311858264248, 0.29782942007101393, 0.018225576145687396, 0.19919068307056162, 0.12085727237658742, 0.028863435746993946, 0.029423261531484387, 0.1195214778373201, 0.047349725113486396, 0.03887101708404204,
15, 6.762944893717031e-06, 6.762944893667824e-06, 0.00025852523417046444, 0.03668871106257549, 0.031794527355992384, 0.03105318932340556, 0.29789500683392256, 0.018196758280357644, 0.19922530007012768, 0.12088965558302871, 0.02884240744193539, 0.029395297161601695, 0.11955314571630073, 0.047342499971608214, 0.038851450332568566,
16, 6.817898530491626e-06, 6.81789853044202e-06, 0.0002573123752553313, 0.03666725260103786, 0.031776891681705194, 0.031031783942669817, 0.29796704761608567, 0.018167325285571162, 0.19926514586117983, 0.12092051851737072, 0.028819955342176642, 0.029366546687513203, 0.1195833145190576, 0.04733301516446077, 0.038830254865816725,
17, 6.455713161928355e-06, 6.455713161881384e-06, 0.00025133911494825865, 0.03664792195427553, 0.03176077583528805, 0.031012655821650022, 0.29803426622929546, 0.018139255382424658, 0.19930247555077335, 0.12095028478682567, 0.028799732750101368, 0.02933933437859997, 0.11961237754782797, 0.047325100073647555, 0.03881156940541074,
18, 6.244955521503689e-06, 6.2449555214696106e-06, 0.0002480833460823343, 0.036628321838329, 0.031746131432992604, 0.03099339507086452, 0.29809120815466655, 0.01811258224122695, 0.19933210914355726, 0.12098482073600371, 0.028779402946288387, 0.029313750452470883, 0.11964619544092314, 0.04731880545377823, 0.038792704089339346,
19, 6.544865320736978e-06, 6.544865320701263e-06, 0.00024720627387683525, 0.036609806232842, 0.031732280951577915, 0.030975062093700854, 0.2981436371042065, 0.01808671897443542, 0.1993581616726476, 0.12101804695422681, 0.028760031597253852, 0.02928909879060434, 0.1196787249840032, 0.047313124571475317, 0.0387750103259611,
20, 6.301330556167568e-06, 6.301330556133182e-06, 0.0002420272743698184, 0.03659291907270008, 0.031719310665614474, 0.030956697126985486, 0.298191396762191, 0.01806151678236367, 0.19937664955263829, 0.12105641451893888, 0.02874059561295976, 0.029266540659459956, 0.1197163562485967, 0.04730868079140088, 0.03875829252749414,
21, 6.567466064863193e-06, 6.567466064827354e-06, 0.00023962455488865645, 0.03657706063393866, 0.031707094973004904, 0.030939226017374116, 0.2982347022802645, 0.01803708768946303, 0.1993916250408809, 0.12109338588227236, 0.02872208445235477, 0.02924485711579607, 0.11975261363052489, 0.047304807932676364, 0.03874269512005132,
22, 6.988417058840671e-06, 6.988417058815247e-06, 0.00023915899745587845, 0.0365608377498801, 0.03169622001325129, 0.03092152447561974, 0.29826861541324134, 0.01801384082332981, 0.19939941432861244, 0.12113533755778194, 0.0287033623125677, 0.029224575513282114, 0.11979383147542066, 0.047302481635446106, 0.038726823126010106,
23, 7.483122351959667e-06, 7.483122351918832e-06, 0.00024010139049563097, 0.0365441297911225, 0.031686402363857426, 0.030903482013264264, 0.29829481031164184, 0.01799147959746877, 0.1994012559561232, 0.12118199300637572, 0.028684310184953942, 0.02920536068819329, 0.11983973042129753, 0.04730143857170279, 0.03871053971436935,
24, 7.536098007958678e-06, 7.536098007917554e-06, 0.00023727523013647531, 0.036529382891231324, 0.031677941550681696, 0.030887569411511894, 0.29831671252627207, 0.017970287810568357, 0.19940083787014004, 0.1212273681064454, 0.028667337648594977, 0.029187459901534974, 0.11988434059165581, 0.04730182973061301, 0.0386965847911509,
25, 7.146710309403012e-06, 7.146710309377012e-06, 0.00023341494894831, 0.03651779538292631, 0.031669913447595975, 0.03087308046947183, 0.2983387760702363, 0.017949687272570698, 0.19939629247131804, 0.12126971852422792, 0.02865176500103465, 0.029171263193709166, 0.11992594934387248, 0.04730286414839093, 0.03868518656214589,
26, 6.169062856086975e-06, 6.169062856064532e-06, 0.00022301404359794492, 0.036507905268449596, 0.031663128728961314, 0.030860455069233798, 0.2983581756052688, 0.017930039000582668, 0.19939058231677273, 0.1213117832458314, 0.028637990652291143, 0.029156171427068747, 0.11996725352872019, 0.047305344120813976, 0.0386758191242371,
27, 5.417457607702837e-06, 5.417457607673275e-06, 0.00021648538348646726, 0.03649751233634319, 0.03165751550226243, 0.03084746800310903, 0.29836807702675366, 0.017911390897537238, 0.19937742448735365, 0.12135860954008311, 0.028623877958360213, 0.029142277418847357, 0.120013300100139, 0.04730919497047999, 0.03866603171772501,
28, 4.034945660363516e-06, 4.0349456603414976e-06, 0.00020084318196321313, 0.0364892459277602, 0.031653492928822524, 0.030836721455472314, 0.29837491213062023, 0.017893912801943652, 0.19936273644776364, 0.12140539218340207, 0.028611928836469996, 0.02912980170892062, 0.12005928043976298, 0.0473149121101794, 0.03865875021237747,
29, 3.597217576498695e-06, 3.597217576479065e-06, 0.00019281955538606044, 0.03648195696749237, 0.03165009881313433, 0.030826811490093014, 0.2983759729839926, 0.017877143925161734, 0.19934338179847544, 0.12144953691807256, 0.02860086268222522, 0.02911808868441083, 0.12010266037139027, 0.047320934501595996, 0.03865253712917282,
30, 3.4354639709546217e-06, 3.4354639709358743e-06, 0.0001880094915788785, 0.03647322529377836, 0.03164594683258952, 0.03081545914082996, 0.2983828285629012, 0.017858921961787462, 0.19932861340822602, 0.12149193431145393, 0.028588408242692993, 0.029104681091775053, 0.12014431073962809, 0.047325969617071195, 0.0386448206332951,
31, 2.812000652235835e-06, 2.81200065222049e-06, 0.00017461320690836184, 0.036464153923322286, 0.03164036291336188, 0.03080344939278768, 0.29839878118620977, 0.017840742878015667, 0.1993207236901138, 0.12153408921452055, 0.028575281871986866, 0.029091099046757305, 0.1201857054481424, 0.04732936438383197, 0.038636009099048796,
32, 2.2544448147962877e-06, 2.2544448147839854e-06, 0.00016516364564519865, 0.036454502956957645, 0.03163569817620358, 0.0307910066977183, 0.2984066889335567, 0.01782333158229052, 0.19930654341158321, 0.12158049680259578, 0.02856174193031976, 0.029078441248237632, 0.12023133443443644, 0.047333859937751264, 0.0386266816095442,
33, 1.9935126010352725e-06, 1.993512601024394e-06, 0.00015839897027390486, 0.036443479594052294, 0.03162950412823024, 0.030777336288161174, 0.2984196958587, 0.017805508891025584, 0.19929684466860062, 0.12162531827943483, 0.028547030981471374, 0.02906518974120063, 0.12027540184417132, 0.047336344013633395, 0.038615959972602615,
34, 1.9949267954347423e-06, 1.994926795423856e-06, 0.0001540887285022461, 0.036431087540823665, 0.03162171031821476, 0.03076242706689124, 0.29843819453809056, 0.017787325918861348, 0.1992919039387051, 0.12166839538402303, 0.02853114199796489, 0.029051413427874973, 0.1203177517119525, 0.04733671429047123, 0.0386038555407328,
35, 1.6743503817160892e-06, 1.6743503817069522e-06, 0.00014202378684596912, 0.03641824538623119, 0.03161236800201841, 0.030746745607843722, 0.29846581435982905, 0.017769125044866708, 0.19929376368931115, 0.12171112158320534, 0.028514467710167253, 0.029037390677034574, 0.1203597382171593, 0.04733532380326673, 0.03859052368873706,
36, 1.3077739934018866e-06, 1.3077739933947502e-06, 0.000132038899575501, 0.03640403387072082, 0.031603052553534725, 0.03072987855290674, 0.29849938823118266, 0.017748264042860364, 0.19930068546302881, 0.12175291903131488, 0.02849661800173936, 0.02901994181455645, 0.12040079726009624, 0.04733411052797789, 0.038575656459296837,
37, 1.210389990547937e-06, 1.210389990541332e-06, 0.00012628428665437946, 0.036390801096577254, 0.03159443404482075, 0.030713868884478572, 0.2985284922859203, 0.017728118484971626, 0.1993040723183643, 0.1217930697900992, 0.028479659381922092, 0.029003295431268332, 0.1204402353205263, 0.04733338138350525, 0.038561866768134154,
38, 8.654005948414075e-07, 8.654005948366851e-07, 0.00011267235407395406, 0.03637929253614355, 0.03158708387676459, 0.030699750569979884, 0.29855506034189844, 0.017708924530502615, 0.19930640667011665, 0.12183303840800186, 0.02846452456665748, 0.02898776857063115, 0.1204794712102556, 0.047334135092126, 0.0385501407297999,
39, 7.303368564045514e-07, 7.30336856400566e-07, 0.000103454330324503, 0.0363663078446794, 0.03157802772157433, 0.030684295748989652, 0.29858683314230927, 0.017689301479044538, 0.19931322780580527, 0.12187102886252361, 0.02844811863746464, 0.02897162636277153, 0.12051675760113717, 0.04733264058361161, 0.038536919463894106,
40, 7.35473099665552e-07, 7.354730996615386e-07, 9.728163510332081e-05, 0.036351898144265565, 0.031567319908120006, 0.030667543855251885, 0.2986241553518732, 0.0176692673391632, 0.19932474790524687, 0.1219073141048693, 0.02843047590762891, 0.028954907739147558, 0.12055236409546059, 0.047328996841828695, 0.03852225648424535,
41, 8.456586586236211e-07, 8.456586586205447e-07, 9.288794392700751e-05, 0.03633610076863285, 0.031555081339351726, 0.030649531235336237, 0.29866704530969823, 0.01764877714443751, 0.19934091671692114, 0.12194238936357431, 0.02841162226362601, 0.02893757706657455, 0.12058677949452179, 0.047323415316728824, 0.03850618497873589,
42, 7.399527822433033e-07, 7.399527822406113e-07, 8.268433450155303e-05, 0.03631956007686613, 0.03154233085588011, 0.030629950384176503, 0.2987200911452099, 0.017626016141826635, 0.19936292704640649, 0.12197708652520675, 0.028391201641210614, 0.028918893249575216, 0.12062080296300517, 0.0473174265982325, 0.03848954939311089,
43, 8.347564859358103e-07, 8.347564859327735e-07, 7.740440320753671e-05, 0.03630435063602811, 0.031530544728683954, 0.03061155747421141, 0.298767261883692, 0.017604227904856076, 0.19938038092225555, 0.12200986584404246, 0.028372008683419374, 0.028901278644617143, 0.12065293870473055, 0.04731214976425692, 0.038474361152969164,
44, 7.458651454511311e-07, 7.458651454484177e-07, 6.509346161645999e-05, 0.03629084204453646, 0.03151999696112579, 0.030595052330123426, 0.2988116299405217, 0.01758339748091747, 0.19939665493563577, 0.12204226332881983, 0.028354639644393255, 0.028884765434328642, 0.12068467515169136, 0.047308286776609344, 0.03846121103866019,
45, 4.0481736244461787e-07, 4.0481736244314515e-07, 4.5629422697894813e-05, 0.03627551067598629, 0.03150973642646633, 0.030577943755502737, 0.298862954777315, 0.017561033722874212, 0.19942109293526777, 0.12207605758122143, 0.028336645888544603, 0.028864267157622744, 0.12071779277530428, 0.04730520207320747, 0.03844532343190651,
46, 2.485516669511955e-07, 2.485516669502913e-07, 3.289447216031401e-05, 0.03625854524519008, 0.031497628795467025, 0.030559340799770032, 0.2989192495958943, 0.017538139225063212, 0.19944974749376843, 0.12210757872475375, 0.028317231743443853, 0.028843025387936858, 0.12074866881292538, 0.04729967518067847, 0.03842777767747584,
47, 2.0779356545388409e-07, 2.0779356545312813e-07, 2.5782646257040258e-05, 0.03624288884263547, 0.03148643915203601, 0.030541894827680813, 0.2989694779962141, 0.01751620174107323, 0.1994736690584076, 0.12213718682313837, 0.028299010153078525, 0.028822872049613753, 0.12077766052342707, 0.04729483673917157, 0.0384116641174933,
48, 1.2388258415282904e-07, 1.2388258415237834e-07, 1.9838470473513624e-05, 0.03622582673444903, 0.03147527319156603, 0.03052322526546572, 0.2990262726757224, 0.017491446122595854, 0.1995030183450754, 0.1221660703363256, 0.028279572232399727, 0.028799104658840308, 0.12080592564612147, 0.04729020197401769, 0.0383939768392832,
49, 8.969545540105647e-08, 8.969545540089333e-08, 1.6313489876884667e-05, 0.03620990565209956, 0.03146494538460112, 0.030505551955757024, 0.2990786662000942, 0.017467557104035827, 0.1995288930930061, 0.12219373282729414, 0.028261158580943416, 0.028776340281222317, 0.12083299115397539, 0.047286230783088405, 0.03837753436186091,
50, 6.867818848832792e-08, 6.8678188488203e-08, 1.380852522409081e-05, 0.036192614064652025, 0.03145312033985664, 0.03048661798162733, 0.2991370652246781, 0.017443186800621336, 0.19955967685824108, 0.12222028732471936, 0.02824153567431077, 0.028752941189792162, 0.12085896626562313, 0.04728034662526451, 0.03835969602832711,
51, 7.628536124349157e-08, 7.628536124321405e-08, 1.2504418666252468e-05, 0.03617681543171051, 0.0314423992434884, 0.030469011351773004, 0.2991903969725845, 0.017419903655131682, 0.1995864695338336, 0.12224562358462414, 0.028223263177954542, 0.028730808903917587, 0.1208837446421338, 0.04727542515465751, 0.03834348161708988,
52, 1.0076929247167552e-07, 1.0076929247149222e-07, 1.1708994139896803e-05, 0.036159637415512536, 0.03143009275715444, 0.030450136677369698, 0.2992502292710933, 0.01739618850100782, 0.19961857246387452, 0.12226971073042975, 0.028203777145931044, 0.02870810150039918, 0.12090729275884063, 0.047268478052531926, 0.038325872452418135,
53, 1.4272721129976674e-07, 1.4272721129976674e-07, 1.1260406382598814e-05, 0.03614107618590283, 0.03141627463201629, 0.030429983503525368, 0.299316412774808, 0.017371977686736102, 0.19965581476513847, 0.12229278454738876, 0.02818306340834134, 0.02868475062326424, 0.12092984369623194, 0.04725961664824937, 0.03830685592684874,
54, 2.197632890548477e-07, 2.1976328905444796e-07, 1.1124874325787543e-05, 0.03612110075673447, 0.03140091006040045, 0.0304085149763228, 0.2993891463624257, 0.01734724799324058, 0.19969832090969453, 0.1223148137827856, 0.028161086503043272, 0.02866073194303881, 0.12095136644252526, 0.0472487971408974, 0.038286398987063534,
55, 3.590870058234008e-07, 3.590870058234008e-07, 1.1274881975367103e-05, 0.036099649116297115, 0.03138393963725547, 0.03038567611759921, 0.29946864832699255, 0.017321959303358597, 0.19974624970684957, 0.12233581159074859, 0.02813779074620433, 0.028636000524454707, 0.12097187337809087, 0.047235969316214495, 0.03826443943944004,
56, 3.354808967496542e-07, 3.354808967496542e-07, 1.0938131148296444e-05, 0.03607640648697371, 0.03136914122986001, 0.03036424807169239, 0.29953205868764904, 0.01729855613001057, 0.19978902718642697, 0.12236397419908103, 0.028115844618946267, 0.02861153604340778, 0.1209995059758429, 0.04722598749350061, 0.03824210504364324,
57, 4.03594458448414e-07, 4.03594458448414e-07, 1.1055406028381923e-05, 0.036054472778129065, 0.03135530633610174, 0.030343929532934237, 0.29959137679687053, 0.017276047912557824, 0.19982846088960313, 0.12239117053939916, 0.028095030266746934, 0.028588154504787334, 0.1210261906929222, 0.04721682963094175, 0.03822116778428363,
58, 4.548925482381468e-07, 4.548925482381468e-07, 1.14547515033431e-05, 0.03603227058947867, 0.031342717210258476, 0.030323481426371476, 0.29964283043984286, 0.01725460405981667, 0.19986191579369358, 0.12242298282498856, 0.02807409743416154, 0.028566078375300983, 0.12105747431982598, 0.04720914436846957, 0.038200038881564584,
59, 3.575598236270393e-07, 3.575598236263889e-07, 1.1005593043000987e-05, 0.036011593636058964, 0.03133111011598143, 0.03030473059637027, 0.29968995671251186, 0.01723398398300345, 0.1998930400802971, 0.12245345109577808, 0.028054810111452663, 0.02854494037960554, 0.12108740552358459, 0.04720250532793574, 0.03818075198626526,
60, 3.593222764712385e-07, 3.593222764712385e-07, 1.101559831803189e-05, 0.03599215956881838, 0.03132041232415163, 0.030287027324098038, 0.2997332653094844, 0.017214192849906898, 0.19992100981757974, 0.12248296167646082, 0.02803659053822519, 0.02852481241190485, 0.12111639707567923, 0.04719664723605678, 0.03816278988652077,
61, 4.984239030325178e-07, 4.984239030316111e-07, 1.1605494046759664e-05, 0.035974252765659104, 0.031310821251659016, 0.030270616565308304, 0.2997719052963732, 0.017195397600819593, 0.19994511607844806, 0.12251127993079505, 0.028019685068057715, 0.028505900123296936, 0.12114421776229803, 0.04719174969344842, 0.03814645578355869,
62, 5.90268344896704e-07, 5.90268344896704e-07, 1.2350548029995914e-05, 0.03595495533750922, 0.031301292088564726, 0.03025304551803036, 0.2998170671972319, 0.01717395731288855, 0.19997478277317352, 0.12253905351493348, 0.028001626354239063, 0.028483487971178934, 0.12117149000110827, 0.04718711807507723, 0.03812859303267261,
63, 6.400444158678321e-07, 6.400444158655036e-07, 1.3309437424153838e-05, 0.035934241676234914, 0.03129183330103314, 0.0302342828816639, 0.2998689548885783, 0.017149752213121636, 0.2000101486578084, 0.12256626255658033, 0.027982384664944588, 0.028457431458125095, 0.1211981944437969, 0.047182749301359565, 0.03810917469292025,
64, 4.865097359745417e-07, 4.865097359727718e-07, 1.33440719960559e-05, 0.03591525322243946, 0.03128323697448189, 0.030215499139306913, 0.2999143712453977, 0.0171262798895242, 0.20003619200383546, 0.12259817746547014, 0.027963096730415776, 0.02843362245536086, 0.12122957404811059, 0.04717958829946788, 0.03809079169735716,
65, 4.224178360951987e-07, 4.224178360928936e-07, 1.3667968973290785e-05, 0.03589487461147989, 0.03127317650377041, 0.03019546166986239, 0.29996586940068787, 0.017102330151142625, 0.2000672922252442, 0.12262912492194049, 0.027942604866274794, 0.028409176959236438, 0.12126000209493373, 0.04717456673888899, 0.038071007313625276,
66, 4.994933799548507e-07, 4.994933799539421e-07, 1.4733145458168377e-05, 0.035876046514658484, 0.03126421581222114, 0.030176757965941686, 0.3000125120768738, 0.01707944643257461, 0.20009443093901716, 0.1226588067967748, 0.02792346889726371, 0.028386012629176265, 0.12128918641964642, 0.04717049821221572, 0.03805288543225367,
67, 7.306155854898304e-07, 7.306155854871724e-07, 1.6686092604926002e-05, 0.03585837878223259, 0.031256096906089825, 0.030159043647601975, 0.3000553160335619, 0.01705736126728799, 0.20011841876721295, 0.12268750773648703, 0.027905340978147047, 0.02836381575328168, 0.12131740714937479, 0.047167152109165084, 0.03803601380674144,
68, 7.384712804846011e-07, 7.384712804819145e-07, 1.7273440636161807e-05, 0.035842142701032274, 0.031248661814947173, 0.030141166217325543, 0.30009287745159685, 0.017035801728618166, 0.20013445221764564, 0.1227207490799262, 0.02788702587772826, 0.028343496975048336, 0.12135013697175445, 0.04716480409226591, 0.0380199347496708,
69, 9.043085205461678e-07, 9.043085205428779e-07, 1.8454940302229332e-05, 0.035824565233320206, 0.03123971049557913, 0.030122048815367813, 0.3001366114035313, 0.017013854407230987, 0.20015559586919685, 0.12275265793250097, 0.027867531690137823, 0.028322647746742546, 0.12138155575963368, 0.04716045350343202, 0.03800250384817585,
70, 8.454541641834632e-07, 8.454541641803875e-07, 1.8531891491788417e-05, 0.035806039758532276, 0.03123008808787226, 0.03010120481807233, 0.30018940066669186, 0.016989531221386755, 0.20018187898912893, 0.12278346073348954, 0.027846331494485864, 0.028300246830007075, 0.1214118623997733, 0.04715543020115243, 0.037984302262242246,
71, 9.594200320136924e-07, 9.594200320119473e-07, 1.924913677491691e-05, 0.035788714517182754, 0.031221347220804163, 0.030081409175036548, 0.30023825054721187, 0.016966070170550893, 0.20020499362212715, 0.12281325987786933, 0.027826200782415024, 0.028278853259936308, 0.12144118389423142, 0.047151154024833934, 0.037967395192952356,
72, 1.3185995569818838e-06, 1.3185995569818838e-06, 2.079957688111626e-05, 0.03577253434251945, 0.03121345063936676, 0.03006260708976663, 0.30028320752268384, 0.016943417107912896, 0.20022495451542674, 0.12284205772908817, 0.027807084022816234, 0.028258411215508202, 0.12146952213709299, 0.047147591184816935, 0.03795172597998017,
73, 1.3995850397946606e-06, 1.3995850397921149e-06, 2.0876068361809643e-05, 0.03575555875378389, 0.03120365293014955, 0.030042755329328534, 0.3003365208107699, 0.01692055622238515, 0.20025119497299665, 0.1228692381151377, 0.027786928076888276, 0.02823743325306502, 0.12149624150171104, 0.04714172307418611, 0.03793452198355517,
74, 1.7360393656121547e-06, 1.736039365608997e-06, 2.1567146302689756e-05, 0.03573972266264791, 0.031194697904965714, 0.03002390995740577, 0.3003859284054354, 0.01689849552593488, 0.2002743104302215, 0.12289549331950671, 0.027767794132880195, 0.028217401337088246, 0.1215220518338041, 0.04713659897630198, 0.03791855655071719,
75, 1.7737423148221635e-06, 1.773742314818937e-06, 2.1799229823316623e-05, 0.035722569282416676, 0.03118349925511549, 0.030003881232677245, 0.30044320498344385, 0.016876127704541527, 0.20030322310398108, 0.12291957220381457, 0.027747498982632245, 0.02819811310821995, 0.1215457017066295, 0.04712900160968706, 0.03790226037410858,
76, 1.5094182355302605e-06, 1.5094182355247692e-06, 2.1353962652965534e-05, 0.03570370465526417, 0.031174542459423887, 0.029985316723858114, 0.30048404307319765, 0.016855663641417853, 0.20032655709000602, 0.12295114695577922, 0.02772859917318904, 0.02817918396027722, 0.12157680493401497, 0.04712437483246554, 0.03788568996417438,
77, 9.091378451983502e-07, 9.091378451950427e-07, 1.9466748368065088e-05, 0.0356863266420984, 0.031166562770632598, 0.029968415429515276, 0.3005209977946552, 0.01683600175978367, 0.20034786858935522, 0.12298158519719712, 0.027711305265951593, 0.028161164377938197, 0.12160676103147111, 0.04712082232385924, 0.0378709040565397,
78, 6.947503910498395e-07, 6.947503910460482e-07, 1.8601205935592872e-05, 0.035670380699704005, 0.031159591940094426, 0.02995274329573529, 0.30055320903875854, 0.01681728288957847, 0.20036528624229424, 0.12301074079211226, 0.02769525720945914, 0.02814427124477662, 0.12163545508560841, 0.04711815853582881, 0.03785763258219472,
79, 6.433017882768415e-07, 6.433017882745011e-07, 1.8343296161902094e-05, 0.035655556627296074, 0.031153444188970616, 0.02993803466609091, 0.3005817960087306, 0.016799312501672055, 0.20037972238165289, 0.12303899441718173, 0.0276801858492855, 0.02812827715554156, 0.12166326307788654, 0.04711622781743135, 0.03784555567112592,
80, 7.241915956756004e-07, 7.24191595674283e-07, 1.8628960333811756e-05, 0.035641835004589804, 0.031148114544583435, 0.029924272817354148, 0.300606840399627, 0.016782071569081687, 0.20039123536921882, 0.1230663940709587, 0.027666073318732727, 0.028113164587890333, 0.12169023240972471, 0.047115032074898394, 0.03783465675322346,
81, 9.93199537625469e-07, 9.93199537625469e-07, 1.956215847560054e-05, 0.03562920153126052, 0.031143594711236195, 0.02991143194814591, 0.30062836687278743, 0.01676553785606786, 0.20039981176986554, 0.12309290169686644, 0.027652895342990733, 0.028098916198495277, 0.12171632563504138, 0.04711454687877227, 0.03782492126421188,
82, 1.0190843683258664e-06, 1.0190843683240127e-06, 1.9836491895297865e-05, 0.03561471579495246, 0.031140895410252747, 0.029899644276277913, 0.3006360218756628, 0.016750421601214795, 0.20040386619283634, 0.12312649151076167, 0.027640706581259722, 0.028084674847160436, 0.121749459749749, 0.047116596276989796, 0.037814631485564784,
83, 8.042203529052335e-07, 8.042203529052335e-07, 1.9054927834856662e-05, 0.035601505922157, 0.031138808219850524, 0.029887595643388828, 0.30063870721348357, 0.016735668695299057, 0.20040016490973275, 0.12316475560611259, 0.027628233816006736, 0.02807206909223883, 0.12178723472511065, 0.04711959172574737, 0.037805001325708264,
84, 5.520199676249412e-07, 5.520199676239371e-07, 1.851401023098953e-05, 0.03558706756978928, 0.031136852608915584, 0.029874515606838292, 0.3006473281323477, 0.016718533925056404, 0.20040160105166116, 0.12320228816210432, 0.027614745365858343, 0.028056283367216314, 0.12182427831983236, 0.047122873270072946, 0.03779401483305181,
85, 4.6427462832716406e-07, 4.642746283254751e-07, 1.8481449118257173e-05, 0.035571397718422534, 0.03113346715740592, 0.02986032770949678, 0.30066172937080105, 0.01670112164957808, 0.2004079707375019, 0.12323837518952942, 0.027600212262634188, 0.028040078138310384, 0.1218598999318549, 0.04712420735129171, 0.03778180304751789,
86, 5.272663507441467e-07, 5.272663507422285e-07, 1.921139587652314e-05, 0.03555715031341528, 0.03113110679018992, 0.029847335067499217, 0.3006717936126287, 0.016684615270268602, 0.2004106891381885, 0.123273273508638, 0.02758689076724066, 0.028024985106037494, 0.12189435370714442, 0.04712644165480663, 0.03777109939886248,
87, 7.81767723866108e-07, 7.817677238646861e-07, 2.0875271421081722e-05, 0.035544247453605904, 0.031129716854170843, 0.02983548015914981, 0.3006775542367164, 0.016668942569095006, 0.2004097881820259, 0.12330706862988763, 0.027574717567703126, 0.02801092935852883, 0.12192772231004359, 0.0471295634606628, 0.037761830675009385,
88, 8.123185741894055e-07, 8.123185741864503e-07, 2.170519748933635e-05, 0.03552942769548777, 0.031130138857598938, 0.029824628375014386, 0.30066938765040335, 0.016654619779364686, 0.2004042962713037, 0.12334824019593535, 0.027563482287724525, 0.02799682383529442, 0.12196842337072718, 0.04713523894695573, 0.03775196316217516,
89, 6.19878303884843e-07, 6.198783038825878e-07, 2.1464142629725078e-05, 0.03551608099297399, 0.03113133770242096, 0.029813613181762132, 0.30065520520191935, 0.01664077137200168, 0.200389894602296, 0.12339453841549325, 0.027552057803955952, 0.02798456577741998, 0.1220142155613605, 0.047142087259924345, 0.037742928492262816,
90, 6.106774677579976e-07, 6.10677467755776e-07, 2.194784314306966e-05, 0.03550409402583199, 0.031133532920289985, 0.029803751934994488, 0.30063677166010216, 0.01662774988612513, 0.2003719173767833, 0.12343973712432746, 0.027541796004915128, 0.027973342831177465, 0.12205892686717755, 0.047149862994010854, 0.03773534744017371,
91, 6.746454442727376e-07, 6.746454442690561e-07, 2.2992935001123878e-05, 0.03549254778648179, 0.031136812932599463, 0.02979432448782197, 0.30060824698308625, 0.016615358997086143, 0.20034558382555992, 0.12349092921104948, 0.02753192856351701, 0.027962968306555955, 0.12210959466100448, 0.04715913569590651, 0.03772822658823543,
92, 5.811744186200232e-07, 5.811744186168518e-07, 2.3698615194802153e-05, 0.03548399849791836, 0.03114043359152005, 0.029786179614611663, 0.30057999610999314, 0.016603423273530697, 0.20031507204248308, 0.1235389872845834, 0.0275233080412122, 0.027954117609574298, 0.12215714855758326, 0.04716898333110543, 0.03772349134703761,
93, 5.568250906496549e-07, 5.568250906476291e-07, 2.5068395615744738e-05, 0.035474150475973326, 0.031143415023356023, 0.029776749151502396, 0.30055809148154317, 0.016590214020482722, 0.20028958102296887, 0.12358566786700996, 0.027513452286346718, 0.02794372997784152, 0.12220333691017776, 0.0471780237328437, 0.03771740627024482,
94, 6.21531854532253e-07, 6.215318545299918e-07, 2.7139950258330593e-05, 0.03546309331344651, 0.031145017084714927, 0.02976623797457115, 0.30054167888092603, 0.01657669642046369, 0.20026884902170897, 0.1236310461995086, 0.027502573891534404, 0.027932879374166466, 0.1222482441240161, 0.047185203502796064, 0.03771009746477735,
95, 7.910296258016968e-07, 7.91029625798819e-07, 3.0058311922966913e-05, 0.0354507833283489, 0.03114522175360208, 0.02975461909512685, 0.30053068956014545, 0.016562839419798893, 0.20025282456527485, 0.12367519901312607, 0.02749064324763863, 0.02792153060731255, 0.1222919452131018, 0.04719053466808435, 0.03770152942259289,
96, 7.93072190692887e-07, 7.930721906900018e-07, 3.099372455871375e-05, 0.0354402035161146, 0.0311465838353865, 0.02974485684231515, 0.30051540070334304, 0.016549886883521627, 0.20023440280004076, 0.12371794644484709, 0.027480504551220246, 0.02791125677827037, 0.12233423099826636, 0.04719713565883647, 0.037695011385362756,
97, 9.635716540811081e-07, 9.635716540776027e-07, 3.29680964372181e-05, 0.03543065818344716, 0.031148738513293542, 0.029735958210505346, 0.30049662140699546, 0.016537564973031056, 0.200213002891935, 0.12375981972920626, 0.02747124063043333, 0.027901784079648433, 0.1223756585899762, 0.047204445782919616, 0.03768961203476124,
98, 1.3095722975196205e-06, 1.3095722975148564e-06, 3.5787478889360975e-05, 0.035419860132550614, 0.03114948922664892, 0.029725952743832797, 0.3004832147922067, 0.016524900285855973, 0.20019626542037414, 0.12380045751822322, 0.027460925950156426, 0.027891807389733875, 0.12241586990800027, 0.047209899064139534, 0.03768295121113833,
99, 2.0899199590322323e-06, 2.0899199590246294e-06, 4.0263601114863286e-05, 0.03540773067907775, 0.031148713586020692, 0.029714748174428464, 0.30047524001191395, 0.0165118877642323, 0.20018420705524667, 0.12383948281356724, 0.027449480060810577, 0.027881325931125526, 0.12245449318910973, 0.04721328358013686, 0.03767496397964068,
100, 3.823302698148597e-06, 3.823302698141643e-06, 4.792265807802534e-05, 0.03539638249701127, 0.03114852977489118, 0.0297041694901725, 0.3004630994920728, 0.016499301831694863, 0.20016859414858562, 0.12387732530575156, 0.02743867863418964, 0.027871414081440175, 0.12249195095151728, 0.04721713278686507, 0.037667852007778904,
101, 5.682922811091454e-06, 5.682922811081117e-06, 5.793762092585477e-05, 0.03538344708681857, 0.031148335316730866, 0.029692245262547486, 0.30045624274915456, 0.01648427849155366, 0.20015765521206225, 0.12391466535454325, 0.02742656334173499, 0.02785823190189427, 0.1225289077375382, 0.04722108177511226, 0.0376590425690745,
102, 6.555319985721439e-06, 6.555319985709515e-06, 6.423937595129105e-05, 0.03536887566582773, 0.031150216154361733, 0.029681601648872544, 0.30043595226727865, 0.016470829710739977, 0.20014263991601827, 0.12395998614369251, 0.02741565456478035, 0.02784527173216902, 0.1225737997148663, 0.04722790329203011, 0.037649919439721034,
103, 6.8034544362855615e-06, 6.803454436273186e-06, 6.807316518068304e-05, 0.03535251657471238, 0.031152302151168137, 0.029670418310255246, 0.30042100038950087, 0.01645613926373192, 0.20013479265659884, 0.12400576277316028, 0.02740420754343429, 0.02782860430423175, 0.12261914507996971, 0.04723527660451589, 0.03763815454006993,
104, 7.739066087622049e-06, 7.739066087607971e-06, 7.471527041821018e-05, 0.03533702209329903, 0.031155035685424014, 0.029659933889485932, 0.30040199950816115, 0.01644194041900026, 0.20012354870144125, 0.12405038741671966, 0.027393475468004278, 0.027812582112315836, 0.12266335579244574, 0.04724318841128713, 0.03762733736496985,
105, 8.14211128566044e-06, 8.14211128564563e-06, 7.727399873883316e-05, 0.03532351018478226, 0.0311590705098017, 0.029651474208706962, 0.3003792112709042, 0.016428805579690925, 0.200110291287718, 0.12409381026517724, 0.027384697094910076, 0.02779788004552047, 0.1227063534790293, 0.0472525391435768, 0.037618798974339715,
106, 7.964400930324846e-06, 7.964400930310358e-06, 7.835409829704985e-05, 0.03530811649217523, 0.031165322436832475, 0.029644228120323645, 0.300340398983062, 0.016417171483019587, 0.20009150338547999, 0.12414586713253586, 0.027377055287436027, 0.027783297461163023, 0.12275793331384208, 0.0472649780688537, 0.03760984520059629,
107, 7.120212161420394e-06, 7.120212161407443e-06, 7.8226660411983e-05, 0.03529061866222159, 0.031173606139573897, 0.029637988490515067, 0.3002861805729916, 0.01640680389376402, 0.2000677687113711, 0.12420677498937828, 0.02737034583815816, 0.027768561989259852, 0.12281831021998547, 0.04728033438685952, 0.03760023928712798,
108, 5.190371559701439e-06, 5.190371559691998e-06, 7.577749288500479e-05, 0.03527443568969735, 0.031182762822171518, 0.02963155865419905, 0.30022620934966365, 0.01639680294269779, 0.20003578177848358, 0.12427399996558525, 0.027363414480161663, 0.027755511891493966, 0.12288495902433275, 0.047297036783253234, 0.03759136864853835,
109, 4.172688573901896e-06, 4.172688573879125e-06, 7.436324116790884e-05, 0.0352569515182495, 0.031190314873153664, 0.02962395240485708, 0.300172220975568, 0.01638646078364252, 0.2000086460339308, 0.12433915247306242, 0.02735537388271332, 0.027741948070312886, 0.12294956354438143, 0.04731154610450859, 0.03758116098529194,
110, 3.7614446967878847e-06, 3.7614446967673585e-06, 7.393208355492116e-05, 0.0352381732847962, 0.031196236970514477, 0.02961519279993061, 0.30012450898492193, 0.016375839080837507, 0.19998665103922106, 0.12440219002984067, 0.027346248010514156, 0.0277279473179102, 0.12301208207220565, 0.04732383072267096, 0.03756964498187447,
111, 3.776239603681596e-06, 3.776239603667858e-06, 7.473890680072074e-05, 0.03522048329154817, 0.031202954724858057, 0.029607299647984753, 0.3000730148856997, 0.016365839147126342, 0.19996153469921712, 0.12446416272646711, 0.02733800025128578, 0.027714769634130037, 0.12307355408521657, 0.047336819843758406, 0.03755927594559307,
112, 3.430075933967533e-06, 3.4300759339612937e-06, 7.342705975861284e-05, 0.03520430520944324, 0.03121070280868843, 0.029601016456007465, 0.3000178922172903, 0.01635655699848081, 0.1999346407830973, 0.12452512190520326, 0.0273312944868512, 0.027702485347996728, 0.12313399738030624, 0.04735100059284963, 0.03755069887185646,
