Optimize time:20.126931413610777
Begin Prob:-13094.199202611868
End Prob:-12889.374870300106
Substitution parameters:[0.2188026253098364, 0.26840081553716266, 0.2765540645202186, 0.23624249463278232, 1.1107199288988368]
Trees:
(1:854.1021121477182,(5:903.2112191969323,(3:899.2110484511188,(2:854.1021581494332,4:899.2110484511188):854.1019510658407):854.1020395938073):854.1021121477182);
(1:854.1021581494332,(3:647.3542501225671,(5:899.2122895245762,(2:580.4888677823378,4:858.7202117146146):645.8942561713288):854.1021581494332):855.5683855531581);
(1:854.1021581494332,(4:854.1021581494332,(3:854.6895385764725,(2:854.1021121477182,5:854.1021581494332):645.895231528895):854.1021121477182):854.1014516594848);
(1:854.0624074831551,((4:854.1021121477182,5:854.1867701513236):854.1021581494332,(2:854.1021121477182,3:899.2122895245762):854.1021121477182):854.1017004497772);
(1:854.1021121477182,(4:854.1021581494332,(5:854.1014516594848,(2:854.0953659085079,3:854.1470663526402):854.0034964600892):854.1021121477182):854.1021121477182);
(1:854.6093377611645,(2:854.1019786570266,(4:854.1021121477182,(3:854.1021581494332,5:645.8983878522816):854.0034964600892):854.1021121477182):578.9336912063301);
(1:855.5683855531581,(2:900.9051780724409,(5:854.1021121477182,(3:624.2063684293042,4:856.2394096400054):627.7684482960694):854.1021581494332):580.4869344996049);
(1:854.0036134420897,(5:645.7151036766016,(4:899.2127243630902,(2:854.8026665244444,3:855.0445793793594):899.2087081650169):846.9207968705346):854.1620189835353);
(1:653.4358784257457,(3:882.0749737023591,(4:652.6856691977534,(2:854.1022129270862,5:899.2110484511188):880.2150001435981):854.1021581494332):899.2086055135684);
(1:854.1021121477182,(5:855.5683855531581,(2:853.9969604534684,(3:854.1021121477182,4:578.9336912063301):854.6911542994596):580.4869344996049):854.0904964218046);
(1:986.844317240464,((2:652.6856691977534,5:982.9399457574999):850.8561603885519,(3:652.6856691977534,4:881.8060708520723):986.844317240464):999.4146828088291);
(1:899.212660921006,(3:854.0903630809909,(2:899.2110484511188,(4:899.2127243630902,5:881.8060708520723):649.3004304151631):652.6856691977534):652.6856691977534);
(1:854.1021121477182,((2:854.1021121477182,4:982.952531841682):881.8052496404842,(3:652.6856691977534,5:986.1112589564726):854.1021121477182):624.9679878166887);
(1:881.8052496404842,(4:899.2087081650169,(2:854.1021121477182,(3:880.2253093837624,5:880.2253093837624):854.1021121477182):646.0412594246243):899.212660921006);
(1:854.1021121477182,(2:580.5530413948499,(3:854.1021121477182,(4:0.25054,5:1.65511):0.0636673):0.0834289):1.35236);

Position, Posteriors1, Posteriors2, Posteriors3, Posteriors4, Posteriors5, Posteriors6, Posteriors7, Posteriors8, Posteriors9, Posteriors10, Posteriors11, Posteriors12, Posteriors13, Posteriors14, Posteriors15,
0, 0.0002782512079172618, 0.00027825120677946804, 0.0002782512070725208, 0.6546960134075629, 0.026240553760373868, 0.030706191387233565, 0.02850995045215192, 0.02992518170817642, 0.037645511997756106, 0.03476265697724179, 0.02913870505376227, 0.03630544865251817, 0.03165756400351899, 0.02922690317151836, 0.03035056615476729,
1, 7.467908925591369e-05, 7.467908884363786e-05, 7.467908913854752e-05, 0.6569767132408217, 0.026064021542759212, 0.03055409755806016, 0.028348138918251446, 0.029740068962318525, 0.03753506446398349, 0.03460763587313054, 0.02898011299416309, 0.036186460299562385, 0.031517512887654, 0.029066803433845913, 0.030199332905752035,
2, 3.732146528478568e-05, 3.7321465003664166e-05, 3.7321465162045354e-05, 0.6582809071458183, 0.02593318540459705, 0.030447917526726605, 0.02823360797097572, 0.029578235280012875, 0.03747392270070062, 0.03447766679145757, 0.02886833295332783, 0.03611461213890134, 0.03143238085204032, 0.028953045539132805, 0.030094221648122907,
3, 5.859605346001557e-06, 5.859605284832081e-06, 5.8596053354709e-06, 0.6591985902329498, 0.02584697363402942, 0.030381396276888004, 0.028164211356843293, 0.029442939578823553, 0.037428251069461044, 0.03437575345679366, 0.02880128030321725, 0.03605979920653612, 0.031367934708795064, 0.02887818555934173, 0.030037106151076753,
4, 3.544700237867522e-06, 3.5447002097294444e-06, 3.5447002417877674e-06, 0.6598644429686327, 0.025786225083194492, 0.030339721724162397, 0.028116768941386913, 0.02930191630294452, 0.03740083806638988, 0.0342580048552091, 0.028755824528980553, 0.03602701887383086, 0.031311364023239904, 0.028825764929967915, 0.03000147595125901,
5, 1.7146605095015908e-06, 1.71466049866948e-06, 1.714660510961259e-06, 0.6601867562279954, 0.0257618753119449, 0.030337048870324363, 0.028108686131951357, 0.02914550551506664, 0.0374193991181201, 0.03412915444080546, 0.028749936347804594, 0.03603856169416759, 0.031299682384074004, 0.028811627802977424, 0.030006622523175878,
6, 7.254719457245098e-07, 7.254719422301407e-07, 7.25471946408076e-07, 0.6603035431840159, 0.025758859739579146, 0.030360307235098253, 0.028123463650247295, 0.02901447860279676, 0.03743092118612664, 0.034027367752027485, 0.028766833841992846, 0.03604264905758958, 0.03131400166439373, 0.028821316410057574, 0.030034081609251577,
7, 1.0889588297095986e-06, 1.0889588265086185e-06, 1.0889588312724534e-06, 0.6600183489988543, 0.02578271258435323, 0.030413436484286804, 0.02816978733541996, 0.028934082774972534, 0.037482635071087116, 0.03398424860229628, 0.028814845170816776, 0.036084166164069925, 0.03136054067976973, 0.028859659878903907, 0.030092269727957255,
8, 5.85640594777925e-06, 5.856405933547189e-06, 5.856405957505202e-06, 0.659256766035173, 0.025838635686400265, 0.030503072755379335, 0.028254260913409882, 0.028906425642945266, 0.03758247502542119, 0.034004406084428555, 0.028900550144724885, 0.03617034088767719, 0.031444982895384395, 0.028932462233702445, 0.030188052826069223,
9, 1.202800243154848e-06, 1.2028002386084316e-06, 1.2028002447520011e-06, 0.6597612138633141, 0.025778511321414205, 0.03046722712061388, 0.028235671348637886, 0.02877758769380181, 0.037569301745465265, 0.033933903645666806, 0.02887835169401466, 0.03612347946063395, 0.03142242685198396, 0.028897469471685484, 0.030151247732261244,
10, 4.850133828679582e-07, 4.85013381571074e-07, 4.850133831220417e-07, 0.659842594445656, 0.02574710196649897, 0.030462254332152675, 0.02824933575953654, 0.028702288524727847, 0.037597019279095825, 0.03392337331259892, 0.028888019354152233, 0.03611551825843949, 0.03143271039788393, 0.028892204633834878, 0.030146125047023152,
11, 1.0523235358714175e-06, 1.0523235330958778e-06, 1.0523235357355117e-06, 0.6594874468707269, 0.025745376077107123, 0.030490165521683037, 0.028298026517381742, 0.028679437067323173, 0.037669402392268264, 0.033975169860579066, 0.028932132754604153, 0.03614875069872494, 0.03147774160922399, 0.02891852909486495, 0.0301746649198242,
12, 2.86204464019828e-06, 2.862044629874725e-06, 2.862044636075105e-06, 0.6589174523499602, 0.02575711429699253, 0.030532714125354177, 0.02835765707035594, 0.028710622631420154, 0.03775038459617751, 0.03407987938048367, 0.028987369824588105, 0.036192250378235466, 0.03153306148174511, 0.02895784974484883, 0.030215058341552536,
13, 4.989359483588583e-06, 4.989359462859931e-06, 4.989359476509622e-06, 0.6581457895453269, 0.025776173914755313, 0.03058110473970193, 0.02842119292682002, 0.028792851145979622, 0.037863252416509084, 0.03423410082730755, 0.02904676934404217, 0.036268937002232736, 0.031592156021142535, 0.029002310586472107, 0.030260393807533665,
14, 1.0697124682895866e-06, 1.0697124636235686e-06, 1.0697124697859036e-06, 0.6574393064917327, 0.025779590712604036, 0.03062538470447892, 0.02848344349050143, 0.028881670374584806, 0.03796844707605586, 0.03441521756279015, 0.029105088648025194, 0.03630786730279027, 0.031655106803886945, 0.02905134368094264, 0.03028432437123772,
15, 3.082522161668445e-07, 3.082522144757506e-07, 3.0825221672306636e-07, 0.6561693170303157, 0.02581851424249888, 0.03071237646177977, 0.02859019618189504, 0.029031072905439666, 0.03813301445308869, 0.034677312720311444, 0.029207559799134936, 0.03639685236908897, 0.03177053874890056, 0.029142283206795534, 0.03035003748040446,
16, 5.237193823324508e-07, 5.237193812826415e-07, 5.237193851532179e-07, 0.6546246537947433, 0.025889487106011914, 0.030834550911189536, 0.02872956254096768, 0.029181108990756675, 0.03833058523726824, 0.03493233335802575, 0.02934215611422017, 0.0365188930468492, 0.03190328166813388, 0.029265318263234273, 0.030446498167121697,
17, 1.535214521636472e-06, 1.5352145197906038e-06, 1.5352145313545077e-06, 0.6522551902913237, 0.026013284824923263, 0.031021709182715348, 0.02893683583146075, 0.02941719802044951, 0.038618367712447525, 0.03530409715056408, 0.02954392185997353, 0.03671520707816723, 0.03211246321667479, 0.029452050688712424, 0.03060506885545288,
18, 8.840082209486685e-06, 8.840082206753081e-06, 8.840082248448563e-06, 0.6493846729877699, 0.02617405430563885, 0.03125209497419753, 0.029182903501615745, 0.02971946628420373, 0.03894662939686106, 0.03574836736811175, 0.02978429190506402, 0.03694925252100405, 0.032352846192306106, 0.029678858571899627, 0.030800042099706125,
19, 1.1360566233237142e-05, 1.1360566229910117e-05, 1.1360566279195544e-05, 0.6489588640085192, 0.026155906798697903, 0.03126128128738562, 0.029223976294699996, 0.029794884773352435, 0.039025587381708186, 0.035907346844529155, 0.029816324515398406, 0.036962737575393215, 0.0323718074361973, 0.02969948720630214, 0.030787714534606894,
20, 2.148603805577398e-06, 2.148603802876771e-06, 2.148603820761095e-06, 0.6492431175577283, 0.026109145702522183, 0.031216348732584408, 0.02921462520497502, 0.029795903178741336, 0.039013752240783406, 0.03596305566159404, 0.029798652295779274, 0.036908252577696504, 0.03232022747198055, 0.029672789529927555, 0.030737684391045086,
21, 1.0352615822112626e-06, 1.0352615804091072e-06, 1.0352615906514506e-06, 0.6493123655413785, 0.026080721230846905, 0.03119038835610739, 0.02921968056190098, 0.029827928708623455, 0.039012970955295954, 0.03604484024750506, 0.029795620439490533, 0.03686825198200052, 0.032277984290484306, 0.02966269938185506, 0.03070344287667724,
22, 2.047417377174926e-06, 2.0474173750297695e-06, 2.047417388425827e-06, 0.6489383884705172, 0.026082369733373228, 0.031198533639166873, 0.029259779440310146, 0.029908207663847053, 0.039057179599713374, 0.036185975523835394, 0.029827422265658796, 0.0368691253597742, 0.03227732199087054, 0.02968590262453091, 0.030703651791065975,
23, 7.894830514439497e-06, 7.894830507560763e-06, 7.894830525583334e-06, 0.6480965197146376, 0.026120592388491074, 0.031248698092533066, 0.029343045355028668, 0.0300083571428149, 0.03915622130878013, 0.036357048028874274, 0.029902065903651576, 0.03691861232283266, 0.032328767012769946, 0.029750736602452654, 0.030745651993197225,
24, 9.184436007894011e-06, 9.18443599761958e-06, 9.184436012321205e-06, 0.6473288414168032, 0.026156704530892624, 0.031304720600978275, 0.029431215349488962, 0.03004955827702528, 0.03926808423975359, 0.03647305504333931, 0.029982342810669253, 0.03697135143926273, 0.032393515165532405, 0.029823023862814393, 0.03079003431082357,
25, 4.406446266587338e-06, 4.406446260816337e-06, 4.4064462688636776e-06, 0.6477685516949842, 0.026103157812019846, 0.03125992950161133, 0.029421299016998376, 0.029943753835095427, 0.03927183871623615, 0.03642820149185237, 0.029964922198159074, 0.03692422516499722, 0.032365011171572665, 0.029796889516236966, 0.030739000895836567,
26, 3.4914404910805843e-06, 3.4914404855553075e-06, 3.4914404930366596e-06, 0.6479505204403765, 0.026073609793634416, 0.031244497095266353, 0.029437150176762874, 0.02986505074311831, 0.03927669293971785, 0.036412671834724304, 0.02997320411353918, 0.03687810577463642, 0.03236711687488991, 0.029797570122863833, 0.030713336124840535,
27, 2.2827525568176047e-06, 2.282752550128245e-06, 2.2827525556425032e-06, 0.6479456917711819, 0.02606139809856182, 0.031247488165577965, 0.029469989155979866, 0.029832877116904237, 0.03926725848967878, 0.0364443542595578, 0.029998593561433213, 0.03681900188044437, 0.03238493761708634, 0.029815276528888695, 0.030706285451441908,
28, 3.5083239853602647e-06, 3.508323970605996e-06, 3.508323976483453e-06, 0.6477363413431013, 0.026061710644853044, 0.0312637720997151, 0.029512350870029333, 0.029854635957700743, 0.03926426530034077, 0.03652825474061014, 0.030033692170746806, 0.03676849430862398, 0.032411492560907404, 0.029844808278996746, 0.030709657106955977,
29, 1.8772853846901831e-06, 1.8772853700784156e-06, 1.8772853761157152e-06, 0.6492882991055611, 0.02592135552879298, 0.031143945444501792, 0.029419330290889136, 0.029696929721578127, 0.03907787674377223, 0.036422125854588074, 0.029925541033745, 0.03652881783637765, 0.0322740225153491, 0.029728651416768174, 0.03056747300540338,
30, 5.236156041006765e-06, 5.236155994003298e-06, 5.236156013709513e-06, 0.6502163872163103, 0.025825506645591724, 0.031070415958727032, 0.029372775474501178, 0.029610716762785833, 0.03895635370044725, 0.03639446115934424, 0.029864430284720262, 0.0363556304257156, 0.03218624103487654, 0.02965718905013129, 0.030474184171953557,
31, 7.319501162897189e-06, 7.3195010801634025e-06, 7.319501111917519e-06, 0.6513726908903178, 0.02573219842334583, 0.030977445576815043, 0.029306867749323597, 0.029496796835963953, 0.03880391599828462, 0.03631404811359807, 0.029785860247271697, 0.03617416026426479, 0.0320665213721009, 0.029573251309869823, 0.030374285070811285,
32, 1.8594399197435204e-05, 1.8594399023551084e-05, 1.859439907902083e-05, 0.6521499398574993, 0.025662659786917546, 0.03091084913568472, 0.029264492482293594, 0.029437174161999983, 0.03868248546982039, 0.03628893081634245, 0.02973144848822264, 0.03602411335670891, 0.031978048963570996, 0.029514216053849338, 0.030299858587600193,
33, 2.1635294206957017e-05, 2.163529401475027e-05, 2.1635294085784908e-05, 0.6552176951890034, 0.02540247578525501, 0.030649907602997156, 0.029025676894781118, 0.029233939213623647, 0.03828370700135349, 0.03610541460272482, 0.02947402929420617, 0.03560089990530039, 0.031664380281678096, 0.029251329210622012, 0.03002563949492171,
34, 1.4755373662934289e-05, 1.4755373482382496e-05, 1.4755373551656194e-05, 0.6624846098347437, 0.02479709015469444, 0.030003160106461986, 0.02841592932012971, 0.028744909534412586, 0.03739756198601569, 0.0356142887132085, 0.028842263317352217, 0.034715326973009254, 0.03095010371987169, 0.028607906990008168, 0.02938258358831021,
35, 2.6018440931399808e-05, 2.6018440675595922e-05, 2.601844078724095e-05, 0.6687130951464998, 0.02427822099642521, 0.029447966253160495, 0.027886969107402026, 0.028349711021928892, 0.036612365425963744, 0.035210016703226585, 0.02829363865041471, 0.03393632888317846, 0.0303166143301042, 0.028052040417675134, 0.0288249781008137,
36, 4.670338359500527e-05, 4.67033831752527e-05, 4.67033833720887e-05, 0.6732639070405902, 0.02389264063030447, 0.02904706065428159, 0.02750327599998912, 0.028104685613081493, 0.03596008711717774, 0.03497639493984213, 0.027893268910246634, 0.033282032757167346, 0.029874605771737794, 0.02764747430389478, 0.028414456469911444,
37, 6.173835699447718e-05, 6.173835650270927e-05, 6.173835678110448e-05, 0.6900631662731552, 0.02250028929810144, 0.027525552621023436, 0.026111687134295812, 0.027034073378639282, 0.03381192486314103, 0.033882864757565516, 0.02643810420409354, 0.031126605753422364, 0.028260977910757278, 0.026173026410617087, 0.026886512683558936,
38, 4.05833220852548e-05, 4.058332177838243e-05, 4.0583321915319706e-05, 0.7296934941065962, 0.019374459676395436, 0.023864933918384425, 0.022762765506308194, 0.024232703674164743, 0.02898810974649842, 0.030841820920922965, 0.023015632972767975, 0.026512204529157993, 0.024502504585968952, 0.022734547850189944, 0.02335507290347359,
39, 1.709788251544573e-05, 1.7097882372257338e-05, 1.7097882432313113e-05, 0.7597409769156914, 0.01702284542009585, 0.021123903466039012, 0.020260789669862368, 0.02222831565059465, 0.025074336979728128, 0.028692270637440325, 0.020455993127436917, 0.02275197224009802, 0.021726284289935893, 0.02015685757576402, 0.020714160737249892,
40, 1.571451816080324e-05, 1.5714518043492278e-05, 1.5714518086769275e-05, 0.7835494517251655, 0.015132376176622612, 0.018924769729544013, 0.018248223966899058, 0.020754464688036222, 0.021924299492407345, 0.027105607501617213, 0.018396475148495624, 0.019723224610107153, 0.01951795955084203, 0.01808600095222245, 0.018590003260294825,
41, 5.209944079035757e-06, 5.209944038626541e-06, 5.209944058224632e-06, 0.8035755105556849, 0.013539845261991014, 0.017076584892843822, 0.01655279566019311, 0.019343955250444807, 0.01945514795310086, 0.025590253999435417, 0.016661420369998868, 0.017357486439814853, 0.01768631970401245, 0.0163433490037331, 0.016801701433713682,
42, 1.661835786659274e-06, 1.661835779996887e-06, 1.6618357881737279e-06, 0.8193214983587854, 0.012269405403898273, 0.015605277571504173, 0.015199941287243137, 0.01831892859561299, 0.017482029068543126, 0.024486037612970357, 0.01527636200060963, 0.015465280135894889, 0.016241502471624234, 0.014954287718382676, 0.015374464626490118,
43, 8.567229286397559e-07, 8.567229276860335e-07, 8.56722928733258e-07, 0.8303120597728466, 0.01136538932173113, 0.01456184235225389, 0.014247415414645099, 0.017639633237676058, 0.01609879976019502, 0.023770183595295636, 0.014299222466843854, 0.01412947712368493, 0.015238758663348692, 0.013969747467436122, 0.014364901013563977,
44, 1.35674650918756e-06, 1.3567465081362315e-06, 1.3567465086150054e-06, 0.8379904559024353, 0.010718895836958987, 0.013816500994505331, 0.01357606987883055, 0.017207892559412557, 0.0151241547849032, 0.02333234947032574, 0.013607765397456818, 0.013182147535484707, 0.014526725843545347, 0.013266411721248142, 0.013646560192289192,
45, 8.630771931027977e-07, 8.6307718998963e-07, 8.630771908185521e-07, 0.8446639386784507, 0.010157649612674112, 0.013173183253231092, 0.012989431896673204, 0.01679131794733889, 0.014328143057311057, 0.022898815614006935, 0.01300319172666643, 0.01241091128980722, 0.013908070892922762, 0.012656461561905126, 0.013016295594591505,
46, 4.2709801762892393e-07, 4.270980172505801e-07, 4.270980176032867e-07, 0.8504044795212261, 0.009677184955226292, 0.01262132796873172, 0.012482244604816048, 0.01645556879608766, 0.013628762884968539, 0.0225441939508409, 0.012480195881600173, 0.011737592621138918, 0.013364553026420941, 0.012131177386698383, 0.012471437465296034,
47, 4.308634386890968e-07, 4.308634384430037e-07, 4.308634401703579e-07, 0.8543968316883831, 0.009332533583962823, 0.012226148628366835, 0.012125072534236312, 0.01625551269317352, 0.013133690399750741, 0.022346094375982454, 0.01210983681772695, 0.011257170108588906, 0.012977986909645382, 0.011755128768212334, 0.012082701258636456,
48, 2.1489945330552685e-07, 2.1489945236619457e-07, 2.1489945340247e-07, 0.8572320657789819, 0.009089503067375488, 0.011949397867616235, 0.011878387647864605, 0.0160857111159177, 0.012787467298295198, 0.02218524117864285, 0.011852680038655439, 0.010917328313216708, 0.012717911907766116, 0.011492493410408477, 0.011811168035440587,
49, 3.450615870791266e-07, 3.4506158547293605e-07, 3.450615866203047e-07, 0.8596466086863429, 0.00889012507814562, 0.011721211730198347, 0.011674821296452309, 0.015928413036172533, 0.01249098566922071, 0.02202926012978813, 0.011639359943322717, 0.010628980968157087, 0.012489774817694647, 0.01127450889987738, 0.011584914919091062,
50, 1.0034883099311084e-06, 1.0034883039750417e-06, 1.0034883065341607e-06, 0.8617183418300399, 0.008724670988923787, 0.011531058177625843, 0.011505300543082795, 0.015784377608433865, 0.012234592508154075, 0.021881538230897554, 0.011460659352384842, 0.010381492738924025, 0.012288781194154634, 0.011091730641673342, 0.011394446082678714,
51, 4.22860897963867e-06, 4.228608957817048e-06, 4.2286089700700765e-06, 0.8631139828356491, 0.008607502584097513, 0.01139733142221536, 0.011389783243724628, 0.01570362390002021, 0.01205157768838459, 0.02180822857714022, 0.011337205290985097, 0.010202128835196157, 0.012151574777676949, 0.010963585173508235, 0.011260790205419854,
52, 2.8110391154589394e-06, 2.8110391004975686e-06, 2.8110391144209496e-06, 0.8646363846293807, 0.008491493763670852, 0.01125655975824421, 0.011267584387400477, 0.015592369991063105, 0.011859792266922454, 0.021693644651297507, 0.011208103164272568, 0.010020190448394172, 0.012007151471084224, 0.010833367155941926, 0.011124925553372148,
53, 1.39056429224258e-06, 1.3905642816544208e-06, 1.390564288782331e-06, 0.865826851433761, 0.008401469855572134, 0.01114696010173592, 0.011174147437766735, 0.01548885165693538, 0.011722215477114557, 0.02158766709133201, 0.011108379996863173, 0.009889736327868109, 0.011897751778994983, 0.010732538624424854, 0.011019258883659141,
54, 3.6325110586165206e-06, 3.632511031479522e-06, 3.6325110453750925e-06, 0.8665525911330385, 0.008342364044508355, 0.011074075695902226, 0.011117132869289155, 0.015438648596575937, 0.011629515854524403, 0.021546183399670665, 0.011045298836299003, 0.009800042137376027, 0.01182643722789067, 0.010666640649766147, 0.010950172380480863,
55, 7.117105547204825e-06, 7.117105507201872e-06, 7.11710553494502e-06, 0.8671211656172125, 0.008290582662214054, 0.011008562359689078, 0.011065951607599017, 0.015422482934671146, 0.0115562974220815, 0.021538637098477018, 0.010988367623649109, 0.009729762054588028, 0.011761419546256875, 0.01060753529875754, 0.010887884816434018,
56, 7.362417271535802e-06, 7.3624172226142454e-06, 7.362417261652389e-06, 0.8686885072775933, 0.008161615734375263, 0.010844913871471, 0.010919820749666739, 0.015331472550730911, 0.011383919281882714, 0.021439976245872062, 0.010837947589236686, 0.00957594574674291, 0.011602726141343219, 0.010454643568394026, 0.010736424347766298,
57, 1.7144479626501103e-05, 1.7144479559607937e-05, 1.7144479645836192e-05, 0.8699987453937132, 0.008051543117655567, 0.010703846943221672, 0.010793114689965116, 0.01526700976942891, 0.011230266244371753, 0.021367709984707516, 0.010707216107655964, 0.009440346619077283, 0.011461391902561853, 0.010322421462890693, 0.010604954680570176,
58, 1.0464582099115754e-05, 1.046458206677535e-05, 1.046458212203385e-05, 0.87691482086018, 0.007505247129591643, 0.010080335340078647, 0.010167448075618746, 0.014775922888232434, 0.010474998307528592, 0.02078631795745723, 0.010061478307193452, 0.008775592984800584, 0.01076255459415176, 0.009673333615657516, 0.009990556546743688,
59, 3.2273220786966984e-06, 3.22732206860537e-06, 3.2273220857177744e-06, 0.8822512398983482, 0.007083936884429556, 0.009602870686393256, 0.009689151214391522, 0.01442834805004507, 0.009842121920272989, 0.02038089594250281, 0.00956676315186582, 0.00821572850651336, 0.010234076340434729, 0.00917449865308525, 0.00952068713732916,
60, 1.5240208852705766e-06, 1.5240208779409384e-06, 1.524020885808379e-06, 0.8867648811619337, 0.006721649711400255, 0.009192238056841816, 0.009273073171565777, 0.014183894677417092, 0.009283176969830944, 0.02008713969420278, 0.009136327746835218, 0.007724406877990468, 0.009772255649547066, 0.008743282778739531, 0.009113101791857769,
61, 2.0785901705642896e-06, 2.0785901670442404e-06, 2.0785901779144243e-06, 0.8904333975742518, 0.006432040055917259, 0.008865215107255298, 0.008941113948093996, 0.013959735939926119, 0.008833364887717677, 0.0198192904869933, 0.008792096174766284, 0.007329004528479835, 0.009402764351250733, 0.008397979464058992, 0.008787762062629387,
62, 6.134485299974533e-07, 6.134485289251153e-07, 6.134485327324172e-07, 0.8935848657637692, 0.006172796129483245, 0.008563297583952386, 0.008638466235075621, 0.013803292551851825, 0.00848422994512365, 0.019621941452404718, 0.008478195945697022, 0.007027965919776298, 0.009050436416682581, 0.008079671415385454, 0.008493000647974949,
63, 5.775576192628988e-07, 5.775576188037992e-07, 5.775576201747946e-07, 0.8957503827308688, 0.005987356410381383, 0.00834870352443173, 0.008424795296255535, 0.013720767200405078, 0.008237996242910724, 0.019518508600220596, 0.008255335227105526, 0.006814685978040685, 0.00880351334416796, 0.007851854862413209, 0.008284368262368516,
64, 2.72976023110553e-07, 2.729760224873947e-07, 2.7297602386132226e-07, 0.8972796262850934, 0.005848258875261487, 0.008190753497958411, 0.008267896927910636, 0.013690824665399441, 0.008054719868139208, 0.01948297037246842, 0.00809043153141124, 0.00665505213836839, 0.008626498688228736, 0.007682302776478093, 0.00812984579580413,
65, 3.82509226556732e-07, 3.825092246565562e-07, 3.8250922625337185e-07, 0.8984330889028764, 0.0057425981855462275, 0.008071816979524117, 0.0081497096485596, 0.013671386430408078, 0.007914066746969171, 0.019460603920198574, 0.007965100953104152, 0.00653287856522013, 0.008491718322902927, 0.00755256345093085, 0.008013320718643711,
66, 5.433853699616138e-07, 5.433853676062274e-07, 5.433853701958675e-07, 0.8992046945798438, 0.005667606891183964, 0.007989209040607353, 0.00806828758808998, 0.01367139013128027, 0.007815215176307842, 0.01946437840450991, 0.007877287705428717, 0.006446703544999811, 0.008400447464169649, 0.007460211672138109, 0.007932937998701813,
67, 1.8024306723656433e-06, 1.8024306631167064e-06, 1.8024306660674483e-06, 0.8997044267038871, 0.005611001581487365, 0.007928282034077808, 0.00800807112035082, 0.0137065980345271, 0.007739078331430446, 0.019508797252585395, 0.0078110379221208665, 0.0063806176939005975, 0.008333412068149618, 0.00738972418467197, 0.007873546131940155,
68, 2.7630614536527656e-06, 2.7630614391427626e-06, 2.763061443223858e-06, 0.8999694031620407, 0.005572990605028007, 0.007889844940434612, 0.007970529893532976, 0.013775346394521935, 0.007665540548677078, 0.01959544609202742, 0.007767535494708893, 0.006316059594204805, 0.008290910393247749, 0.0073415430708732975, 0.007836560978581309,
69, 6.484598089298642e-07, 6.484598040713327e-07, 6.484598055280665e-07, 0.900228070565588, 0.005531216246093111, 0.007851247793069043, 0.007930130773585845, 0.013853043396555019, 0.007595420204014215, 0.019692662022272645, 0.007721397126722801, 0.006257182967837333, 0.008247021455735783, 0.007289855734257888, 0.0078008066885157335,
70, 1.4042771751905067e-07, 1.4042771652438083e-07, 1.404277172150812e-07, 0.9003314311416368, 0.005503928548484814, 0.00782966612136726, 0.00790674766348144, 0.013930137535874604, 0.007543767953120499, 0.01978974182800013, 0.007692266229102908, 0.0062146262585281165, 0.008220630384468682, 0.007255006073482385, 0.007781629333419906,
71, 1.6094276190650005e-07, 1.6094276169952356e-07, 1.609427622206242e-07, 0.900324750943256, 0.005488675976688158, 0.007821748814550403, 0.007896354091574529, 0.014009905025506558, 0.007503601050524295, 0.019885261882007847, 0.007675878491754912, 0.006183393800598085, 0.00820209611199423, 0.007232852304327067, 0.007774999028081072,
72, 1.3872031607242234e-07, 1.3872031592077155e-07, 1.3872031651526287e-07, 0.9001979198684297, 0.005481962205862885, 0.00782388230526749, 0.00789496432529651, 0.014111334937469166, 0.007470798836872829, 0.02000270446411401, 0.007668345878463587, 0.006159500186912195, 0.008190867846634349, 0.007219842587238119, 0.007777460749821232,
73, 2.2421254598007659e-07, 2.242125459062575e-07, 2.2421254626719614e-07, 0.899934682863749, 0.00548458266175444, 0.007837112943017132, 0.007903320995871224, 0.014240041441055184, 0.007445303242341654, 0.020147217631995434, 0.007670315707413109, 0.006143148653940508, 0.008187106099523585, 0.007216655596834792, 0.007789839880893215,
74, 1.7485782426797876e-07, 1.748578240882723e-07, 1.7485782431791488e-07, 0.8995186034980408, 0.0054941335257177645, 0.007858941504945104, 0.007918779215563219, 0.014414602225049084, 0.007424302718441049, 0.02033908609315594, 0.007679124005605133, 0.006131677909346475, 0.008189764981368834, 0.007220735565533862, 0.007809724539663337,
75, 1.7742883811852136e-07, 1.774288379329452e-07, 1.7742883812433071e-07, 0.8987706228103812, 0.005520730626137676, 0.007902466062660577, 0.007956735039262666, 0.014656162716089629, 0.007423838750041264, 0.0206119481214399, 0.007709167175435077, 0.006138516517191699, 0.008213775161865337, 0.00724403365170464, 0.007851471438257075,
76, 1.3868619994333962e-07, 1.3868619985580237e-07, 1.3868619992996937e-07, 0.8975988433557912, 0.005567927126802699, 0.007972655748360716, 0.008022144681910755, 0.014989740992791474, 0.007446856499611533, 0.020996372115368377, 0.007764835301631908, 0.006166610714588591, 0.008263272563850708, 0.007290290694027707, 0.007920034502114854,
77, 2.1030346746989812e-07, 2.1030346687313606e-07, 2.1030346734136473e-07, 0.8962300355345592, 0.005632520050561678, 0.00806428810643644, 0.008107618592878906, 0.015346242282238872, 0.00748412986020535, 0.021398014747109895, 0.007839295651767332, 0.006209247356999835, 0.008325137495538957, 0.007354376970066977, 0.008008462795250342,
78, 3.5905731477562805e-07, 3.590573132518957e-07, 3.5905731381292704e-07, 0.8944521414251085, 0.005720519254491978, 0.008186043410385207, 0.00822298124332721, 0.015784406547472, 0.007544279180563898, 0.021893098810335253, 0.007941405854675673, 0.006273644060902472, 0.008410752263615043, 0.007443459546920368, 0.008126191582621288,
79, 3.134396650842112e-07, 3.1343966402944586e-07, 3.1343966500040015e-07, 0.8919218504988103, 0.005846133342200715, 0.008357511027222531, 0.008388001129848437, 0.016385788650424712, 0.007643622045156916, 0.022581895894557957, 0.008089536693892655, 0.006374264714564075, 0.008543161776968617, 0.0075740604895612315, 0.008293233769580655,
80, 5.431998161124898e-07, 5.431998142292194e-07, 5.431998165986226e-07, 0.8890362355349458, 0.006000031613991278, 0.008564768011505484, 0.008586609785799712, 0.017038377098037856, 0.007765722827933724, 0.02331588644723347, 0.008268650649866968, 0.0064980833003300716, 0.008697000077054295, 0.007733474123579963, 0.008493531281876302,
81, 2.1093990632860652e-06, 2.1093990537588576e-06, 2.1093990569128504e-06, 0.8855645117420755, 0.006186381961218988, 0.008813674396180025, 0.008822387335818619, 0.017837293832183156, 0.0079106936036334, 0.024196009839325662, 0.008482095227164844, 0.006645992283128635, 0.008877257514779002, 0.0079257650050591, 0.008731609413748233,
82, 1.1078034124209708e-06, 1.1078034068331466e-06, 1.1078034116592697e-06, 0.8814253662614029, 0.0063949740146424395, 0.009085996080039252, 0.009081595318231729, 0.018846093552211014, 0.008111665441686497, 0.025280353666089186, 0.008716941680951875, 0.006851411805891131, 0.00907117773826596, 0.008136300726054134, 0.008994800655886271,
83, 1.5314671749186816e-06, 1.5314671667258714e-06, 1.5314671707707407e-06, 0.8758629388212354, 0.006698303510905995, 0.009481413939432162, 0.009461008869181102, 0.02005347580424613, 0.00841697094213641, 0.02659977901850359, 0.00906319227416376, 0.007156371456068808, 0.00937474459067468, 0.008448623599959827, 0.009378583126906382,
84, 4.076653366028824e-06, 4.076653354950232e-06, 4.076653369736518e-06, 0.8684794603566954, 0.0070888228604467675, 0.00999081851148561, 0.009948854065917308, 0.021710017812242983, 0.008812081339485781, 0.028400129979206597, 0.009509322432232532, 0.00754890220008313, 0.00977470870118136, 0.008852863720878956, 0.009871788416405016,
85, 1.3104785983655299e-05, 1.31047859469456e-05, 1.3104785997695566e-05, 0.8589620670897316, 0.007626313602276835, 0.010693261488298461, 0.010624977436305005, 0.023623315543711453, 0.009371102476395667, 0.030513761322997306, 0.010129395980260913, 0.008097240140452114, 0.010349856200320837, 0.00941546866941615, 0.010553926048592488,
86, 5.040944497871829e-05, 5.040944482769787e-05, 5.0409444999991355e-05, 0.8465833268075953, 0.00836173165712663, 0.01165713127649414, 0.011556509240884071, 0.025840283585904122, 0.010153879689412513, 0.03300319485367273, 0.010985021887528913, 0.008857422983771972, 0.011166189480483885, 0.010191911780528334, 0.011492168777114124,
87, 6.666114348775774e-05, 6.66611432510662e-05, 6.666114351394902e-05, 0.8351967847164355, 0.009127767195333163, 0.012543923772422264, 0.012411206877268922, 0.02792831212732573, 0.010853706529826845, 0.03510179643381239, 0.011776333292827072, 0.009621400812632819, 0.011885941750531877, 0.010929075530267583, 0.012423767886534556,
88, 5.6025378190249516e-05, 5.602537794637992e-05, 5.602537823702601e-05, 0.8310801113105022, 0.009397431940731673, 0.012836070614452027, 0.012699596800033469, 0.028803936608275637, 0.011087034756253118, 0.03595270079715157, 0.012041266226833092, 0.009893270815116238, 0.01212190112988475, 0.011174190187092961, 0.01274441303523119,
89, 1.7729628749543054e-05, 1.772962867352979e-05, 1.772962882313757e-05, 0.8297712187456064, 0.009500438449492162, 0.012915700244053233, 0.012783162850515476, 0.029140946067901474, 0.011164496924807712, 0.03624439171518779, 0.01212185184685818, 0.01000970043544529, 0.012190688640702217, 0.011247757224787363, 0.012856458323025278,
90, 1.16098671490988e-05, 1.1609867105151773e-05, 1.160986720347823e-05, 0.8280767255601771, 0.009617498757506919, 0.013008833427304604, 0.012877408912375595, 0.029581708556132593, 0.01124832617592143, 0.036623689553309524, 0.012212818294944493, 0.010136357361862212, 0.012267459306613758, 0.01133273479170382, 0.0129816100571176,
91, 3.260641470851818e-06, 3.2606414587287063e-06, 3.2606414865928838e-06, 0.826446598936527, 0.009714842677184365, 0.013098906885372978, 0.012970281540495131, 0.03000575112472574, 0.011332151392963499, 0.037027771276752025, 0.012301143853838743, 0.010241793286442367, 0.0123463967913695, 0.011415781540606358, 0.013088799125168606,
92, 5.229783348114836e-07, 5.229783313963451e-07, 5.229783366959931e-07, 0.8241857238182652, 0.00985530615835896, 0.013236970197411596, 0.013112186709341497, 0.030517608223362275, 0.011463964165061158, 0.03752677265495556, 0.012436648250435597, 0.01039547134166095, 0.012477267507358386, 0.011543364536174, 0.013247147858910414,
93, 3.884159942789377e-07, 3.884159920547983e-07, 3.884159953090505e-07, 0.8215688385443113, 0.010031173611154085, 0.013412272015504996, 0.013289714315428582, 0.031063851474102126, 0.011624319467345686, 0.03804518837699418, 0.012606063092121882, 0.010581683410991848, 0.012629825099560317, 0.01170364144713082, 0.013442264253549675,
94, 1.7952349720999721e-06, 1.7952349680964527e-06, 1.7952349790751087e-06, 0.818540549020763, 0.010248751505674728, 0.01363111818267813, 0.013508826018376743, 0.031650045248422284, 0.011817781524585293, 0.03858679649282304, 0.012815017531964361, 0.01080598606813182, 0.012807314674238157, 0.011902038698762938, 0.01368038968644983,
95, 1.0357107707971712e-05, 1.0357107694915959e-05, 1.0357107756765937e-05, 0.814224294833596, 0.01054664493197282, 0.013935688441352432, 0.013817340368372651, 0.0324877273401734, 0.012095326193837434, 0.03938396378877471, 0.013108811004710987, 0.011118659781117039, 0.013061708229786105, 0.012178496818430614, 0.014010267305174042,
96, 6.649864049563446e-06, 6.6498640411325115e-06, 6.649864089831138e-06, 0.8120322435148584, 0.010688158444195715, 0.014075257553643953, 0.013967372049117533, 0.032942677307065, 0.01225525536108863, 0.03982356219766665, 0.01324970953865824, 0.011292039685651222, 0.013182886532188595, 0.012312540948089645, 0.014158347635828888,
97, 2.20479059512688e-06, 2.2047905898330324e-06, 2.2047906076917476e-06, 0.8094081325767012, 0.010845650878548002, 0.014223219142666424, 0.014129759578309788, 0.03352710730347734, 0.012474256446448052, 0.04037419563558456, 0.013402232052019972, 0.011530606608136405, 0.013302960601692641, 0.012454933609479649, 0.014320331556555753,
98, 8.803958022348306e-07, 8.803957974417487e-07, 8.80395805653885e-07, 0.8059765644038785, 0.011045846762884663, 0.014416205426662517, 0.014338194009912484, 0.034306253562571234, 0.012746759797353496, 0.0411101739211136, 0.01359860116967484, 0.011824912831577796, 0.013465948758518203, 0.012639342206417149, 0.014528556323054538,
99, 3.2979178365702096e-06, 3.2979178278298447e-06, 3.2979178446027064e-06, 0.8020241846429547, 0.011294468768825693, 0.014658682350308344, 0.014595413675057763, 0.03514361671707195, 0.013067637609503581, 0.041881563566895326, 0.013841055672586056, 0.012173728590801616, 0.013656803880444187, 0.012868023931928471, 0.014784927202423512,
100, 8.478322818256016e-06, 8.478322811300703e-06, 8.47832284283865e-06, 0.7972700563189744, 0.011599001170438343, 0.014963338383725986, 0.014914114114122298, 0.036145759712887734, 0.013418927892216386, 0.042811616340124495, 0.014141650286150621, 0.012554615518083397, 0.013901394275618267, 0.01315307902518367, 0.015101012358107966,
101, 1.4581621712590902e-05, 1.4581621706119091e-05, 1.4581621756036913e-05, 0.7917709582249389, 0.011933121995716889, 0.015295153438454145, 0.015258721541536534, 0.037388783428038586, 0.01382624631573375, 0.043944739661755695, 0.014466978462300766, 0.012998255692999745, 0.014165966320905764, 0.01346287869462694, 0.015444451721189082,
102, 1.2545803276432749e-05, 1.2545803271024247e-05, 1.2545803333142147e-05, 0.7867046112608235, 0.012290817002889986, 0.01559631643801061, 0.015571133278178367, 0.038566228319428776, 0.014188535133506592, 0.04489072468473208, 0.014765262411670116, 0.013450934825091855, 0.014388938823263794, 0.01375765839963702, 0.015791202373792685,
103, 3.227090858141488e-06, 3.22709085437292e-06, 3.227090878492931e-06, 0.7815562899999902, 0.012655391315705722, 0.015915161698716634, 0.015900774631761604, 0.039699179440375175, 0.014577557540416628, 0.04582670962325001, 0.015080768080785886, 0.0139198697097999, 0.014635435203994844, 0.014071739757304202, 0.016151442084290302,
104, 2.2774017774653192e-06, 2.277401775356751e-06, 2.2774017868192417e-06, 0.7740918458296827, 0.013167491098533211, 0.016375342957000025, 0.016378017349698338, 0.04132396465416978, 0.015136994371201369, 0.0472022821924952, 0.015537434881505312, 0.01457965640756833, 0.015010939448502684, 0.014522375764951669, 0.016666823197785684,
105, 4.655386557848913e-06, 4.655386552370053e-06, 4.655386560812748e-06, 0.7650504116810686, 0.013815796411069307, 0.01696644485833836, 0.016988641944370695, 0.043132735840076084, 0.015845217644066004, 0.04873745893771917, 0.01612176858808007, 0.015408556057170807, 0.01549824134219257, 0.015097831854426595, 0.017322929041118675,
106, 9.904465883844888e-06, 9.90446586494598e-06, 9.904465880331746e-06, 0.7524474746335571, 0.014687883913348545, 0.017779557386803396, 0.017828080987277457, 0.045700273477359256, 0.016810815673705303, 0.050969124390059385, 0.0169240648156673, 0.016524376414220797, 0.01619772750649351, 0.015886020046427623, 0.01821488771885281,
107, 5.1350983468367795e-06, 5.135098329332328e-06, 5.1350983393455464e-06, 0.7477761586705385, 0.01503051512514054, 0.018056727569968196, 0.018120647059268483, 0.046692979008305976, 0.01718462640037521, 0.0517707320466066, 0.01720889633421227, 0.01699340423509848, 0.016435507950942778, 0.01616892502565867, 0.018545475640256468,
108, 1.025456476673833e-05, 1.0254564744895732e-05, 1.0254564764257488e-05, 0.7419276392769889, 0.015474671726190086, 0.01842758861808462, 0.018509115863089155, 0.047819046641515824, 0.017668938357671207, 0.052684629947279335, 0.017586613240101228, 0.017591853379207323, 0.016757418367996418, 0.01654281077816359, 0.01897891047264908,
109, 8.94276409215075e-06, 8.94276407531462e-06, 8.942764093370761e-06, 0.7398674272887859, 0.015637649092802373, 0.01854333062611542, 0.018619213907435303, 0.048311540290536276, 0.017824663423532193, 0.05303110326759808, 0.017695960242498216, 0.017823961396054862, 0.016834112481702957, 0.01665337944197336, 0.019130830613940705,
110, 2.64946904996352e-06, 2.6494690405127625e-06, 2.6494690480165e-06, 0.7379653346796786, 0.015797504993055142, 0.018663800238956873, 0.01873359900626402, 0.04869961013116458, 0.017989399454503764, 0.05330073195910579, 0.017809934333336688, 0.018056901911293773, 0.01692127598917691, 0.01676982291917193, 0.019284136340990493,
