Optimize time:20.5553920214706
Begin Prob:-13167.99409442726
End Prob:-12921.793556319039
Substitution parameters:[0.21569036939805278, 0.2783488126045911, 0.2726550589922255, 0.23330575900513045, 1.7057901229380963]
Trees:
((2:618.034370715906,(3:617.6159224413082,5:618.034370715906):607.2448436390492):617.9779820517653,(1:618.034370715906,4:618.034370715906):617.6159224413082);
((5:618.0342642673957,(2:618.0758652376048,3:618.034370715906):618.034370715906):618.034370715906,(1:618.034370715906,4:618.034370715906):618.4346690182357);
((3:618.034370715906,(2:619.012223746193,5:618.0558413434069):618.034370715906):618.034370715906,(1:618.034370715906,4:618.034370715906):618.0566709220883);
(1:618.034370715906,((4:618.034370715906,5:618.0343043315538):618.034370715906,(2:618.0299831214031,3:618.022569192264):618.034370715906):622.467858937689);
((3:617.8425052798976,5:618.034370715906):618.034370715906,(4:618.0758652376048,(1:618.034370715906,2:618.034370715906):617.875974434233):673.3958366372972);
((5:623.1186456510862,(3:618.0334166084721,4:617.8580639084175):617.8430795776077):617.9065557794717,(1:618.034370715906,2:618.022569192264):673.3958366372972);
(1:626.0517054909004,(5:618.034370715906,(4:617.8490937013062,(2:618.034370715906,3:618.034370715906):619.98372997356):618.0129526607014):622.0094022740477);
(1:618.0343043315538,(3:618.034370715906,(4:618.0354607611099,(2:618.0758652376048,5:618.034370715906):635.2861216250488):618.034370715906):619.012223746193);
(1:618.034370715906,(5:618.034370715906,(2:618.034370715906,(3:619.0850436350697,4:618.034370715906):618.1233013321012):618.0118199719768):618.0351735797412);
(1:618.034370715906,(3:673.3958366372972,(5:613.3547885169413,(2:618.0299831214031,4:615.7736489627466):618.034370715906):613.360339630564):673.3958366372972);
(1:618.034370715906,(5:618.034370715906,(3:618.034370715906,(2:618.4765938072535,4:673.3958366372972):618.0343043315538):619.98372997356):673.3958366372972);
(1:618.0343175453211,((2:618.034370715906,5:618.034370715906):618.0129526607014,(3:618.034370715906,4:618.034370715906):622.0094022740477):618.034370715906);
(1:544.5769997818819,(3:618.034370715906,(2:835.2284424384011,(4:618.0449437576796,5:618.9940591189664):673.3958366372972):673.3958366372972):673.3958366372972);
((3:619.0850436350697,5:673.3958366372972):618.034370715906,(1:618.034370715906,(2:618.034370715906,4:673.3958366372972):673.3958366372972):619.012223746193);
((3:618.034370715906,(4:1.46294,5:0.373587):1e-06):0.177686,(1:618.034370715906,2:596.4321455204857):0.177686);

Position, Posteriors1, Posteriors2, Posteriors3, Posteriors4, Posteriors5, Posteriors6, Posteriors7, Posteriors8, Posteriors9, Posteriors10, Posteriors11, Posteriors12, Posteriors13, Posteriors14, Posteriors15,
0, 0.0002528933616131849, 0.0002768639584494966, 0.022924291203066594, 0.0012542816650314887, 0.4935921655234953, 0.0012286041021111836, 0.001254109727059816, 0.0012539921820568843, 0.0012541703912568704, 0.0013984680023987636, 0.0013981001571406922, 0.001253895389039633, 0.0012539448439357265, 0.47017570441042517, 0.001228515518104408,
1, 8.719711880954484e-05, 0.00011311398492660879, 0.022853488676277716, 0.0010373014930307586, 0.49492170618447173, 0.0009982195852601071, 0.001037154420446846, 0.0010369222158686552, 0.0010370596051912672, 0.0011867339568890469, 0.001186311635168897, 0.0010369328188991687, 0.001036908758862361, 0.4714327727679354, 0.0009981772134163237,
2, 5.192863819147387e-05, 6.962560806816259e-05, 0.022770696005891274, 0.0009008055796672976, 0.49568762428872826, 0.0008660035021313912, 0.000900661823921966, 0.0009004336089299208, 0.0009005744280131047, 0.0010658368994025857, 0.0010653902239424343, 0.0009004441491471374, 0.0009004182692163721, 0.47215359960285724, 0.0008659578085148728,
3, 2.9269669822572944e-05, 4.557191331644678e-05, 0.022741215203275406, 0.0008083853368231935, 0.4962126031898648, 0.0007710673812347704, 0.0008082557829620652, 0.0008079725951081983, 0.0008080949879215032, 0.000968377145946831, 0.0009679254764914026, 0.0008080366504916047, 0.000807972880555077, 0.47264420748385366, 0.000771044739268199,
4, 2.3027524471140476e-05, 3.928722938439964e-05, 0.022690978077847652, 0.0007741446132620989, 0.49642538130884073, 0.0007369283595391743, 0.0007740237108644055, 0.0007737023653597217, 0.0007738122933708784, 0.0009337087575331627, 0.0009332458343796348, 0.0007738025133651147, 0.0007737133242303285, 0.472837319801797, 0.0007369247233923956,
5, 1.156703753169414e-05, 2.328363352649226e-05, 0.022646585104324782, 0.0007222896669517933, 0.4967386790871044, 0.0006870215311979535, 0.0007221800524094695, 0.0007218265572023254, 0.000721915593078577, 0.0008745085254641751, 0.0008740485775027324, 0.0007219631119584314, 0.0007218495640171886, 0.47312523823527924, 0.0006870441629678335,
6, 4.302638811095384e-06, 9.797227336131595e-06, 0.02262110790355311, 0.0006298673992115568, 0.4972438409932276, 0.0006005199257276957, 0.0006297785295020017, 0.0006293777725596623, 0.0006294347162448793, 0.0007740306085498043, 0.0007735654100290969, 0.0006295718218991648, 0.0006294200972515556, 0.4735948004771154, 0.0006005849200002152,
7, 2.2755922722871833e-06, 6.11816031612855e-06, 0.022579743583123355, 0.0005888979131219776, 0.49748164188040933, 0.0005635056855804589, 0.0005888223815319021, 0.0005883822659515643, 0.0005884183895093952, 0.0007308640675129346, 0.0007303867449446342, 0.0005886192286811896, 0.0005884385009771248, 0.4738102856709447, 0.0005636003772993678,
8, 1.568833273272123e-06, 4.383671746556234e-06, 0.022525052628243364, 0.0005145515806946599, 0.49789846147114325, 0.0004981034077884972, 0.0005144955660748123, 0.0005140242006772785, 0.0005140377070705956, 0.0006468101270332777, 0.0006463364631892326, 0.00051430280978887, 0.0005140947303449309, 0.4741955422656917, 0.0004982349809454602,
9, 2.623278946181362e-07, 9.713366092149662e-07, 0.022478310332461497, 0.0003939609595563601, 0.49856107869511523, 0.0003962358187429987, 0.0003939300239857733, 0.00039345694687688043, 0.0003934397621670335, 0.0004958983099402904, 0.0004954808324624033, 0.00039376336690057946, 0.000393539854844484, 0.47481325431081456, 0.00039641756614855093,
10, 3.660340235758039e-07, 9.301852504240133e-07, 0.022401633159578497, 0.00030372210221021325, 0.49909182823671844, 0.00031416415736381845, 0.00030369376648614843, 0.00030332611963618695, 0.0003033253193690521, 0.00037457777203628377, 0.00037427951762508465, 0.00030355627532366113, 0.0003033871685617332, 0.4753068906885427, 0.00031431994075881874,
11, 5.921734970910415e-07, 1.3504308400952026e-06, 0.02231506500780974, 0.0002694209950117011, 0.49932367958330004, 0.0002842031873830828, 0.00026939636610163494, 0.00026905688461521083, 0.000269058062149002, 0.00032949452814753287, 0.0003292327219107776, 0.00026926936358833336, 0.00026911308424415643, 0.47551671077909907, 0.000284357277811105,
12, 8.333403255298835e-07, 1.745989695942182e-06, 0.02224508091160062, 0.0002247704469014345, 0.4995959137442895, 0.0002464260519539458, 0.00022475095922413614, 0.0002244492485562534, 0.0002244540183579916, 0.00027579370873569647, 0.00027556596724145134, 0.00022463838865672913, 0.00022449889292558143, 0.47576450082291666, 0.0002465779555903208,
13, 1.733131943001382e-06, 2.823881939783111e-06, 0.022174762436542005, 0.00019940948189028202, 0.49977261210158563, 0.00022319169113831365, 0.00019938945745847508, 0.00019913560417904712, 0.00019914713404208434, 0.00024231747906073775, 0.00024212981231309512, 0.0001992895743450309, 0.00019917503064176644, 0.4759215557364906, 0.00022332789356473048,
14, 2.479913334670999e-06, 3.803237504173933e-06, 0.022127984629449354, 0.0001682728491999139, 0.49996936065157166, 0.00019270313390790008, 0.00016825591880948406, 0.000168042571301907, 0.0001680560494513614, 0.00020238364606610084, 0.00020223276534448744, 0.0001681702909510542, 0.00016807477910655823, 0.47609735424659955, 0.00019282576409745378,
15, 1.8505700968778743e-06, 2.6532350275861086e-06, 0.022105248431346532, 0.0001225426492382917, 0.5002323558158439, 0.00014592515052855166, 0.00012253224372226582, 0.00012236366504578166, 0.00012237225853821892, 0.00014807767664317347, 0.00014795917181385662, 0.00012246749736942737, 0.00012239025275856888, 0.4763352280462938, 0.00014603378233337127,
16, 6.366013200734717e-07, 8.431587075194669e-07, 0.022090316868549887, 4.741810230442388e-05, 0.5006523370361594, 6.163499411625852e-05, 4.7413945076172e-05, 4.734653547864386e-05, 4.735062367144744e-05, 6.305361786029728e-05, 6.298942395401583e-05, 4.738773668894857e-05, 4.7357127856680376e-05, 0.4767222227641528, 6.169191234792581e-05,
17, 2.9193608742632513e-07, 4.3395246198894604e-07, 0.022098692523503976, 2.8191453285786468e-05, 0.5007653661461292, 3.661983386935599e-05, 2.8190998392002907e-05, 2.8139083999930824e-05, 2.8138225547866165e-05, 3.7458516069992024e-05, 3.741437534706664e-05, 2.817391457984648e-05, 2.8148637654960686e-05, 0.47681807906483864, 3.666178538844745e-05,
18, 1.1105454369474878e-07, 1.6195556981365397e-07, 0.02210574819573187, 1.6036694582515375e-05, 0.5008402066838958, 1.9800056010046458e-05, 1.603744126000524e-05, 1.6003754035334794e-05, 1.6000970973911408e-05, 2.019776622607582e-05, 2.0173831602064664e-05, 1.6027651608890124e-05, 1.6010640365061122e-05, 0.47687765862816395, 1.98251220938133e-05,
19, 2.382718192872769e-07, 2.2542905741330382e-07, 0.02211271536368507, 8.522017253938493e-06, 0.5008857775494814, 9.973016642752993e-06, 8.522550401678682e-06, 8.50609474800066e-06, 8.504381323320703e-06, 1.0139859477940772e-05, 1.0129863125090264e-05, 8.517880245558953e-06, 8.509541591317159e-06, 0.4769097343792995, 9.984249012796172e-06,
20, 1.804471923449519e-07, 1.4619381679288445e-07, 0.022110057072021762, 4.2530512280995786e-06, 0.5009164640230181, 4.84302634878802e-06, 4.253043416926004e-06, 4.24642422289607e-06, 4.246024979509646e-06, 4.91876934938784e-06, 4.914928376643814e-06, 4.250908235149282e-06, 4.247706613481533e-06, 0.47692813160909925, 4.847218202547145e-06,
21, 2.1157496738588915e-07, 1.6787839685934462e-07, 0.022094503427449383, 2.2727215706141404e-06, 0.500940832433738, 2.5043125495965064e-06, 2.27271880789617e-06, 2.269551742637684e-06, 2.269343927495087e-06, 2.53604862982756e-06, 2.534427217623739e-06, 2.271691722775747e-06, 2.2701634458209407e-06, 0.4769405779901684, 2.5061621603029716e-06,
22, 8.951074122390795e-08, 6.86464432052411e-08, 0.022052664256701632, 9.068561138126277e-07, 0.5009748015953138, 1.0493084803774873e-06, 9.067546536148503e-07, 9.059634159042336e-07, 9.060315273058278e-07, 1.065051869444906e-06, 1.0644578758717184e-06, 9.063930549318827e-07, 9.060737033445075e-07, 0.4769627096788216, 1.0498681735863395e-06,
23, 3.637227692897524e-08, 3.172081259640316e-08, 0.022029753476006705, 5.729585034602971e-07, 0.500993707638958, 6.695668775982781e-07, 5.728724017731505e-07, 5.725141502458258e-07, 5.72573106647079e-07, 6.772882198879379e-07, 6.769347884218865e-07, 5.726813794951276e-07, 5.725521270810979e-07, 0.47697034142951805, 6.69866699346178e-07,
24, 3.697298647163245e-08, 3.424962432933032e-08, 0.022033391499487485, 5.577235367470566e-07, 0.5009974262634911, 6.004983221141525e-07, 5.576458052896245e-07, 5.573957491340746e-07, 5.574346172872823e-07, 5.998188162525244e-07, 5.996403927895743e-07, 5.575131296392601e-07, 5.57420298699467e-07, 0.4769633657300954, 6.006388650263543e-07,
25, 5.8239628494348933e-08, 5.2027378678199615e-08, 0.021993996405727093, 4.705012176171488e-07, 0.5010232772001469, 4.7655588713062316e-07, 4.7043818522564175e-07, 4.703071321797052e-07, 4.703389424197419e-07, 4.706695619241562e-07, 4.7062426758212496e-07, 4.70356869479628e-07, 4.7031450244588037e-07, 0.4769778998801707, 4.7658427383149766e-07,
26, 7.381044777260067e-08, 7.820895705817323e-08, 0.021880794203451053, 3.1842698519344114e-07, 0.5010871255803708, 3.156717368688259e-07, 3.184060055915872e-07, 3.1828896619071697e-07, 3.182821336949573e-07, 3.070741787154646e-07, 3.0705849022476175e-07, 3.183600027004347e-07, 3.1831022635822894e-07, 0.4770287730455517, 3.1571851286185065e-07,
27, 1.2868181983064277e-07, 1.56074800187373e-07, 0.02177759821417917, 3.247290615605229e-07, 0.5011449876102367, 3.241911768954179e-07, 3.247598821248308e-07, 3.2447714697694507e-07, 3.243909099077354e-07, 3.082976373122521e-07, 3.082348657192342e-07, 3.2471497252416176e-07, 3.2455542889436703e-07, 0.47707391715565245, 3.243601225862954e-07,
28, 8.515649510276388e-08, 9.141924112465996e-08, 0.021686046462134047, 3.431828857809857e-07, 0.5011970042272376, 3.728383019363683e-07, 3.432619427879821e-07, 3.428001525860825e-07, 3.4259986255629904e-07, 3.438321384899093e-07, 3.436688697464467e-07, 3.4322812528689817e-07, 3.429445771018928e-07, 0.4771132816163598, 3.7321048183072925e-07,
29, 5.46143919819795e-08, 5.1967856907868646e-08, 0.021599657870432283, 3.673608063858578e-07, 0.5012461316213744, 4.066170162098203e-07, 3.6744044596289974e-07, 3.6688627156999716e-07, 3.666650203019924e-07, 3.5886012451428405e-07, 3.586773522215223e-07, 3.673876219226152e-07, 3.6705551287503456e-07, 0.47715037036077657, 4.070646031340321e-07,
30, 2.742811026623045e-08, 3.447885689847314e-08, 0.021538332359428838, 6.497043196101528e-07, 0.5012812059034601, 6.961740357963272e-07, 6.49898260384169e-07, 6.485691744872685e-07, 6.480713047661583e-07, 5.93069985625911e-07, 5.92702144376142e-07, 6.497658030442252e-07, 6.489669253113123e-07, 0.4771739262498593, 6.971080272969969e-07,
31, 1.7313475881825223e-08, 2.4371735430424202e-08, 0.02148227912158423, 9.943884471796994e-07, 0.5013131065468763, 1.0867825551017257e-06, 9.946900953373478e-07, 9.926023855949743e-07, 9.918376067300691e-07, 8.981105718595175e-07, 8.97545244929899e-07, 9.944817660904946e-07, 9.932227726148054e-07, 0.4771946411625725, 1.0882720375481956e-06,
32, 8.967984844332975e-08, 9.944846665631796e-08, 0.02141447293662357, 1.3781871663525758e-06, 0.501350610751469, 1.475060630359431e-06, 1.3785089173321155e-06, 1.3762262668980295e-06, 1.3754039364451434e-06, 1.179016674921111e-06, 1.1785940175967388e-06, 1.3782732100417138e-06, 1.376906480392632e-06, 0.47722115479690286, 1.4766578245258839e-06,
33, 4.4151904666216137e-07, 4.897711263255258e-07, 0.02138171124757534, 2.876959712806051e-06, 0.5013648385559478, 2.804170049495001e-06, 2.877509179623253e-06, 2.873729804542603e-06, 2.872400969780551e-06, 2.194934147245371e-06, 2.1949673521450865e-06, 2.8771166718517483e-06, 2.874858032728762e-06, 0.4772252665511377, 2.8061587930199504e-06,
34, 6.837969066271656e-07, 8.595213298905854e-07, 0.021297333582237787, 3.5195741173039054e-06, 0.5014094949800756, 3.3925878321714825e-06, 3.520369346660425e-06, 3.5153655032687336e-06, 3.5136069673943536e-06, 2.579645116960619e-06, 2.5798106630518326e-06, 3.519859460680886e-06, 3.516869401961579e-06, 0.4772585757343214, 3.395146899190193e-06,
35, 6.412049429725616e-07, 7.668671122160434e-07, 0.021211191544746294, 3.484028193865735e-06, 0.501458781326431, 3.232428561305681e-06, 3.484914503183013e-06, 3.4793395341549028e-06, 3.4774401385913993e-06, 2.4181428580496954e-06, 2.4183679817967143e-06, 3.484311971450698e-06, 3.4810051862083915e-06, 0.4772964245241382, 3.2350025089523117e-06,
36, 3.6487742603331254e-07, 5.139352759980193e-07, 0.02109996542583316, 3.84478904951787e-06, 0.5015191581964936, 3.45879343538228e-06, 3.8458194027357036e-06, 3.838785027639191e-06, 3.836614902660782e-06, 2.5720974211719678e-06, 2.5721825013143065e-06, 3.8449247686639776e-06, 3.840829053120751e-06, 0.477344881366427, 3.4618117671644807e-06,
37, 8.184882652390799e-07, 9.893556023044157e-07, 0.020995620112850638, 4.656474207046145e-06, 0.5015729175042705, 4.153764324411994e-06, 4.6575724809580995e-06, 4.64939633237447e-06, 4.647170654875039e-06, 3.097280721523345e-06, 3.0974570007215288e-06, 4.656376362571926e-06, 4.651706426257054e-06, 0.4773872307475537, 4.157042199389401e-06,
38, 5.092289852216679e-07, 7.359654995031528e-07, 0.020885802862294692, 4.429956280482823e-06, 0.5016352152364493, 3.7375761929274787e-06, 4.431011081601533e-06, 4.422771878103577e-06, 4.4205626723193075e-06, 2.8349705361240266e-06, 2.835158340399173e-06, 4.4297456569992724e-06, 4.425092129432587e-06, 0.47743802978512917, 3.740526697839028e-06,
39, 1.4790746711718156e-07, 2.7207077319870215e-07, 0.020779774274092153, 4.87570432556279e-06, 0.501692509249085, 4.032240089408368e-06, 4.876747666476002e-06, 4.8680840241913055e-06, 4.865645772155734e-06, 3.1670215957100864e-06, 3.167182590057572e-06, 4.875418127168084e-06, 4.870550383011364e-06, 0.4774836631038325, 4.0352486216698125e-06,
40, 1.6972003473426796e-07, 2.745748167191636e-07, 0.02068557064073196, 5.93318619975021e-06, 0.5017400846428786, 4.991444844687922e-06, 5.934091398004818e-06, 5.925501946857784e-06, 5.923064414237717e-06, 4.088871645610852e-06, 4.089180692308814e-06, 5.932720778096334e-06, 5.927957918674876e-06, 0.4775201605189217, 4.994331872286921e-06,
41, 1.701296455103535e-07, 2.1372287370118833e-07, 0.020603027361477393, 6.348013491712385e-06, 0.5017848431409894, 5.398373289941926e-06, 6.348770887907594e-06, 6.340661805224831e-06, 6.338376071824012e-06, 4.559304561862558e-06, 4.5595461707922914e-06, 6.347449276408902e-06, 6.342994660174506e-06, 0.4775537615933972, 5.401009731326056e-06,
42, 1.53104048408369e-07, 1.6180280610710914e-07, 0.020536452632736707, 6.148638257671783e-06, 0.5018241658393842, 5.348682752019459e-06, 6.149194891397182e-06, 6.142140433544498e-06, 6.140188743434684e-06, 4.520097764185062e-06, 4.5203718298029925e-06, 6.14800873280676e-06, 6.144167139722687e-06, 0.4775824545852286, 5.350994697264134e-06,
43, 2.149842462218295e-07, 1.976562514661314e-07, 0.020444589160497465, 4.654429883238971e-06, 0.501882346298455, 3.97019964340453e-06, 4.654503977107063e-06, 4.650798671810452e-06, 4.649927059631893e-06, 3.456938642923969e-06, 3.4575726515419738e-06, 4.6537158718026955e-06, 4.65184733040128e-06, 0.4776298815089884, 3.970908261542854e-06,
44, 1.4386767663549136e-07, 1.3674103036363293e-07, 0.02034141353563593, 2.79560610492697e-06, 0.5019482510680334, 2.2764088140139925e-06, 2.795436518518975e-06, 2.794129037442868e-06, 2.7939729128366266e-06, 2.0979842974216045e-06, 2.098574352522199e-06, 2.7949989763263034e-06, 2.7944847779524464e-06, 0.47768453748899103, 2.276153539086018e-06,
45, 1.9319952715045162e-07, 1.9131688194296722e-07, 0.020247124252069485, 2.2183013119645357e-06, 0.5020033460532839, 1.7648275518279556e-06, 2.2180767521326826e-06, 2.2174809539858216e-06, 2.2175350991547693e-06, 1.7366496303160854e-06, 1.7371197170316362e-06, 2.2177561397717537e-06, 2.2176290644896356e-06, 0.47772883594722554, 1.7643056053013833e-06,
46, 3.5391026971247673e-07, 4.11054021099038e-07, 0.020178041177827608, 2.4742266851337873e-06, 0.5020415694471981, 1.933552205052312e-06, 2.474022248971315e-06, 2.4733488970872045e-06, 2.4733891686610304e-06, 2.0264273228061018e-06, 2.0267864204150924e-06, 2.4736951484929684e-06, 2.4735153263087355e-06, 0.477756862984518, 1.9329139345615317e-06,
47, 3.469326763920022e-07, 3.7938541977210215e-07, 0.020090714469433495, 2.987488819296729e-06, 0.5020880920139218, 2.3784120518120706e-06, 2.9872556153427e-06, 2.986549105931853e-06, 2.986559395220889e-06, 2.6355225010624973e-06, 2.635607449564959e-06, 2.986925934498268e-06, 2.986727435296168e-06, 0.47779251892087493, 2.377678585831198e-06,
48, 1.739515537630367e-07, 1.8652021204904748e-07, 0.019943660192131788, 2.512444337110298e-06, 0.5021702507967941, 1.979769242841773e-06, 2.512288051392635e-06, 2.511473079393579e-06, 2.5113839352228036e-06, 2.328285258150365e-06, 2.327970481122899e-06, 2.5119917936312556e-06, 2.5117007367806863e-06, 0.4778620424033801, 1.9792778506368758e-06,
49, 8.438392433606814e-08, 9.31932867043352e-08, 0.019829897313063203, 1.5718620105845296e-06, 0.5022375804836847, 1.199503851626807e-06, 1.5717534040120557e-06, 1.5712370597572108e-06, 1.5711762693239157e-06, 1.449623973026108e-06, 1.4494043052799743e-06, 1.571550397368397e-06, 1.5713858475701494e-06, 0.4779176184026222, 1.1991731913105785e-06,
50, 4.805696491570176e-08, 6.602654767201728e-08, 0.019726610132023537, 1.2266794640700698e-06, 0.5022965702739874, 9.247820697955271e-07, 1.2266513727405974e-06, 1.225977895052356e-06, 1.2258268899080608e-06, 1.1474517426076312e-06, 1.1471272392253743e-06, 1.2264672530707e-06, 1.22617716251356e-06, 0.4779652041518192, 9.246638196728665e-07,
51, 1.201898775423257e-07, 1.3960633220191775e-07, 0.019635849664766614, 1.0792771665455773e-06, 0.5023478666881802, 8.52710684653092e-07, 1.0792376828716052e-06, 1.0788156402023392e-06, 1.0787468602724599e-06, 1.0904441372510028e-06, 1.0900514453427873e-06, 1.0790975811128315e-06, 1.0789409442253517e-06, 0.4780056644010146, 8.525740741990729e-07,
52, 1.764774503517622e-07, 2.132232635308049e-07, 0.019571928580668585, 6.521873902780526e-07, 0.502386916394133, 5.369475790200376e-07, 6.521231506608655e-07, 6.521205173371203e-07, 6.521890572321696e-07, 6.594035449248018e-07, 6.592920476405267e-07, 6.520516936841729e-07, 6.521174487900383e-07, 0.47803446057283505, 5.367640373125179e-07,
53, 4.6011567915647426e-07, 6.473145681458339e-07, 0.019528968780483477, 7.179428581458349e-07, 0.5024126254963155, 6.109671732565908e-07, 7.17896202676782e-07, 7.179009578482677e-07, 7.179884346872447e-07, 6.951597939574731e-07, 6.951464469311045e-07, 7.178256196300478e-07, 7.178906585048458e-07, 0.4780503792361988, 6.107821701750667e-07,
54, 3.6163673798493433e-07, 5.104307223590255e-07, 0.01949385832792997, 4.730078774336866e-07, 0.5024364462101975, 4.1429133931350873e-07, 4.7297517917007117e-07, 4.7296812597821565e-07, 4.730526764041682e-07, 4.577115486152517e-07, 4.577109888063627e-07, 4.7291494565046716e-07, 4.729564666590797e-07, 0.4780642420741893, 4.141730058773212e-07,
55, 1.6474797577321842e-07, 1.8903180533418187e-07, 0.019466892582413332, 3.19887344149798e-07, 0.5024559351026262, 2.992765318673266e-07, 3.198429896775788e-07, 3.1994844452344616e-07, 3.200304344885886e-07, 3.197712410247584e-07, 3.1979199248114807e-07, 3.198181620205137e-07, 3.199108124125535e-07, 0.4780736615269219, 2.991747090366542e-07,
56, 8.572980108502949e-08, 8.435221809075117e-08, 0.019429203433403062, 2.6716586352012466e-07, 0.5024802359333477, 2.7704119268744933e-07, 2.671363210965694e-07, 2.671933072102313e-07, 2.672364540793869e-07, 2.8538387591303074e-07, 2.853500097244353e-07, 2.671199680887798e-07, 2.671741252990037e-07, 0.4780876631652665, 2.770296654596404e-07,
57, 1.7212030274760588e-07, 1.465959139051869e-07, 0.019417726217100556, 3.617268725391445e-07, 0.5024902909305111, 3.7262878941725417e-07, 3.6171485090255664e-07, 3.616833893214107e-07, 3.616859533060426e-07, 3.687971681081514e-07, 3.687570638777318e-07, 3.616944797651821e-07, 3.6169326318066025e-07, 0.47808801152694874, 3.7267142412567427e-07,
58, 1.4356709787724395e-07, 1.2111851555431872e-07, 0.01941969417721491, 7.601952714816825e-07, 0.5024922015652876, 7.606296969776816e-07, 7.602447043579809e-07, 7.596983903176009e-07, 7.59510466851506e-07, 7.324296377312558e-07, 7.322372117634128e-07, 7.601678138681681e-07, 7.598622540222313e-07, 0.47808029407110125, 7.60968613444067e-07,
59, 2.6518163299959733e-08, 2.983483977134442e-08, 0.019426235756461168, 6.99957255866439e-07, 0.5024939437751229, 7.116928072811158e-07, 7.000475838434093e-07, 6.992290710273337e-07, 6.989338535464448e-07, 6.605488596840195e-07, 6.602904765973642e-07, 6.999455001332562e-07, 6.99469983324368e-07, 0.4780728222200661, 7.122221184937024e-07,
60, 5.4749932604583566e-08, 5.173864067463613e-08, 0.019424164606634528, 6.222570435359077e-07, 0.5024998583236691, 6.113511133137415e-07, 6.223121280783863e-07, 6.217037586260335e-07, 6.214794478861163e-07, 5.351242488659303e-07, 5.350627592241216e-07, 6.22225978436351e-07, 6.218815325441307e-07, 0.47806984590072776, 6.117252038666522e-07,
61, 9.401782194555592e-08, 1.0293308991638814e-07, 0.019411759886097855, 8.173405048449291e-07, 0.502509663089213, 7.876199688543233e-07, 8.174401321048898e-07, 8.165604076969274e-07, 8.162290267861102e-07, 6.564722514909496e-07, 6.564710895465898e-07, 8.173213701027462e-07, 8.168171214391391e-07, 0.4780705900944827, 7.881501836491647e-07,
62, 5.9461261224559233e-08, 8.707312725362959e-08, 0.01937942089734853, 1.0093510729907492e-06, 0.5025295376841595, 9.80324526320188e-07, 1.0094724027339675e-06, 1.0083184781476174e-06, 1.0078932496646785e-06, 7.765375896496595e-07, 7.765729674361076e-07, 1.009301678211272e-06, 1.0086506663200893e-06, 0.47808132782959, 9.810758147517478e-07,
63, 9.68279662227007e-08, 1.4715287298642845e-07, 0.019354713893973544, 1.3258661704562975e-06, 0.5025446720906118, 1.3572325152927545e-06, 1.3259685349736158e-06, 1.3247149587160607e-06, 1.3242655630215675e-06, 1.029771246355627e-06, 1.0298947248569968e-06, 1.3257564571671855e-06, 1.325065790151446e-06, 0.47808764371932755, 1.358224535490038e-06,
64, 3.70128136431041e-08, 6.292790092739214e-08, 0.019340735978305358, 1.1959257063268094e-06, 0.5025568458830896, 1.246589764390851e-06, 1.1960161328611309e-06, 1.194784225377079e-06, 1.1943625919215762e-06, 9.234271002551577e-07, 9.235029746728873e-07, 1.1957998180465218e-06, 1.1951247875896222e-06, 0.4780908054866905, 1.2476233505270077e-06,
65, 5.707791422364018e-08, 8.015062269626076e-08, 0.019334147786799098, 1.238185098547902e-06, 0.5025641005088229, 1.3798472001978788e-06, 1.2382048290024542e-06, 1.2372705572571037e-06, 1.2369861826261533e-06, 1.0056013259207725e-06, 1.005708710382157e-06, 1.2380037907059294e-06, 1.2375133363299842e-06, 0.4780894167120021, 1.380886627653887e-06,
66, 1.3815292768929284e-07, 2.0710190160525042e-07, 0.019294920564052558, 1.4057819733084054e-06, 0.5025871544535057, 1.6829684782949382e-06, 1.4057491170858304e-06, 1.4050405274113669e-06, 1.404873221700248e-06, 1.2059903826714727e-06, 1.2061135504048782e-06, 1.405544472032343e-06, 1.405206780729722e-06, 0.47810336870168085, 1.6842001458342626e-06,
67, 2.2921695033560537e-07, 3.2263440286959844e-07, 0.019269966023314093, 1.2819173906424704e-06, 0.5026044962213525, 1.5813229764011363e-06, 1.281829565013203e-06, 1.2814662874301853e-06, 1.2814621233997014e-06, 1.1481564862991917e-06, 1.1482578908755068e-06, 1.2816480297338731e-06, 1.2815256638360786e-06, 0.47811183639392507, 1.5823675112189844e-06,
68, 6.091700865020168e-07, 8.420283242566599e-07, 0.019250743142781298, 1.5185474509808054e-06, 0.5026166808487637, 1.925753006517372e-06, 1.5184416227453146e-06, 1.51811762298713e-06, 1.5181953783961273e-06, 1.4466545439479377e-06, 1.446628128006532e-06, 1.518234335335938e-06, 1.5181491088395729e-06, 0.47811526954080225, 1.926992164193132e-06,
69, 3.7816690060015454e-07, 4.997665472420191e-07, 0.01923300539248301, 1.4206675572131139e-06, 0.502630757744341, 1.9452299092955607e-06, 1.4205694598872796e-06, 1.4201622634927832e-06, 1.4202095497299823e-06, 1.4628828701758298e-06, 1.4625485371381646e-06, 1.420363322468248e-06, 1.4202193589925836e-06, 0.47812001972917023, 1.9467921590739415e-06,
70, 6.824161533389428e-08, 1.0428865561597186e-07, 0.019235880543645292, 1.0909129053096646e-06, 0.5026357404598459, 1.598922840839917e-06, 1.0909051882560311e-06, 1.0900590254105644e-06, 1.0899431169932224e-06, 1.2645554204714532e-06, 1.2637474673194862e-06, 1.090683462832119e-06, 1.0902488843532551e-06, 0.4781159362178005, 1.6007167655040965e-06,
71, 1.211606075833773e-07, 1.3127619590636266e-07, 0.019230066884547932, 7.990511437812892e-07, 0.50264438256555, 1.2697641917641075e-06, 7.990111184540471e-07, 7.984573754243682e-07, 7.984607462076446e-07, 1.0566377726432211e-06, 1.0557382789700487e-06, 7.988273716703777e-07, 7.985624150256003e-07, 0.47811585280170044, 1.2712465829060413e-06,
72, 1.350957865867799e-07, 1.5445348345918105e-07, 0.019266076521868, 1.1372250419795548e-06, 0.5026286148758498, 1.656523621687438e-06, 1.1371486584793006e-06, 1.1363640383964203e-06, 1.1364060648715433e-06, 1.4888645700552796e-06, 1.4876135817817256e-06, 1.1368780474426384e-06, 1.1365049535307757e-06, 0.47809190781238275, 1.6581561138431264e-06,
73, 2.4713375442123947e-07, 2.2069588359751023e-07, 0.01930683898261819, 1.7196311010769818e-06, 0.5026091692717551, 2.2894725915511203e-06, 1.7193856332084682e-06, 1.7189891953118217e-06, 1.7192271088705045e-06, 2.161457863119268e-06, 2.160131295654916e-06, 1.7190984770794967e-06, 1.7190000602154227e-06, 0.4780643070571985, 2.2909095539568984e-06,
74, 2.748772196500197e-07, 2.3546661532436537e-07, 0.019385907772069663, 2.502109169894625e-06, 0.5025696787932945, 2.95862060219653e-06, 2.501767989561767e-06, 2.5011608458203565e-06, 2.5014172567667865e-06, 3.0100823754281814e-06, 3.0084421687819875e-06, 2.5013910360222257e-06, 2.5012055509432782e-06, 0.4780169574781407, 2.9598592686461712e-06,
75, 2.141962817179003e-07, 1.960176514876466e-07, 0.01940892789490625, 2.5237365035445863e-06, 0.5025623301292066, 2.908383138199152e-06, 2.5234272817380495e-06, 2.522513865279024e-06, 2.5226835826414436e-06, 3.1089689238915516e-06, 3.106979975128721e-06, 2.5230005128095797e-06, 2.5226473979607993e-06, 0.4780011602218423, 2.909643500417811e-06,
76, 3.2367388838398355e-07, 3.623572701055795e-07, 0.01945025259761555, 3.5473743765922754e-06, 0.5025404954670313, 3.829043762776442e-06, 3.547222934925817e-06, 3.544754332645094e-06, 3.5445165252500274e-06, 4.287526892337237e-06, 4.284395481859234e-06, 3.5465582490793857e-06, 3.5453110999989884e-06, 0.47797105869133355, 3.830954407566378e-06,
77, 4.967756318388711e-07, 6.293590056326752e-07, 0.019504597247530873, 4.022462845372775e-06, 0.5025145366472741, 4.318797205270614e-06, 4.022425210065002e-06, 4.018971140093382e-06, 4.018483470832394e-06, 4.917545213400573e-06, 4.91362692757287e-06, 4.02161557692602e-06, 4.0197816225027146e-06, 0.47793714547001, 4.321235683906457e-06,
78, 9.46462441714941e-08, 1.3103694431432444e-07, 0.019554077487756227, 3.622943013885228e-06, 0.5024966268311784, 3.996036142987234e-06, 3.6230291568214608e-06, 3.619086077493722e-06, 3.6182750006136975e-06, 4.453761589542846e-06, 4.449729792457025e-06, 3.622247828842489e-06, 3.6200804422491546e-06, 0.4779104462428546, 3.999009176825962e-06,
79, 1.6378648082335777e-07, 1.557231522301365e-07, 0.019593071373323143, 3.398851206409102e-06, 0.5024825052961932, 3.7746665331767043e-06, 3.3988598252529296e-06, 3.395591554363293e-06, 3.39492382520369e-06, 4.11613588187766e-06, 4.112635313648141e-06, 3.3981888113093242e-06, 3.396420805457062e-06, 0.47788794067222345, 3.7773172022028353e-06,
80, 1.5576710450690562e-07, 1.330877647979737e-07, 0.019638271460774726, 2.2840637089773963e-06, 0.5024696442154625, 2.6959610516345763e-06, 2.2839537847479137e-06, 2.2821402352828993e-06, 2.2818058640711186e-06, 2.832881780255695e-06, 2.830506106413662e-06, 2.2835246074291453e-06, 2.2825838920947372e-06, 0.4778670405572002, 2.6979346871729685e-06,
81, 7.69771450360586e-08, 6.400298944012554e-08, 0.019720256447123403, 1.413742460342886e-06, 0.5024372861889305, 1.675990632794531e-06, 1.41368278829652e-06, 1.4122595086095144e-06, 1.4119221984600605e-06, 1.7622443490174534e-06, 1.7605809821457464e-06, 1.4133827965301754e-06, 1.4126187682182553e-06, 0.477826962963434, 1.6774391558739513e-06,
82, 1.7700959862353865e-08, 2.0217222194309636e-08, 0.01978639682742103, 1.1945165005678503e-06, 0.502409325017828, 1.4229082293749182e-06, 1.19456053479436e-06, 1.192764578217958e-06, 1.1922319873976827e-06, 1.4915193982506835e-06, 1.489836396607581e-06, 1.1942638174376423e-06, 1.1932433902240924e-06, 0.47779125029276204, 1.4245412434897876e-06,
83, 4.007899281963318e-08, 3.510619129490687e-08, 0.019841188132845917, 1.0082875476541188e-06, 0.5023866724875811, 1.170745819341176e-06, 1.0083160522545564e-06, 1.0067974273563964e-06, 1.0063233220788388e-06, 1.2277689967964764e-06, 1.2264260773892824e-06, 1.0080684722722312e-06, 1.0072021622183245e-06, 0.47776122263415727, 1.1720677291360086e-06,
84, 2.9523083596192894e-08, 2.6368963082023254e-08, 0.0198415071335526, 8.1740543244281e-07, 0.5023914688775944, 9.694764264341368e-07, 8.17469902255707e-07, 8.159797510935335e-07, 8.154780839391408e-07, 1.025084632783802e-06, 1.0238036019794025e-06, 8.17242332467883e-07, 8.163857547989197e-07, 0.47775807941213344, 9.708022463356844e-07,
85, 1.4573577294774167e-08, 2.1276174999019438e-08, 0.01988340003802125, 1.231004880426722e-06, 0.502372251203214, 1.3319053048067473e-06, 1.2312290411328056e-06, 1.2286249134161602e-06, 1.2276921012577057e-06, 1.3969133888274826e-06, 1.395327969475605e-06, 1.2308835756098184e-06, 1.2293539238276226e-06, 0.4777314766482317, 1.333770128885056e-06,
86, 5.850594348904109e-08, 8.520474564920072e-08, 0.019915506887972383, 1.7099524852166018e-06, 0.5023574775741046, 1.6988405149145598e-06, 1.7102315644303794e-06, 1.7071179698073674e-06, 1.7059736837090127e-06, 1.7789825750387897e-06, 1.7774732843850281e-06, 1.7098126265698384e-06, 1.707991686889908e-06, 0.47770966512567814, 1.7007686319428314e-06,
87, 3.557594650989162e-08, 5.34044945519327e-08, 0.019955469168621027, 1.794335643643911e-06, 0.5023408330516557, 1.707086884140943e-06, 1.7946463997097594e-06, 1.7913445524999984e-06, 1.7901189629479444e-06, 1.8410576710453066e-06, 1.8395681421317496e-06, 1.7942087806449135e-06, 1.7922745128502214e-06, 0.47768575567011573, 1.7089312672360913e-06,
88, 5.670837620981687e-08, 7.401626139058175e-08, 0.0200000594289725, 2.0397771773527465e-06, 0.5023208147353837, 1.899660438285351e-06, 2.0400680962237176e-06, 2.0367842842343565e-06, 2.035555185745326e-06, 2.1074523281186003e-06, 2.1059747999956262e-06, 2.0396260358229484e-06, 2.037703234452428e-06, 0.477658751598755, 1.9013555174469253e-06,
89, 9.835823365790809e-08, 1.4693842711771114e-07, 0.020051442581856076, 2.90668234780911e-06, 0.5022941793157272, 2.697388615908327e-06, 2.907097117130331e-06, 2.9028286986870806e-06, 2.901222065783483e-06, 3.0520409175578147e-06, 3.0500859845357896e-06, 2.9065499473583848e-06, 2.90401913376936e-06, 0.4776252058719242, 2.6994647724482764e-06,
90, 1.056203890721414e-07, 1.5389971190548355e-07, 0.020078533641047867, 2.717347408735504e-06, 0.5022853868696867, 2.5497057547193138e-06, 2.717776465975444e-06, 2.713672776511139e-06, 2.712125668418844e-06, 2.818408244682741e-06, 2.816628089512257e-06, 2.7172609667540307e-06, 2.7148242315468302e-06, 0.47760879090401, 2.551761779268781e-06,
91, 3.261081731230781e-08, 4.7774114474552285e-08, 0.02011350242223713, 2.1031620327369605e-06, 0.5022748599516136, 2.024754039486565e-06, 2.103598441610691e-06, 2.0998883827515503e-06, 2.098498425480572e-06, 2.2405274940693584e-06, 2.238811019891728e-06, 2.1031623080981352e-06, 2.100940124401665e-06, 0.4775904176317379, 2.0267137329047627e-06,
92, 1.5844791806886104e-07, 1.46737495751651e-07, 0.020138345325328644, 1.6334708754203357e-06, 0.5022684329991028, 1.558051884767418e-06, 1.6337652145543004e-06, 1.6313238005016818e-06, 1.6304093085861436e-06, 1.7367698570231908e-06, 1.7356516017385088e-06, 1.6334761930060813e-06, 1.6320171816797606e-06, 0.47757653274639966, 1.5592554444161701e-06,
93, 8.165620640577245e-07, 5.658990011796373e-07, 0.020167320456627207, 1.3393017092752313e-06, 0.5022584054586965, 1.2944835271035736e-06, 1.3394254178055002e-06, 1.3383297411704298e-06, 1.3379199581168322e-06, 1.4595993411632648e-06, 1.4590066732882407e-06, 1.3392875182230389e-06, 1.3386350483431903e-06, 0.4775593511428848, 1.2949399470088795e-06,
94, 1.3624836954941096e-06, 8.647595679027212e-07, 0.020182407074655778, 1.33415900033619e-06, 0.5022541007757366, 1.3199688370117488e-06, 1.3341754420435658e-06, 1.3340062033747693e-06, 1.3338634222010362e-06, 1.499592085703881e-06, 1.4992929277939494e-06, 1.334171394899514e-06, 1.3340639403092358e-06, 0.47754762208073637, 1.3199786225728243e-06,
95, 3.156594220684022e-06, 2.1103666880654007e-06, 0.020151651362243724, 1.4997678850426802e-06, 0.5022709756437261, 1.5577905159184327e-06, 1.499732006236477e-06, 1.5003476537914348e-06, 1.5004001420138434e-06, 1.7838440325570726e-06, 1.7836587925469165e-06, 1.499857186736973e-06, 1.500208094859383e-06, 0.4775564233474456, 1.5575238324401945e-06,
96, 5.53418008177852e-06, 4.009088700966986e-06, 0.020154847107346725, 1.7878630044816646e-06, 0.5022696972465343, 1.8885040558536116e-06, 1.7878588368666437e-06, 1.7889456937788218e-06, 1.7890530359182635e-06, 2.059025953330836e-06, 2.0591303680669943e-06, 1.788106817386048e-06, 1.788708895995464e-06, 0.47754728750484227, 1.888119954931975e-06,
97, 7.915841608009386e-06, 6.218592474174495e-06, 0.020146792288527244, 2.5778465287324712e-06, 0.5022713036719623, 2.774841374917426e-06, 2.5778634300541674e-06, 2.5794577505457182e-06, 2.5796848937683853e-06, 2.8962342340282416e-06, 2.8965031820391232e-06, 2.578205907568178e-06, 2.5791043964591133e-06, 0.47754095586662987, 2.7744409213965666e-06,
98, 8.160960896612848e-06, 6.689107434781041e-06, 0.020153615022668315, 2.820562248865016e-06, 0.5022701809116104, 3.159728348597281e-06, 2.820624058728195e-06, 2.8223202421935365e-06, 2.8224874644366738e-06, 3.115780613490222e-06, 3.1161640707568335e-06, 2.8210260631782364e-06, 2.821962670560535e-06, 0.4775318741512456, 3.1596355323427433e-06,
99, 9.647605250591771e-06, 7.907269992054498e-06, 0.020173962070589264, 2.7168687861302612e-06, 0.5022630783893173, 3.049702076296284e-06, 2.716966703867859e-06, 2.7188387978604806e-06, 2.7189983631516416e-06, 3.0196410720559353e-06, 3.0200765639072577e-06, 2.7174397690974344e-06, 2.7184544823854167e-06, 0.47751695860821636, 3.049515163192568e-06,
100, 9.464045123048992e-06, 7.853047743746933e-06, 0.020214619487838502, 2.3746467997244733e-06, 0.5022485747346932, 2.7165968279325795e-06, 2.374740908881196e-06, 2.376544512565447e-06, 2.3767288960136023e-06, 2.542917356225937e-06, 2.543584322495536e-06, 2.3751891493841032e-06, 2.37616719758083e-06, 0.4774947155679641, 2.716444579391249e-06,
101, 6.1284528825249654e-06, 5.057596041582903e-06, 0.020274001717954702, 1.5643892227702395e-06, 0.502230137148742, 1.7181754398062954e-06, 1.5645157515205465e-06, 1.5656025028986802e-06, 1.5656389987770673e-06, 1.6246780947765003e-06, 1.6251919796112784e-06, 1.5648332756962606e-06, 1.5653987759004312e-06, 0.47746859905405825, 1.7180504693607269e-06,
102, 3.531137960514079e-06, 2.897145014159882e-06, 0.020336392395760544, 1.0879180978850189e-06, 0.5022074357540323, 1.188211909813249e-06, 1.0880184187996259e-06, 1.0886797738267845e-06, 1.088706372924387e-06, 1.1436268710651933e-06, 1.143928983166821e-06, 1.088219449558677e-06, 1.0885556869140293e-06, 0.47743855000976254, 1.1881362067116169e-06,
103, 3.6301371004419044e-06, 3.0663507980169923e-06, 0.020444619291453258, 1.2457259192325498e-06, 0.5021559599075238, 1.2425142758835278e-06, 1.2458662462427706e-06, 1.2462819422923534e-06, 1.2462696918695406e-06, 1.2163715336259776e-06, 1.216766564562733e-06, 1.2460312734531544e-06, 1.2462155673662525e-06, 0.47738033038147804, 1.2423324212516873e-06,
104, 4.360451659711547e-06, 3.833922586391582e-06, 0.020528088776593505, 1.5239594448991818e-06, 0.5021154848926356, 1.441346106994116e-06, 1.5240923657810452e-06, 1.5244695342356126e-06, 1.5245318459332533e-06, 1.4358742649860536e-06, 1.4363931918109624e-06, 1.5242206304598928e-06, 1.5243910509581464e-06, 0.4773333321536136, 1.440967906129767e-06,
105, 4.845954976283025e-06, 4.372911047916184e-06, 0.020586480475701587, 2.012515623509929e-06, 0.5020869163397167, 1.8422456836332115e-06, 2.0126884058700837e-06, 2.012981472101207e-06, 2.012985075594258e-06, 1.8624287172962367e-06, 1.863058319984345e-06, 2.0128267954499485e-06, 2.0129361381705876e-06, 0.47729789831797037, 1.8417775663258852e-06,
106, 3.841478303837139e-06, 3.5155394244609785e-06, 0.020633696766287308, 2.02190055416038e-06, 0.5020678270932372, 1.844565290300388e-06, 2.0221023877196912e-06, 2.0221522898113503e-06, 2.0220284909601767e-06, 1.8705255773613663e-06, 1.8710674079058956e-06, 2.022226800401508e-06, 2.0221822584916024e-06, 0.4772715565670149, 1.844246994023413e-06,
