Optimize time:18.39202132768101
Begin Prob:-13584.72394840284
End Prob:-13529.127994826713
Substitution parameters:[0.21232322094870784, 0.2791334980898889, 0.2789649235478837, 0.22957835741351962, 1.5344599081899457]
Trees:
(3:581.2530733242231,(1:581.2530733242231,(5:914.8551401361121,(2:581.5598987528356,4:581.5598987528356):926.9764669673093):581.5598987528356):912.6889495691074);
(3:581.5598987528356,((2:584.6487715192892,5:581.5598987528356):808.427827735989,(1:909.8625970639647,4:581.5598987528356):584.6487715192892):909.3852588001309);
(3:808.427827735989,(1:584.6487715192892,(2:581.5598987528356,(4:914.8491792810864,5:584.6487715192892):914.8551401361121):909.6596219108264):909.8625970639647);
(3:912.6889495691074,(2:907.740022784278,(1:581.2530733242231,(4:909.385306381694,5:581.2530733242231):617.9935144077539):909.74622245308):581.5598987528356);
(3:901.6939071273446,((2:901.6483702469885,4:912.6889495691074):581.2531246499474,(1:901.6939071273446,5:581.5598987528356):581.5598987528356):581.2530733242231);
(3:581.5598987528356,(1:581.2530733242231,(4:581.5598987528356,(2:808.427827735989,5:581.5598987528356):581.5598987528356):904.8027414883184):912.6889495691074);
((2:584.6523211578066,3:909.8625970639647):581.5598987528356,(5:584.6523211578066,(1:581.5598987528356,4:581.5598987528356):808.6073177608903):581.5598987528356);
(3:931.1164908577614,(5:581.5598987528356,(4:912.6889495691074,(1:926.9764669673093,2:909.8329296470772):914.8551401361121):901.6939071273446):808.6072393421616);
(3:581.5598987528356,(4:926.9764669673093,(5:909.8627105784448,(1:909.8625970639647,2:581.5598987528356):584.6487715192892):808.6136108029814):808.6135473608972);
((2:581.5598987528356,3:581.5598987528356):581.5598987528356,(4:581.2531246499474,(1:907.740022784278,5:619.5023583773561):581.5598987528356):581.2531246499474);
(3:618.485632111083,(4:581.5598987528356,(2:618.034370715906,(1:581.5598987528356,5:581.5598987528356):581.5598987528356):581.5598987528356):581.5598987528356);
(3:999.9999215812713,(4:999.9999215812713,(1:999.9999215812713,(2:999.9999215812713,5:999.9999215812713):999.9596027630816):999.9999215812713):999.9999215812713);
(3:999.9999215812713,(5:999.9596027630816,(1:999.931284073672,(2:907.7401779184602,4:999.9999215812713):999.9999215812713):999.9999215812713):999.959554297642);
(3:909.8625970639647,(5:981.3423767040375,(2:581.5598987528356,(1:912.6889495691074,4:984.7848211318752):909.8625970639647):581.5598987528356):581.2531246499474);
(3:618.0332855360549,((4:0.773938,5:0.624039):0.147659,(1:619.9255281551825,2:617.4040234989507):1e-06):0.624514);

Position, Posteriors1, Posteriors2, Posteriors3, Posteriors4, Posteriors5, Posteriors6, Posteriors7, Posteriors8, Posteriors9, Posteriors10, Posteriors11, Posteriors12, Posteriors13, Posteriors14, Posteriors15,
0, 0.0006955029932234984, 0.0006955029932209682, 0.0006955029932234984, 0.0006955029932234984, 0.0063996887704928255, 0.23844870225838655, 0.07431669708096679, 0.07689008221801037, 0.07697737943821269, 0.07419825426527943, 0.08654968631101018, 0.09822281116956644, 0.0866198205563777, 0.08645762314998547, 0.0921372426896516,
1, 0.0006638902757449294, 0.0006638902757437218, 0.0006638902757449294, 0.0006638902757449294, 0.006053177894769711, 0.2395774216614073, 0.07416351485944847, 0.07676211523162688, 0.07685005928167493, 0.07404697037199846, 0.08651637233111335, 0.09827478878501897, 0.08658695310460304, 0.08642192515618231, 0.092091140099607,
2, 0.0006609943537525922, 0.0006609943537513899, 0.0006609943537525922, 0.0006609943537525922, 0.005502717346408404, 0.24085487747292952, 0.07397599952070262, 0.07664869710664853, 0.0767372407543641, 0.07385802159001736, 0.0864699725142465, 0.09832660816826687, 0.08654099774252257, 0.08637659675773897, 0.09206429349243661,
3, 0.0006168019576684725, 0.0006168019576673505, 0.0006168019576684725, 0.0006168019576684725, 0.005007599502429148, 0.2421475484229256, 0.07380115484948187, 0.07655480889030918, 0.07664393187463568, 0.07368945362557275, 0.08641171326660363, 0.09835038258125277, 0.08648320783258757, 0.08631089860206445, 0.09213209260323092,
4, 0.0005277047420011807, 0.000527704741999261, 0.0005277047420011807, 0.0005277047420011807, 0.004359299621947333, 0.24329780774979565, 0.07368272742046775, 0.07651462038336679, 0.07660439908633676, 0.07357440926154964, 0.08641741025629754, 0.09844777894198763, 0.08648948146947498, 0.08631162912518309, 0.09218961759794546,
5, 0.00031721997887698195, 0.0003172199788764049, 0.00031721997887698195, 0.00031721997887698195, 0.003710695931392157, 0.24462382683108921, 0.07362256375352104, 0.07646537067868826, 0.07655602181270965, 0.07351306025049476, 0.08649787049355795, 0.09865181528845259, 0.08657059809349701, 0.08639196298664718, 0.09212733384744147,
6, 0.00016374724234518933, 0.00016374724234489147, 0.00016374724234518933, 0.00016374724234518933, 0.0032918844040830102, 0.24591433982955893, 0.07353930316937315, 0.07635016117254446, 0.07644165773692863, 0.07342259800367006, 0.08652832382111417, 0.09881830519473263, 0.08660161438560787, 0.08642886019654461, 0.09200796299952028,
7, 0.0001505573261234844, 0.0001505573261234844, 0.00015055732612375826, 0.0001505573261234844, 0.0030641942341408357, 0.24709267543864855, 0.07339653408636962, 0.07615644981766204, 0.07624869988415495, 0.07327538292352176, 0.08648941963744802, 0.09890458060106135, 0.08656315702165494, 0.08639445795814955, 0.0918122189748815,
8, 0.00011729809644272411, 0.00011729809644251076, 0.00011729809644272411, 0.00011729809644272411, 0.0029070382764341237, 0.24824424215676097, 0.07326118502463345, 0.07596865607317646, 0.07606173234394209, 0.07313233518368473, 0.08648277876365076, 0.09904421115634297, 0.08655693520723778, 0.08639674032422827, 0.09147495298685805,
9, 9.945806079248375e-05, 9.945806079248375e-05, 9.945806079248375e-05, 9.945806079248375e-05, 0.0028493994184882643, 0.2494566645697391, 0.07307171847083163, 0.07577805439010131, 0.07587190452990643, 0.07293874514411794, 0.08644682290554465, 0.09915366665934161, 0.0865213996327026, 0.08636697432350471, 0.09114681759533859,
10, 6.360652930771638e-05, 6.360652930760068e-05, 6.360652930771638e-05, 6.360652930771638e-05, 0.0027886870944823796, 0.2505188550616308, 0.072917789645998, 0.07561941804413591, 0.07571406375857298, 0.07277886306953611, 0.08643677372186548, 0.09928974559058279, 0.08651183300232942, 0.08636486819099634, 0.09080467658548955,
11, 2.420349275396061e-05, 2.420349275396061e-05, 2.420349275396061e-05, 2.420349275396061e-05, 0.0027946587000103134, 0.25167923789849844, 0.07278177003502898, 0.07540818416067212, 0.07550366066630285, 0.07263070195555027, 0.08640654503367551, 0.0993962514300725, 0.08648204713693897, 0.08634899369269107, 0.09047113520221002,
12, 1.2143507387947411e-05, 1.2143507387925322e-05, 1.2143507387947411e-05, 1.2143507387947411e-05, 0.002907046401117757, 0.25276009094509566, 0.07263240410909076, 0.07518132152319681, 0.07527758607930116, 0.07246645259673762, 0.08637004038754398, 0.09951114160539055, 0.08644587202983724, 0.08633046467876543, 0.0900690054969322,
13, 3.5637084613763205e-05, 3.5637084613763205e-05, 3.5637084613763205e-05, 3.5637084613763205e-05, 0.0031904385872332363, 0.2537398108901019, 0.07245671822982137, 0.0749310426194235, 0.07502802277195195, 0.07227853449746098, 0.08632540231090574, 0.09960736472941238, 0.08640143200398973, 0.0863023760082402, 0.08959630889595147,
14, 5.025269742479251e-05, 5.025269742479251e-05, 5.025269742479251e-05, 5.025269742479251e-05, 0.003363079601129162, 0.25486758727287495, 0.07223210370599852, 0.07470510233988743, 0.07480283161626264, 0.07204094330465394, 0.08631109117080832, 0.09975639760073235, 0.08638738067485638, 0.08630574362187549, 0.08902672818452831,
15, 8.641899217161734e-05, 8.641899217161734e-05, 8.641899217161734e-05, 8.641899217161734e-05, 0.0035327127984900726, 0.25605394958973055, 0.07195800747670976, 0.07448697570570016, 0.07458539574935777, 0.07176398636714201, 0.08628591950345905, 0.09988534933773423, 0.08636242461484299, 0.0862875943734609, 0.08845200839847168,
16, 9.834975633255173e-05, 9.834975633255173e-05, 9.834975633255173e-05, 9.834975633255173e-05, 0.0037205890682709916, 0.25724770301838895, 0.07169466204182222, 0.07428416978721833, 0.07438326107790756, 0.07150473614407463, 0.08624645477457406, 0.0999848699272539, 0.08632319981115062, 0.08624739377424685, 0.08796956143248703,
17, 0.0001007719382439859, 0.0001007719382439859, 0.0001007719382439859, 0.0001007719382439859, 0.003798571821266796, 0.2584836523727316, 0.07145129154311218, 0.07409329975432721, 0.07419305435451704, 0.07126525469870575, 0.0862084087364116, 0.10005102206898663, 0.08628542802184902, 0.0862077923289022, 0.08755913642979789,
18, 7.956541755269275e-05, 7.956541755269275e-05, 7.956541755269275e-05, 7.956541755269275e-05, 0.00389287196883139, 0.2597307111507731, 0.07121821966593063, 0.07391743344501647, 0.07401783452953481, 0.0710429081731981, 0.08615652356397524, 0.10008870692739683, 0.08623384190940507, 0.08614665071468873, 0.08723603616426347,
19, 5.216882982605722e-05, 5.216882982605722e-05, 5.216882982605722e-05, 5.216882982605722e-05, 0.003999438261749716, 0.26109369517340086, 0.07099416484167768, 0.07368914914218676, 0.0737903225076464, 0.07082740381942332, 0.08612163921615879, 0.10016320461263258, 0.0861993111629522, 0.08610486088484844, 0.08680813494057173,
20, 2.4487409439941954e-05, 2.4487409439897413e-05, 2.4487409439941954e-05, 2.4487409439941954e-05, 0.00399571667392866, 0.2626003887651812, 0.07074165109404061, 0.07347675055869451, 0.0735786516189516, 0.07058039904747862, 0.08607682972716212, 0.10023940966613244, 0.08615485461702707, 0.08605633450998046, 0.08640106396654079,
21, 1.5254026320889255e-05, 1.5254026320889255e-05, 1.5254026320889255e-05, 1.5254026320889255e-05, 0.004113511029562935, 0.2640145711610826, 0.07047858365529684, 0.0732572379791944, 0.07335983707238004, 0.07032416160000769, 0.08602736712554375, 0.10030433882565401, 0.08610565195597614, 0.08600299717243379, 0.08595072619978086,
22, 9.292831725159152e-06, 9.292831725142246e-06, 9.292831725159152e-06, 9.292831725159152e-06, 0.004375062852755214, 0.26525544377510446, 0.07023851749953842, 0.07305892493465269, 0.07316210680723856, 0.07009218958862272, 0.08594970724888844, 0.10032403566860915, 0.08602820401987236, 0.08592044763780816, 0.08555818852212932,
23, 2.0932537598852014e-05, 2.0932537598852014e-05, 2.0932537598852014e-05, 2.0932537598852014e-05, 0.004834093941971727, 0.2664225628046419, 0.06997444643740643, 0.07283961481128413, 0.07294331993328139, 0.06983830899315373, 0.08586170870031658, 0.10032600566564961, 0.08594031250653973, 0.08582645755026368, 0.08510943838731912,
24, 2.380998400273248e-05, 2.3809984002689174e-05, 2.380998400273248e-05, 2.380998400273248e-05, 0.005139100822123779, 0.2677346164342197, 0.06967452509401997, 0.07264216422243573, 0.07274643497212499, 0.06954745450915358, 0.08580781932288135, 0.10038374684014541, 0.08588660122548555, 0.08576809535501025, 0.08457420114845095,
25, 3.6106607911999246e-05, 3.6106607911999246e-05, 3.6106607911999246e-05, 3.6106607911999246e-05, 0.005299086311486582, 0.26906940596360235, 0.0693804329857464, 0.07245725687839866, 0.07256204687085493, 0.06926032676802531, 0.08575596731259905, 0.10045096210257053, 0.08583494730288234, 0.08571326148023585, 0.0840718794732287,
26, 5.579477402129842e-05, 5.579477402129842e-05, 5.579477402129842e-05, 5.579477402129842e-05, 0.005432319897004048, 0.2704174104366506, 0.0690886492384751, 0.07226543715546634, 0.07237072717999168, 0.06897481896056222, 0.08569677318526393, 0.10051636808504824, 0.08577597028359465, 0.08565133615245288, 0.08358701021165922,
27, 9.621118184716573e-05, 9.621118184716573e-05, 9.621118184716573e-05, 9.621118184716573e-05, 0.005687582876218415, 0.27182171073112715, 0.06878750897888437, 0.0720158622324083, 0.07212167267718081, 0.06868326425528797, 0.08560558209727706, 0.10055937390953444, 0.08568494236888088, 0.08555425994449442, 0.08309339508373728,
28, 0.00010378923749072688, 0.00010378923749072688, 0.00010378923749072688, 0.00010378923749072688, 0.005871452973870786, 0.2729810629463062, 0.06854956744885812, 0.07183317370622946, 0.07193951206066325, 0.06845906006763877, 0.08555333971078825, 0.10056916329989406, 0.08563291605701721, 0.08549054203034957, 0.0827050526308791,
29, 0.00012814927122612043, 0.00012814927122612043, 0.00012814927122612043, 0.00012814927122612043, 0.0061429074822483025, 0.27418766090882, 0.06830819006055412, 0.07160098921772841, 0.07170787717496344, 0.06823422970247739, 0.08547432529232347, 0.10056176367732296, 0.08555407985701112, 0.08539708860280747, 0.0823182908196037,
30, 0.00012742444480748794, 0.00012742444480748794, 0.00012742444480748794, 0.00012742444480748794, 0.006464607903078051, 0.27540343813431634, 0.06807595100546651, 0.07138348754999543, 0.07149089942136169, 0.06801539547010282, 0.08537600185479303, 0.10052720509652242, 0.08545595706914422, 0.08528750448243295, 0.0820098541130835,
31, 0.00013589729189530025, 0.00013589729189530025, 0.00013589729189530025, 0.00013589729189530025, 0.006630448575592886, 0.2767631348388898, 0.06781491382759396, 0.07118129645264208, 0.07128918456035038, 0.06777044959358826, 0.08527435234422338, 0.10049900855497246, 0.08535449262936896, 0.08517106121879478, 0.08170806811547848,
32, 0.00012628921409510484, 0.00012628921409487513, 0.00012628921409510484, 0.00012628921409487513, 0.006884904122482122, 0.27792991220967395, 0.06759372648206287, 0.07102112389018579, 0.07112944747174826, 0.06756858800988991, 0.08516785385506755, 0.10041395745492498, 0.08524818430481237, 0.0850462657254803, 0.08149087949703011,
33, 7.792346934718549e-05, 7.792346934704374e-05, 7.792346934718549e-05, 7.792346934704374e-05, 0.007079548893938301, 0.27890374122334327, 0.06742953767245792, 0.07091350318239316, 0.0710222736594504, 0.0674187973018696, 0.08508299422985743, 0.10037024074788116, 0.08516356196039378, 0.08494767407834553, 0.0813564330523235,
34, 6.034446128319611e-05, 6.0344461283086344e-05, 6.0344461283305875e-05, 6.034446128319611e-05, 0.007448348785807754, 0.27990776110005977, 0.06716426034500199, 0.0708119743535547, 0.0709211359995295, 0.06717265146977942, 0.08497602045582735, 0.10030553042855979, 0.08505680804971193, 0.08482376869257478, 0.0811703623536682,
35, 5.479339547160459e-05, 5.4793395471504925e-05, 5.479339547160459e-05, 5.479339547160459e-05, 0.007654958332310686, 0.2807785306275581, 0.0669308245319263, 0.07073813602672198, 0.07084766402379263, 0.06695579691415023, 0.08488813840751207, 0.10026739134766667, 0.08496918511864908, 0.08472077774982684, 0.08102942321752839,
36, 4.1643971239198984e-05, 4.1643971239198984e-05, 4.1643971239198984e-05, 4.1643971239198984e-05, 0.007726264500312977, 0.281785959624648, 0.06666137221645961, 0.0706829971089969, 0.07079293459632771, 0.06670192194528438, 0.0848304521231484, 0.10028046492596283, 0.0849118260688485, 0.08464934933962366, 0.08080988154577083,
37, 3.602105295372043e-05, 3.602105295372043e-05, 3.602105295372043e-05, 3.602105295372043e-05, 0.007654733733371596, 0.2828275911457365, 0.06639678515741146, 0.07063912588578529, 0.07074944621002409, 0.0664511168481506, 0.08477612509633639, 0.10030373620901867, 0.08485785404392507, 0.08458249938271344, 0.08061690195513442,
38, 2.0401873294473445e-05, 2.0401873294473445e-05, 2.0401873294473445e-05, 2.0401873294473445e-05, 0.007439568502721049, 0.2839275886361678, 0.06615327749767493, 0.07060949867568118, 0.07072020473382731, 0.06622124087405189, 0.08472725538326538, 0.10029923776546165, 0.08480937713863004, 0.0845202558163774, 0.08049088736245097,
39, 2.3506192802377807e-05, 2.3506192802377807e-05, 2.3506192802377807e-05, 2.3506192802377807e-05, 0.007193582070465951, 0.2850728931202998, 0.06588920623308002, 0.07057613728362122, 0.07068716861290134, 0.06597054137937383, 0.08467149050212022, 0.10028846865123299, 0.0847539646336427, 0.08445140956833663, 0.08035111305291301,
40, 8.53434121286453e-06, 8.534341212849008e-06, 8.53434121286453e-06, 8.53434121286453e-06, 0.006802363513926624, 0.2861489781260856, 0.06566043940129358, 0.07057644157198471, 0.0706878222497552, 0.06575193454541295, 0.08463165385609335, 0.10031036927412261, 0.08471454400641108, 0.08440113110871385, 0.08028018485974209,
41, 2.0545527921850794e-05, 2.0545527921813423e-05, 2.0545527921850794e-05, 2.0545527921850794e-05, 0.006664836991008296, 0.2870901253271781, 0.06540588468092332, 0.07055163157763289, 0.07066327781975812, 0.0655100548814945, 0.08457975675198116, 0.10030754919460265, 0.08466292553997103, 0.0843373899379688, 0.0801443850646174,
42, 1.4053141604242903e-05, 1.4053141604191777e-05, 1.4053141604242903e-05, 1.4053141604242903e-05, 0.006484811169092646, 0.2879239916780555, 0.06517477023334863, 0.07057632420101033, 0.07068823616606022, 0.0653035114887339, 0.08454427400041173, 0.10023067597044737, 0.08462776275118261, 0.08427635826769007, 0.0801130713856491,
43, 1.6228972376682077e-05, 1.6228972376623036e-05, 1.6228972376682077e-05, 1.6228972376682077e-05, 0.0062913538391788535, 0.2886022255333378, 0.06496164476833755, 0.07061765298583067, 0.07072980402617954, 0.0651138384048515, 0.08452255076890754, 0.10016807853794002, 0.08460636265537032, 0.0842299506259285, 0.08009162184266756,
44, 2.3063564849683654e-05, 2.306356484959975e-05, 2.3063564849683654e-05, 2.3063564849683654e-05, 0.006222381666648178, 0.28921924053867154, 0.06474001709403786, 0.07065257137707255, 0.0707649473714312, 0.06491660143046611, 0.08449736121324103, 0.10009729575246148, 0.0845814282235889, 0.08418001194383917, 0.08003588900704255,
45, 2.729701342303192e-05, 2.729701342288296e-05, 2.729701342303192e-05, 2.729701342303192e-05, 0.0060408271866254455, 0.2895965595222996, 0.06456311952113274, 0.07073083654837659, 0.0708434422665273, 0.06476177347963265, 0.0845074021969635, 0.10006603994722685, 0.08459177839615974, 0.08416696655353982, 0.08002206620585929,
46, 3.4953836179229437e-05, 3.495383617910227e-05, 3.4953836179229437e-05, 3.4953836179229437e-05, 0.005929416033683474, 0.28977270380811365, 0.06441187567926557, 0.07084146181034148, 0.07095426580876174, 0.06463846061950407, 0.08452184845243553, 0.09996229053229293, 0.08460651706052863, 0.08415185209883277, 0.08006949262963356,
47, 4.892017760804719e-05, 4.892017760778024e-05, 4.892017760804719e-05, 4.892017760804719e-05, 0.005896272880761131, 0.2898056500611159, 0.06427653095481381, 0.07096452665790585, 0.07107747736649894, 0.0645273120160688, 0.08451760082656945, 0.09985774706846885, 0.0846025236912202, 0.08412213772862445, 0.08015653991559162,
48, 8.265017498841062e-05, 8.265017498810994e-05, 8.265017498841062e-05, 8.265017498841062e-05, 0.005731963421602799, 0.289856343242139, 0.06414032661252905, 0.07109566013113412, 0.07120871960445044, 0.0644136611784572, 0.0845111903284187, 0.09975741782466051, 0.084596389417108, 0.08409142246745425, 0.08026630494905512,
49, 0.00012072166450272068, 0.00012072166450206191, 0.00012072166450272068, 0.00012072166450272068, 0.005666294747606804, 0.28997804666670884, 0.0640006503432413, 0.07118658040284469, 0.07129975845390858, 0.06429425243154477, 0.08448156999809253, 0.09963911610776917, 0.0845670169624993, 0.0840400567722768, 0.0803637703326956,
50, 0.00016874621977033035, 0.00016874621976971645, 0.00016874621977033035, 0.00016874621977033035, 0.005570313866694024, 0.2901193066228401, 0.06389046803596526, 0.07125089557412523, 0.07136417926412336, 0.06420247263169312, 0.08443480927789444, 0.09950150254394445, 0.08452052519980753, 0.08397297530702154, 0.08049756667421612,
51, 0.0002602051018852972, 0.0002602051018848239, 0.0002602051018852972, 0.0002602051018852972, 0.005342328961858986, 0.29011804109555844, 0.06379345696254178, 0.07132942446963374, 0.0714427859221805, 0.06412198634680462, 0.0843906908835364, 0.09937214880344239, 0.08447671486769982, 0.08390986027320041, 0.08066174088329575,
52, 0.0003278670368527338, 0.0003278670368521374, 0.0003278670368527338, 0.0003278670368527338, 0.005204064324379281, 0.28996270704946064, 0.06372752583361663, 0.07144457734598217, 0.07155800458082565, 0.06407588215777968, 0.08435019085149052, 0.09919673390986501, 0.08443651197475191, 0.08384722114116595, 0.08088511256111415,
53, 0.0003947665978266369, 0.0003947665978259188, 0.0003947665978266369, 0.0003947665978266369, 0.005149779511702956, 0.28989250246010156, 0.06367581742475328, 0.07150791936530924, 0.07162143584482081, 0.06403854288257912, 0.08428797629431053, 0.09898705729660803, 0.08437455778039268, 0.08376888677751385, 0.08111645784872958,
54, 0.0004361814961277173, 0.0004361814961269239, 0.00043618149612851073, 0.00043618149612851073, 0.005169907126714658, 0.2898004785915897, 0.063631112170877, 0.07157704004294539, 0.07169072063907589, 0.06400523432065708, 0.08425827982833332, 0.09883225308621245, 0.08434509856255273, 0.08372731580854295, 0.08121783371708215,
55, 0.00042753449660189863, 0.0004275344966003433, 0.00042753449660189863, 0.00042753449660189863, 0.005216629543939951, 0.2896120671501197, 0.06363002681000725, 0.07168564184705903, 0.07179946977374022, 0.06401065981590282, 0.08422956328330419, 0.09870167825044085, 0.08431662953594284, 0.08369184713732795, 0.08139564874537102,
56, 0.0004570784288616817, 0.0004570784288608503, 0.0004570784288616817, 0.0004570784288616817, 0.005305854348358528, 0.2892886891525826, 0.06363115949747336, 0.07179405448627693, 0.0719079816994606, 0.06401511593266711, 0.08417257188396002, 0.09855936172349515, 0.08425985564521431, 0.08363164082271414, 0.08160540097285167,
57, 0.00043979855499350106, 0.0004397985549927011, 0.0004397985549943011, 0.00043979855499350106, 0.005350862273555953, 0.2888814266881082, 0.06366511916743069, 0.07196020935593546, 0.0720742485748352, 0.06406276402532744, 0.08414214930210755, 0.09835970267933646, 0.08422970228164207, 0.08358576320596753, 0.08192885810651758,
58, 0.0004695466317618459, 0.0004695466317609918, 0.0004695466317618459, 0.0004695466317618459, 0.005270485129645518, 0.28847605007725263, 0.06368869187721382, 0.07212293821550446, 0.07223705147678992, 0.06409837017308459, 0.08409850548121656, 0.09815207543452222, 0.08418634852296646, 0.08352785257867092, 0.0822634443867719,
59, 0.00047105764957996587, 0.000471057649579109, 0.00047105764957996587, 0.00047105764957996587, 0.005249212140501269, 0.2880669130787672, 0.06371945571552763, 0.07228962667701717, 0.0724038882866946, 0.06413697286104479, 0.08408516211709195, 0.09800321706088606, 0.08417328323574276, 0.08350545611640747, 0.08248258199233008,
60, 0.0004324287926045808, 0.00043242879260379423, 0.0004324287926045808, 0.0004324287926045808, 0.0052012069307455664, 0.28776552780780473, 0.06371635727301163, 0.07248300991178847, 0.0725974765018565, 0.06414188028683447, 0.08410302298795043, 0.09790219659398675, 0.08419151535234233, 0.08351426120343214, 0.08265382986055209,
61, 0.00039850891909733063, 0.00039850891909660573, 0.00039850891909733063, 0.00039850891909733063, 0.005242602995020745, 0.28749700002202855, 0.06371251116633934, 0.07264420354246981, 0.07275888316978715, 0.06414150375965799, 0.08410444242579, 0.09779907790136579, 0.08419326214545221, 0.08351174319508646, 0.08280073388182933,
62, 0.0003544821623050607, 0.0003544821623044159, 0.0003544821623050607, 0.0003544821623050607, 0.005377641872810271, 0.28710702050026554, 0.0637298878933624, 0.07282190625109115, 0.07293676090583691, 0.0641568798957071, 0.08409161972686827, 0.0977052424326933, 0.08418073118695557, 0.08350112993864652, 0.08297325062858048,
63, 0.00029044557025324915, 0.00029044557025324915, 0.0002904455702537775, 0.0002904455702537775, 0.0054086563502428455, 0.2868544752801673, 0.0637955906280399, 0.07294066277784655, 0.07305578255907164, 0.06421750941264283, 0.08409017498588511, 0.09763111405927287, 0.08417963538968831, 0.08350449888318925, 0.08316011727497175,
64, 0.0001410100811807272, 0.0001410100811807272, 0.00014101008118098368, 0.00014101008118098368, 0.005362909357141292, 0.28679166685464025, 0.0638299319240873, 0.07311922582033392, 0.07323465577476601, 0.06424554944258368, 0.08412393032752848, 0.09761425815765541, 0.0842138034078898, 0.0835444988476922, 0.0833555296433524,
65, 5.920198402368545e-05, 5.920198402368545e-05, 5.920198402379314e-05, 5.920198402379314e-05, 0.005323280485638618, 0.28673003847963247, 0.06380710805194081, 0.07328855517366376, 0.07340423276948699, 0.06422647716700469, 0.08412946084737419, 0.09755108593273037, 0.08421969786810572, 0.08354499530050981, 0.08353825987053162,
66, 3.5144238138239265e-05, 3.5144238138239265e-05, 3.514423813830319e-05, 3.514423813830319e-05, 0.005421224864652231, 0.28650148739173126, 0.06377550431319388, 0.07344705819353312, 0.07356288453407832, 0.06420023809582429, 0.08409772567299333, 0.09743459958164227, 0.08418825643759624, 0.08350716945339601, 0.08372327438994072,
67, 2.0015771929143433e-05, 2.0015771929143433e-05, 2.0015771929179842e-05, 2.0015771929179842e-05, 0.005494143770231693, 0.28628196611450685, 0.06374554372922438, 0.07359842746436843, 0.07371438316221302, 0.06417505835179897, 0.08405873210216071, 0.09731616623231719, 0.08414957388369465, 0.08346233427506299, 0.08392360770815536,
68, 1.2716162133989638e-05, 1.2716162133989638e-05, 1.2716162134012769e-05, 1.2716162134012769e-05, 0.00556762303754861, 0.28613744397267965, 0.06374561627944977, 0.07367630613843201, 0.07379246109795223, 0.06417766629667264, 0.08402273574058204, 0.0972061122187657, 0.08411389122707105, 0.08342277529823439, 0.08408650392481758,
69, 8.083689241760445e-06, 8.083689241731036e-06, 8.083689241760445e-06, 8.083689241760445e-06, 0.005520152147678264, 0.2860203020723052, 0.06375040263508922, 0.07376666018899618, 0.07388297896945263, 0.06418326305745675, 0.08399010874162463, 0.09710673568150431, 0.08408160071064086, 0.08338787474060626, 0.08427758617869774,
70, 1.4920819959274328e-05, 1.4920819959247186e-05, 1.4920819959274328e-05, 1.4920819959274328e-05, 0.0054458595676782195, 0.28595651073769673, 0.06373472620557304, 0.07385682236331524, 0.07397323200330322, 0.06416805071193146, 0.08395312691107347, 0.09700333836539966, 0.08404490560144164, 0.08334900610066737, 0.08445473803193806,
71, 2.0726080666503402e-05, 2.0726080666465703e-05, 2.0726080666503402e-05, 2.0726080666503402e-05, 0.005252612804531814, 0.28578107589973223, 0.06374631372725784, 0.0739751736280418, 0.0740916594074396, 0.06417817873996955, 0.08393453178949128, 0.09692510397805945, 0.08402664367969995, 0.08332994245393502, 0.08467585944966001,
72, 3.7653687312708985e-05, 3.7653687312708985e-05, 3.7653687312708985e-05, 3.7653687312708985e-05, 0.005051609391374676, 0.28542220788195577, 0.06377711102214688, 0.07411445576604256, 0.07423100048470575, 0.06420662294670383, 0.08393154912124089, 0.09686022920303106, 0.08402400531256592, 0.08332726612510749, 0.0849033278766521,
73, 7.117398169356265e-05, 7.117398169356265e-05, 7.117398169356265e-05, 7.117398169356265e-05, 0.004992361512641717, 0.2848965723388165, 0.06382256574664165, 0.07426897693960947, 0.07438547141624965, 0.06425105033634698, 0.08389535819353704, 0.09674546196906204, 0.08398810975688192, 0.0832904721926774, 0.0851789035512022,
74, 7.201235059291131e-05, 7.201235059291131e-05, 7.201235059291131e-05, 7.201235059291131e-05, 0.004922645194047077, 0.28447372423328854, 0.06387529889952415, 0.07441468576595144, 0.07453117184576308, 0.06431049964912539, 0.08385202416910705, 0.09662057162835677, 0.08394510274923189, 0.08323745334826899, 0.08552877299498556,
75, 6.022428873606734e-05, 6.022428873606734e-05, 6.022428873606734e-05, 6.022428873606734e-05, 0.004769182617774129, 0.2842125215869329, 0.06398486298945961, 0.07445989260945933, 0.07457652516379999, 0.06442315899153744, 0.08382762196116716, 0.0965270575015349, 0.083921079700647, 0.08320671664633734, 0.08585048295500028,
76, 4.6770073191453204e-05, 4.677007319136813e-05, 4.6770073191453204e-05, 4.6770073191453204e-05, 0.004483469451628409, 0.28405903315946246, 0.06411317392736009, 0.07448683892289937, 0.0746036344521074, 0.06455233001388543, 0.08380352215387617, 0.0964383221571791, 0.08389740096430767, 0.08317805866862489, 0.08619713571464686,
77, 4.3365586320764864e-05, 4.3365586320764864e-05, 4.3365586320764864e-05, 4.3365586320764864e-05, 0.004213306809990919, 0.2839420414430259, 0.06420210727471852, 0.07452619372877793, 0.07464310948270658, 0.06465208399692152, 0.08377177056195166, 0.09632485966889406, 0.08386603882791424, 0.08313064108394565, 0.08655438465421993,
78, 4.701764022069741e-05, 4.701764022069741e-05, 4.701764022069741e-05, 4.701764022069741e-05, 0.003996202733720834, 0.28380016544121117, 0.06428166831856917, 0.0745539550193572, 0.07467108069862889, 0.06474036177446255, 0.08378029850572852, 0.09627186262252, 0.08387497532777255, 0.08312660052741269, 0.08671475834817875,
79, 4.8306039738963044e-05, 4.8306039738875176e-05, 4.8306039738963044e-05, 4.8306039738963044e-05, 0.003867848261639494, 0.28373440043281906, 0.06436069689915555, 0.07454469108511964, 0.07466203861345078, 0.06482586457911901, 0.08376950755669829, 0.09620520479485375, 0.08386456532304623, 0.08310579644812675, 0.08686616172522776,
80, 4.774015118387376e-05, 4.7740151183786925e-05, 4.774015118387376e-05, 4.774015118387376e-05, 0.003818609057054776, 0.2837459406611832, 0.06443994922295586, 0.0744990440892891, 0.07461662650234865, 0.0649093516899913, 0.08374008005748171, 0.09612558839480827, 0.08383549178274843, 0.08306890096279289, 0.08700945685309577,
81, 8.57469961874384e-05, 8.57469961874384e-05, 8.57469961874384e-05, 8.57469961874384e-05, 0.003873912384977712, 0.2837564099494447, 0.0644970856203748, 0.07441523175440468, 0.07453300910235496, 0.06497250408957303, 0.08368483506578296, 0.09601728754154437, 0.08378053881255458, 0.08300488359829564, 0.08712131397365046,
82, 0.00011925799539819761, 0.00011925799539819761, 0.00011925799539819761, 0.00011925799539819761, 0.003940361790895545, 0.2838650721316189, 0.0645633190940036, 0.07428209651697062, 0.0744001802767524, 0.06504285477036098, 0.08364630943851298, 0.09594387516564823, 0.08374235973686285, 0.08295973697018487, 0.08713680200350177,
83, 0.00012916015700043543, 0.00012916015700020048, 0.00012916015700043543, 0.00012916015700020048, 0.003921812146315022, 0.284106050520012, 0.06460519931984039, 0.07417607533234272, 0.07429444378954447, 0.06508536717433513, 0.08360423436950061, 0.09588189906884247, 0.08370064574481993, 0.08291483730371205, 0.0871927944798179,
84, 0.00012969634779996634, 0.00012969634779973042, 0.00012969634779996634, 0.00012969634779973042, 0.003798038524348032, 0.2844237324223398, 0.06465785518124602, 0.07407147102610835, 0.07419011976920908, 0.06513668618379903, 0.08355158180466948, 0.09583026446880952, 0.08364838285391636, 0.08286070570598217, 0.0873123765449859,
85, 0.00010101529632907427, 0.00010101529632907427, 0.00010101529632907427, 0.00010101529632907427, 0.0036191141512430186, 0.28482519663671946, 0.064684882650909, 0.07398993605906426, 0.07410898924897201, 0.06516055179279774, 0.0835640353089945, 0.09587203384073362, 0.08366132319107226, 0.08287408489847826, 0.08723579091230967,
86, 4.770905647401112e-05, 4.770905647383756e-05, 4.770905647401112e-05, 4.770905647401112e-05, 0.0033346679534004262, 0.28513439547327263, 0.06474831495553064, 0.07394752543560913, 0.07406700775391092, 0.06522155049637633, 0.08360149923334935, 0.09591869072268407, 0.08369933977885166, 0.08291063454478492, 0.0872255373028505,
87, 4.3491956624493664e-05, 4.349195662425633e-05, 4.3491956624493664e-05, 4.3491956624493664e-05, 0.0032127999988875978, 0.28548237188934494, 0.06478062626773104, 0.0738457718154139, 0.07396562282624543, 0.0652537361214674, 0.08359469161735325, 0.09591983917148297, 0.08369299786879343, 0.08290122749717169, 0.08717634697632093,
88, 6.0645919439529076e-05, 6.064591943919814e-05, 6.0645919439529076e-05, 6.0645919439529076e-05, 0.0029740334932627155, 0.28593647547644946, 0.06479133936687081, 0.07374504925207014, 0.07386520360283667, 0.06526287794022222, 0.08357855471636642, 0.09591639008677409, 0.08367730830340216, 0.08288367622794383, 0.08712650773281488,
89, 7.76476442464758e-05, 7.764764424619332e-05, 7.764764424661704e-05, 7.76476442464758e-05, 0.002837756521853741, 0.28638448732827665, 0.06476954016785907, 0.07366271750419903, 0.07378311202845388, 0.06524211906560969, 0.08353815460028356, 0.09588440928315485, 0.0836373578034882, 0.08283974993727079, 0.08711000505986917,
90, 0.00016549569628560078, 0.00016549569628439664, 0.00016549569628560078, 0.00016549569628560078, 0.002812327820873747, 0.2868731164181623, 0.06471333930425553, 0.07351599035390113, 0.07363657250009013, 0.06518910336457352, 0.08344916744530068, 0.09580290369825747, 0.08354874959479691, 0.08274560300185199, 0.0870511435901064,
91, 0.00022955474463568306, 0.00022955474463484795, 0.00022955474463568306, 0.00022955474463568306, 0.0028389765628310817, 0.2873418293302429, 0.06466595197778047, 0.07337783300590138, 0.0734986799644927, 0.06514198015871062, 0.08339438923517689, 0.09577617307886367, 0.08349433157290867, 0.08268976232162752, 0.08686187369038162,
92, 0.00023473842211112325, 0.00023473842211026928, 0.00023473842211112325, 0.00023473842211112325, 0.002858677649199848, 0.28782432774925965, 0.0646390090746918, 0.07327642231604661, 0.07339754430171923, 0.0651111902424093, 0.08334364991475438, 0.09577305101545092, 0.08344399594123952, 0.0826421636215415, 0.08675101436265034,
93, 0.00027650361813932753, 0.0002765036181383216, 0.0002765036181398305, 0.00027650361813932753, 0.002877949536858508, 0.288350992159116, 0.06456502639378532, 0.07317514628202526, 0.07329648596577899, 0.06503057622992937, 0.08326587308120599, 0.09575284186279305, 0.08336658691337508, 0.08257099016506415, 0.08664151681366583,
94, 0.00036959966032015676, 0.00036959966031881213, 0.00036959966032015676, 0.00036959966032015676, 0.002811926939150677, 0.2885895345714665, 0.06451461407066501, 0.0730966237729441, 0.07321815856324099, 0.06497130063723701, 0.08319942408551145, 0.09574817784687144, 0.08330054761296, 0.08251291161377304, 0.08655838152136809,
95, 0.0003845951558606968, 0.0003845951558606968, 0.0003845951558606968, 0.0003845951558606968, 0.0027059259778851614, 0.28881667988985854, 0.06451724610712148, 0.07306183320388643, 0.073183612868854, 0.06496661106924016, 0.08316223341822473, 0.0957251587185189, 0.08326383721500538, 0.08248186071464993, 0.08657662007021458,
96, 0.0003543338666507938, 0.00035433386665014924, 0.0003543338666507938, 0.00035433386665014924, 0.0025269973998259857, 0.28916533522877436, 0.06455493818139142, 0.07299956201576759, 0.07312171046972796, 0.06499431908095428, 0.08315927486050328, 0.0957518665433724, 0.08326145913957606, 0.08248738884475629, 0.08655981264513707,
97, 0.0003210948633624731, 0.0003210948633624731, 0.00032109486336305717, 0.0003210948633624731, 0.002243809953983335, 0.28965360251808986, 0.06455414665807133, 0.0729591020125876, 0.07308157786034224, 0.0649924196991108, 0.08315400491580288, 0.09578151170319575, 0.083256756283582, 0.08247995998644007, 0.08655872883108333,
98, 0.00029250175565679936, 0.00029250175565679936, 0.0002925017556573314, 0.00029250175565679936, 0.0020631319454822846, 0.2901801890337284, 0.06455052032128486, 0.07288401493102067, 0.07300683019645984, 0.06498953246826411, 0.08312618958086922, 0.0957952424042478, 0.08322945687300375, 0.08244870258858612, 0.08655618250897061,
99, 0.000249447289726769, 0.0002494472897263153, 0.000249447289726769, 0.000249447289726769, 0.001944897929000474, 0.2908239190821875, 0.06455526838931816, 0.07276398398946922, 0.07288717646869818, 0.06499787360414613, 0.08307693825068423, 0.09580053666554082, 0.08318069272816828, 0.08239326633913602, 0.08657765726943034,
100, 0.00025226604093777315, 0.00025226604093731426, 0.00025226604093777315, 0.00025226604093777315, 0.0019098895216757032, 0.29128580941964877, 0.06457011487620964, 0.07265441377473131, 0.07277787003402035, 0.06501761042354991, 0.08299004098222562, 0.0957512313613979, 0.0830942246075345, 0.08229935494330494, 0.08664037576565238,
101, 0.00021855129410043993, 0.0002185512941000424, 0.00021855129410043993, 0.00021855129410043993, 0.0018360903211676854, 0.29184029271517153, 0.0645721651336907, 0.07257214242038029, 0.07269584660833524, 0.06501984744143505, 0.08289249324445126, 0.09571661031669572, 0.08299713745098844, 0.08219979868350254, 0.08678337036140817,
102, 0.0001641732333985129, 0.0001641732333985129, 0.0001641732333985129, 0.0001641732333985129, 0.0017575958058393222, 0.2922468573188363, 0.06460713164707454, 0.07252376890917196, 0.07264774078987338, 0.0650539590402348, 0.08281720918017786, 0.09569239657990113, 0.08292233392022216, 0.08212313216228238, 0.08695118158658677,
103, 8.435454933539118e-05, 8.435454933523774e-05, 8.435454933539118e-05, 8.435454933523774e-05, 0.0017097099923712297, 0.2926526158875473, 0.06465122392369045, 0.07248153579800905, 0.07260585126408153, 0.06509306104452708, 0.08277334818915714, 0.09572638297627907, 0.08287894853098986, 0.08208290500806165, 0.08700699906116889,
104, 4.867154787960154e-05, 4.867154787960154e-05, 4.867154787960154e-05, 4.867154787960154e-05, 0.001655965731757983, 0.29310583936484114, 0.06471368026297818, 0.07235517043587329, 0.07247988319756242, 0.06514828807678766, 0.08271970988237552, 0.09575383727106493, 0.0828257781093673, 0.08203514835237465, 0.08701201299696608,
105, 2.5946154589555206e-05, 2.594615458950801e-05, 2.5946154589555206e-05, 2.5946154589555206e-05, 0.001635697619961237, 0.2936039912253346, 0.0647791732093206, 0.07218890257083507, 0.07231402739814258, 0.06520914171398964, 0.08264726546190951, 0.09577126671198317, 0.08275376422158125, 0.08196590234851298, 0.08702708277395756,
106, 3.665508222331192e-05, 3.665508222324524e-05, 3.665508222331192e-05, 3.665508222331192e-05, 0.001594682576693625, 0.29414320219000706, 0.06481496511270916, 0.07201446258422409, 0.07213991548248316, 0.06523990928498441, 0.08256154918242106, 0.09577475212958064, 0.08266841947155978, 0.08188383617698913, 0.08701768535276685,
107, 2.04707830837793e-05, 2.0470783083704827e-05, 2.04707830837793e-05, 2.04707830837793e-05, 0.0015512515999973311, 0.2948019792645244, 0.06487998995054194, 0.07179619309445663, 0.07192208734892096, 0.06529602451258411, 0.08248359470290234, 0.09579311157762448, 0.08259087741373229, 0.08181345480908275, 0.08698955246623832,
108, 5.315332220860154e-05, 5.3153322208504856e-05, 5.315332220860154e-05, 5.315332220860154e-05, 0.0016006880889534595, 0.2953557298938204, 0.06492264895038236, 0.07155774580529406, 0.07168400601654633, 0.06533224398012344, 0.0823988444707612, 0.09579383906992889, 0.08250641483618056, 0.08173479736872039, 0.08690042810309515,
109, 0.0001078934981921911, 0.0001078934981917986, 0.0001078934981921911, 0.0001078934981921911, 0.0015854334932554435, 0.29566226892801184, 0.06499434684349689, 0.071347307091412, 0.07147391514599938, 0.06539534307013413, 0.08233158774040039, 0.09581722013024058, 0.08243949041701826, 0.08167526856771497, 0.08684624445142941,
110, 0.00012306317832438013, 0.00012306317832393244, 0.00012306317832438013, 0.0001230631783241563, 0.0015362992601965103, 0.2961261498847524, 0.06512262200643447, 0.07106060824276361, 0.07118773374897436, 0.06551105392362631, 0.08228703698328986, 0.09586669981538415, 0.08239533255873657, 0.0816421788416716, 0.08677203189207218,
111, 0.0001716302527483787, 0.00017163025274806652, 0.0001716302527483787, 0.0001716302527483787, 0.0014810814778689122, 0.2966530679520389, 0.06527355488746665, 0.0706906358803247, 0.0708183536603779, 0.06564697751417894, 0.08223609596039061, 0.09591540226259027, 0.08234478872469748, 0.08160506336544548, 0.08664845717504235,
112, 0.00016932018506932552, 0.00016932018506901752, 0.00016932018506932552, 0.00016932018506932552, 0.0013768600213869, 0.2973318670699351, 0.06538900961894584, 0.07036109425432929, 0.07048943058590575, 0.06574608598529713, 0.08220228794176486, 0.09599960217637461, 0.08231143398248059, 0.08158653179987818, 0.0865285156941835,
