Optimize time:20.02092630750603
Begin Prob:-13592.568087355143
End Prob:-13489.499795157984
Substitution parameters:[0.2119869253133601, 0.2809579986863689, 0.2664721699759983, 0.24058290602427276, 0.2599401754900228]
Trees:
(5:500.0004999999999,(4:500.0004999999999,(1:255.04227043945397,(2:254.35781728625335,3:500.0004999999999):309.0177232747593):500.0004999999999):500.0005407495391);
(5:500.0004999999999,(4:309.1309989119084,(3:499.52679297752456,(1:255.04904358760314,2:500.0004999999999):334.8484537920219):500.0004999999999):309.0177232747593);
(5:500.0004999999999,(4:309.0177232747593,(2:500.0004999999999,(1:309.1309989119084,3:309.0177232747593):506.57830217040356):309.0177232747593):486.04175063096284);
(5:309.0177232747593,((2:309.0177232747593,4:500.0004999999999):309.13082301636547,(1:500.0004999999999,3:240.134102987656):500.0004999999999):309.0177232747593);
(5:673.7623309357472,(2:323.43346083176715,(3:500.0004999999999,(1:500.0004999999999,4:309.0177232747593):376.03051895355037):680.340207159061):658.7454733175446);
(5:500.0006580033773,((2:404.7324876661393,3:255.32230374149293):309.0177232747593,(1:500.0004999999999,4:506.5768950034135):309.0177232747593):309.0177232747593);
(5:240.13413988275423,(3:240.134102987656,(4:254.35790132454113,(1:499.4130217090407,2:500.0004999999999):500.0004999999999):500.0004999999999):309.0177232747593);
(5:500.0004999999999,((3:255.31989252498454,4:500.0004999999999):669.8216018832643,(1:500.0004999999999,2:240.13413988275423):506.57830217040356):309.0177232747593);
(5:500.0004999999999,(1:335.32501685231193,(4:500.0004999999999,(2:500.0004999999999,3:309.0177232747593):500.0004999999999):309.0177232747593):309.0177232747593);
(5:488.54477851862436,(2:255.31989252498454,(4:309.0177232747593,(1:500.0004999999999,3:500.0004999999999):254.5458624052533):255.32226662111782):309.0177232747593);
(5:500.0005407495391,(1:240.13413988275423,(2:236.06880487389634,(3:381.97919113555605,4:381.97919113555605):500.0005407495391):425.1651893081459):978.3487068964246);
(5:618.0379763081852,(1:236.06880487389634,(3:628.0964067414111,(2:236.06880487389634,4:618.0379763081852):236.06880487389634):381.97919113555605):236.06880487389634);
(5:618.0379763081852,(2:975.3531166645788,(1:618.0369993516713,(3:381.97919113555605,4:381.96669272617794):381.96669272617794):381.96669272617794):381.96669272617794);
(5:618.0379763081852,(3:978.578488164577,(1:381.9695462695225,(2:978.578488164577,4:980.4165373473483):236.06880487389634):975.3531166645788):236.06880487389634);
(5:1.4005,(3:309.0177232747593,(2:426.75814900628814,(1:309.0177232747593,4:1.24955):0.174155):0.0608774):1.4005);

Position, Posteriors1, Posteriors2, Posteriors3, Posteriors4, Posteriors5, Posteriors6, Posteriors7, Posteriors8, Posteriors9, Posteriors10, Posteriors11, Posteriors12, Posteriors13, Posteriors14, Posteriors15,
0, 0.0012848587583997476, 0.0012848587583997476, 0.0012848587583997476, 0.0012848587583997476, 0.0009642581304741483, 0.263953834796036, 0.033825920629200736, 0.034288181088954574, 0.2963510603255281, 0.03156342805913336, 0.03653035939928019, 0.03129860607279891, 0.03475182908790828, 0.029174563745615188, 0.20215852408996393,
1, 0.0009944013599018197, 0.0009944013599018197, 0.0009944013599018197, 0.0009944013599018197, 0.0007054110345826165, 0.2646947809252839, 0.03371955842031075, 0.03418964653137998, 0.2972635213422809, 0.031456018831110356, 0.036457805352904986, 0.031220627726999194, 0.03465382646745227, 0.02905404546254175, 0.20260715292281606,
2, 0.0007272616411693758, 0.0007272616411693758, 0.0007272616411693758, 0.0007272616411693758, 0.0004941602259710305, 0.26541806311707444, 0.03359580781478676, 0.03407757771466791, 0.29816080099844183, 0.03133885451661495, 0.036372398010765764, 0.031136600939489025, 0.03454283178447483, 0.02892037043817384, 0.203033488332995,
3, 0.0004733811645161644, 0.0004733811645161644, 0.0004733811645161644, 0.0004733811645161644, 0.00031594684288877885, 0.2661291971251683, 0.03345976039940757, 0.03395719517386941, 0.2990540449946549, 0.03121536654366242, 0.03627749068696369, 0.031047762729130127, 0.03442643572027467, 0.02877245207867784, 0.2034508235060741,
4, 0.00020794588360506514, 0.00020794588360506514, 0.00020794588360506514, 0.0002079458836054434, 0.00015212816282958236, 0.2668350336349375, 0.033334445322622974, 0.03384523939528652, 0.29992932907068265, 0.031100373016449936, 0.03618964312817676, 0.030960791612648555, 0.034317915417610506, 0.0286357227525024, 0.20386759540975033,
5, 0.00015678271275920033, 0.00015678271275891515, 0.00015678271275891515, 0.00015678271275920033, 0.00011346053409167672, 0.2672712971759368, 0.03317120925796916, 0.03369728178363125, 0.30051980699207914, 0.030952804146692003, 0.0360642631417518, 0.0308511105013001, 0.034174281162906425, 0.02846579037073361, 0.20409156453875657,
6, 0.0001311912119411189, 0.0001311912119411189, 0.0001311912119411189, 0.00013119121194135754, 9.746846505725958e-05, 0.26768080882111484, 0.03300072611942779, 0.03354246881942008, 0.30107840984604256, 0.030799489020705055, 0.03593119860363911, 0.03073648528281393, 0.03402370074692862, 0.028290060678680576, 0.20429441920474223,
7, 7.789697560392606e-05, 7.789697560378436e-05, 7.789697560392606e-05, 7.789697560392606e-05, 6.09224715847598e-05, 0.26813537395132214, 0.032836223310446444, 0.033389964208673295, 0.30166649844617616, 0.030650103706154622, 0.035792162399203395, 0.03061477151499432, 0.033875189544273036, 0.028120804066609675, 0.20454639893641066,
8, 4.027543994476599e-05, 4.027543994469273e-05, 4.027543994469273e-05, 4.027543994476599e-05, 3.473214815389913e-05, 0.26852183236835775, 0.03269402369515902, 0.033257544405044935, 0.3021633508711708, 0.030521627993332114, 0.035671255868833025, 0.030506634031195738, 0.033745848785426975, 0.027975802500365774, 0.20474624603136768,
9, 2.1964421752853014e-05, 2.196442175281306e-05, 2.1964421752853014e-05, 2.1964421752892967e-05, 2.2025518696165473e-05, 0.26888841234547517, 0.032552827204079135, 0.03312458396830799, 0.30262206941533226, 0.03039062742455473, 0.03554794992550621, 0.030388515976292586, 0.033615246101588864, 0.027830610434035768, 0.20492927445629844,
10, 7.915819491650305e-06, 7.915819491635907e-06, 7.915819491635907e-06, 7.915819491664704e-06, 9.401824458465913e-06, 0.26927830373432193, 0.03240330165800024, 0.032981769635389804, 0.3030916109916296, 0.030251887906138118, 0.03541301463074973, 0.0302567563918831, 0.03347392032638234, 0.02768061500424307, 0.20512775507644845,
11, 4.78623327572708e-06, 4.786233275718374e-06, 4.786233275718374e-06, 4.786233275735787e-06, 6.036178419640771e-06, 0.269640869472858, 0.03224981949187024, 0.032837618366973534, 0.3035517459343844, 0.030112957297848998, 0.035278550550888896, 0.03013479092529137, 0.03333247843179213, 0.02752729482603819, 0.20530869404934934,
12, 5.3094939557623965e-06, 5.309493955752739e-06, 5.309493955752739e-06, 5.309493955772054e-06, 6.21481275507059e-06, 0.27000210288462145, 0.03209970672694461, 0.032694915530732685, 0.3039965189905587, 0.029973823906694973, 0.035144046527500465, 0.030005710901206524, 0.0331918920613141, 0.02737630343142832, 0.20548752670895595,
13, 3.5417827283427957e-06, 3.5417827283427957e-06, 3.5417827283427957e-06, 3.5417827283556807e-06, 4.553436698565468e-06, 0.2703210997480226, 0.031965063349474285, 0.032568781510817546, 0.30440901973096923, 0.02985216207740713, 0.035032301695939905, 0.029905684782380294, 0.03306699333529042, 0.027242939085749276, 0.2056172345736477,
14, 3.757238828101243e-06, 3.7572388280944086e-06, 3.7572388280944086e-06, 3.7572388281080776e-06, 5.131074582901756e-06, 0.2706355625488687, 0.03182881529979047, 0.032441467348029655, 0.3048218780469538, 0.02972977195241607, 0.03491978607306268, 0.02980766704921599, 0.032941237533386784, 0.02710839134602542, 0.20574526322989337,
15, 8.70174346171521e-06, 8.701743461699382e-06, 8.70174346171521e-06, 8.701743461731039e-06, 1.0544232224203437e-05, 0.2709480168660383, 0.03169525148857997, 0.03231499090013881, 0.3052194063684523, 0.029606528354751846, 0.03480675393079312, 0.02970221637404078, 0.032815815744100606, 0.026975366844569148, 0.2058703023791359,
16, 1.3989299347989697e-05, 1.3989299347989697e-05, 1.3989299347989697e-05, 1.3989299348015144e-05, 1.4763998593854283e-05, 0.2713099034406255, 0.03155430069080822, 0.03217902723422386, 0.30562395622546285, 0.029472837211545307, 0.034669735166499585, 0.02955958636697978, 0.03268111742103679, 0.02683292483233589, 0.20604589067213158,
17, 1.6163887474075607e-05, 1.6163887474046204e-05, 1.6163887474046204e-05, 1.616388747410501e-05, 1.5719989115947977e-05, 0.27161850936905924, 0.0314306466309644, 0.03206014137229346, 0.3059758408791406, 0.029365437866881044, 0.03454700320368228, 0.029439751447287346, 0.03256811336044082, 0.02671241091622289, 0.20620176987357694,
18, 2.2312379114962438e-05, 2.2312379114962438e-05, 2.2312379114962438e-05, 2.2312379115003025e-05, 1.9887056609714327e-05, 0.27190965910892456, 0.0313071688943203, 0.03194053558290917, 0.3063244715927923, 0.029257522913255896, 0.03442417010318043, 0.029327305378217847, 0.03245506491257721, 0.02659139832450682, 0.20635356707345412,
19, 2.3940457549149594e-05, 2.3940457549149594e-05, 2.3940457549149594e-05, 2.3940457549193142e-05, 1.9815194030696393e-05, 0.27218030648313474, 0.03119774189124028, 0.031833152154031416, 0.30664588797458486, 0.02916133467099253, 0.03431499033133199, 0.029229527156108052, 0.03235102129178109, 0.026487550070048733, 0.20648291141055156,
20, 2.4097825793239023e-05, 2.4097825793195188e-05, 2.4097825793195188e-05, 2.4097825793282855e-05, 1.915202865400288e-05, 0.27246376307500875, 0.0310805150542841, 0.03172108534394726, 0.30698539799657687, 0.029062892749011995, 0.03420223090692274, 0.0291325016245479, 0.032242836098932, 0.026378350785980033, 0.2066148834915723,
21, 1.9782119542645817e-05, 1.9782119542609835e-05, 1.9782119542609835e-05, 1.9782119542681802e-05, 1.4171367313945155e-05, 0.2727305679629135, 0.030975677861767477, 0.031619331981899076, 0.307305711247858, 0.028972778906120777, 0.03410232815648306, 0.02905011234808976, 0.03214065436752326, 0.026284263925801875, 0.20672527385514444,
22, 2.0598956449069577e-05, 2.0598956449069577e-05, 2.0598956449069577e-05, 2.0598956449069577e-05, 1.4367561023405966e-05, 0.27298885995491234, 0.030863966363938587, 0.031513709943432715, 0.30763255091507485, 0.028881107963456585, 0.03399962264115676, 0.02897469273460285, 0.032035472466916216, 0.026185174386628478, 0.20682807970008166,
23, 2.094416293534423e-05, 2.094416293534423e-05, 2.094416293534423e-05, 2.0944162935420427e-05, 1.470663227140766e-05, 0.27323066031816623, 0.030759612036609176, 0.031415744447674115, 0.30793453966366335, 0.028798860606453265, 0.033900798631853205, 0.02890435924187544, 0.03193860976620371, 0.02609407509463283, 0.20692425736577133,
24, 1.7582894723460392e-05, 1.7582894723460392e-05, 1.7582894723460392e-05, 1.7582894723492376e-05, 1.255817311445959e-05, 0.27343003552265355, 0.03067743681668786, 0.031337638491957774, 0.3081781948072779, 0.02873808302143725, 0.03381668332111195, 0.028843575023777983, 0.03186255865971028, 0.02602508049532271, 0.20700782454521222,
25, 1.3130404553423152e-05, 1.3130404553399267e-05, 1.3130404553423152e-05, 1.3130404553447035e-05, 1.0031740450397181e-05, 0.2736415704983024, 0.03059107900438024, 0.03125560763786653, 0.3084395232130418, 0.028670635437927368, 0.033729789282513384, 0.02878038354496217, 0.031781501222938574, 0.02594995302741715, 0.20709740422856546,
26, 1.3262751143663187e-05, 1.3262751143663187e-05, 1.3262751143663187e-05, 1.3262751143663187e-05, 1.1044371525520648e-05, 0.27385544715721744, 0.030505409164483615, 0.03117264919285332, 0.30868995946189154, 0.028601401064758173, 0.03364052495235139, 0.0287090199816466, 0.03169890161819679, 0.025875168324184208, 0.2071874241633429,
27, 1.1018591463485216e-05, 1.1018591463465172e-05, 1.1018591463465172e-05, 1.1018591463485216e-05, 1.0406283199146136e-05, 0.27403630581650756, 0.03042600896436975, 0.03109997946531978, 0.308938741752217, 0.02854347132110451, 0.03357433496441277, 0.028671819717329874, 0.03162587749692036, 0.02580925843174202, 0.20721972187832272,
28, 1.0833068220485206e-05, 1.08330682204655e-05, 1.0833068220485206e-05, 1.0833068220485206e-05, 1.0611472148097346e-05, 0.27422808253877246, 0.03034157089974967, 0.031022444431848376, 0.30919297631396797, 0.028480989122150708, 0.03349868129183354, 0.02862537773079914, 0.031548834327673685, 0.025737533534600017, 0.207269566520883,
29, 1.1286034211759737e-05, 1.1286034211739209e-05, 1.1286034211739209e-05, 1.1286034211759737e-05, 1.2163659002769718e-05, 0.27441356337975875, 0.03026083995918574, 0.030945624353594787, 0.3094399851788236, 0.02841825422981222, 0.033423026895057245, 0.02857925479905518, 0.031472402301310966, 0.025668077067637605, 0.207321664498076,
30, 1.1080737612226593e-05, 1.1080737612206437e-05, 1.1080737612226593e-05, 1.1080737612226593e-05, 1.197874346673244e-05, 0.27462589305919943, 0.0301635807086621, 0.03085291405842652, 0.30974234043467763, 0.028339276649363605, 0.03333810737666158, 0.028530709659755866, 0.031379953214067766, 0.025582431105441405, 0.2073884924979503,
31, 8.005083158448047e-06, 8.005083158433487e-06, 8.005083158433487e-06, 8.005083158448047e-06, 9.646015689841284e-06, 0.27487329970731866, 0.030058651735338067, 0.030749739867571534, 0.31009660335758804, 0.02823435997162943, 0.03324765980116955, 0.028465744853740597, 0.03127375588122676, 0.02547683243001452, 0.2074816865041693,
32, 5.806148735125583e-06, 5.806148735115022e-06, 5.806148735115022e-06, 5.806148735125583e-06, 7.3208456461956486e-06, 0.27512841325669596, 0.02994656731961019, 0.030638751576184703, 0.3104674109664492, 0.02812453398337934, 0.03314854873109235, 0.02840118216090629, 0.031159753796318617, 0.025367146631271997, 0.20758714659667915,
33, 6.422532123434226e-06, 6.422532123434226e-06, 6.422532123434226e-06, 6.422532123445908e-06, 8.243593405967344e-06, 0.2753875808527506, 0.029835687322010283, 0.030527295581129654, 0.31082841874101413, 0.02801339304533593, 0.03304748144635084, 0.02832876755287193, 0.031044675183091827, 0.025258358891603577, 0.20769440812064516,
34, 2.8186935092943044e-06, 2.8186935092891773e-06, 2.8186935092891773e-06, 2.8186935092943044e-06, 4.408279910158698e-06, 0.27566693116142255, 0.029712577648656563, 0.030408513149508116, 0.31122603642048474, 0.027898753658845053, 0.032944356312885434, 0.028258780234426042, 0.03092388822301813, 0.025140754996496182, 0.20780372559764526,
35, 2.838771032323134e-06, 2.838771032323134e-06, 2.838771032323134e-06, 2.8387710323282975e-06, 4.454073614431381e-06, 0.2759436999812318, 0.029592972129064976, 0.030291491144713127, 0.31160740620605887, 0.027784239997317352, 0.032841634080096695, 0.028182550437568638, 0.03080440444876194, 0.02502548876082073, 0.20791030411385827,
36, 2.0285782386374626e-06, 2.0285782386374626e-06, 2.0285782386374626e-06, 2.0285782386448424e-06, 3.067821653189212e-06, 0.2762461602061705, 0.0294478226721557, 0.03015216059148896, 0.3120777813314532, 0.027647704582066644, 0.032731737204279035, 0.028112725135023588, 0.030662939999118188, 0.02488604837185708, 0.20802373822861817,
37, 3.178142718891026e-06, 3.178142718891026e-06, 3.178142718891026e-06, 3.178142718902588e-06, 3.8123083802245487e-06, 0.2765413834728755, 0.029303096300395244, 0.030013657438533896, 0.3125437289543988, 0.02751166897550808, 0.03262275979901259, 0.02804542752245463, 0.030522580426146036, 0.02474670972025232, 0.20813246296784357,
38, 4.300295994930518e-06, 4.300295994930518e-06, 4.300295994930518e-06, 4.300295994946163e-06, 4.470358118487428e-06, 0.2768573998361951, 0.029148288453678364, 0.029864880038139547, 0.31305586525263923, 0.027356236646676788, 0.03250820364504882, 0.02797033342562943, 0.030371015717555933, 0.02458882804448143, 0.20825727785458725,
39, 4.8804332821281384e-06, 4.880433282110384e-06, 4.880433282110384e-06, 4.880433282145893e-06, 5.070250894368783e-06, 0.27716788556603134, 0.02899818034018676, 0.029717552889106033, 0.3135604395732254, 0.027201216154289668, 0.03239410904003247, 0.027895632146078528, 0.030220753167946302, 0.02443419292376091, 0.20838544667193068,
40, 6.007174418482712e-06, 6.007174418471785e-06, 6.007174418471785e-06, 6.007174418493639e-06, 5.5319381825043126e-06, 0.27750361173695987, 0.02884234661393995, 0.02956274511461498, 0.31408134831488316, 0.027036671877131022, 0.03227085910712052, 0.0278061951568549, 0.03006237031759413, 0.02427225086366137, 0.20853204071765796,
41, 9.933925073565924e-06, 9.933925073529785e-06, 9.933925073547854e-06, 9.933925073583993e-06, 9.082790327603936e-06, 0.2778463643284476, 0.02868613401706456, 0.02940566597549377, 0.31459642701793816, 0.026869561624640416, 0.032144064204174434, 0.02770793195856803, 0.02990111818925486, 0.024110338676108106, 0.20868357597321732,
42, 1.0034443039071784e-05, 1.003444303903528e-05, 1.003444303903528e-05, 1.0034443039090038e-05, 9.60469038097923e-06, 0.2781166628975555, 0.02856269259632755, 0.029278595203923737, 0.31501629830029454, 0.026738493847179065, 0.03203948226355299, 0.027629997572251663, 0.029772680624381567, 0.023983374197788416, 0.20881198048891927,
43, 1.3238543622626011e-05, 1.3238543622577849e-05, 1.3238543622577849e-05, 1.3238543622650092e-05, 1.2991837094543029e-05, 0.27838004014685425, 0.02843699731538091, 0.029152115844229786, 0.31543477760257815, 0.02660785909567835, 0.03193650285497026, 0.027555726181322793, 0.02964543495951825, 0.023853964454806826, 0.20893063598728498,
44, 2.0618928917424265e-05, 2.061892891731175e-05, 2.061892891731175e-05, 2.0618928917424265e-05, 1.8592175780741628e-05, 0.2786376204972361, 0.02831406530205932, 0.029026716885262892, 0.31583507009570666, 0.026480163652445165, 0.031833830091650146, 0.027480435034389794, 0.02951826329522117, 0.023730649444755905, 0.20904211826408045,
45, 2.356252655242685e-05, 2.356252655234113e-05, 2.356252655234113e-05, 2.356252655246971e-05, 1.9829537410653724e-05, 0.2789332016520909, 0.028171754599023744, 0.02888510157605462, 0.31631187278623285, 0.026331583561908407, 0.03172408851617755, 0.027400555553299576, 0.02937514643481905, 0.02358326469177413, 0.2091693514398147,
46, 2.4307060447040988e-05, 2.4307060446908346e-05, 2.4307060446908346e-05, 2.4307060447040988e-05, 1.993924372099025e-05, 0.27912839399928013, 0.028073373122344137, 0.028784874851323278, 0.316657130987131, 0.02622963463891345, 0.03164575321614519, 0.02734723871064248, 0.029275848920951638, 0.023481424140246943, 0.2092591603822692,
47, 2.1536557283232004e-05, 2.1536557283192827e-05, 2.1536557283192827e-05, 2.1536557283232004e-05, 1.7691236750911445e-05, 0.2792827352647357, 0.027998827428853547, 0.028706520821650348, 0.31693093137734757, 0.026151942857629867, 0.0315799318185052, 0.027299894715115132, 0.029199584792928928, 0.02340352777977954, 0.20934226613160883,
48, 2.2236370730315077e-05, 2.2236370730234182e-05, 2.223637073027463e-05, 2.2236370730315077e-05, 1.9304644242032e-05, 0.2794367944902544, 0.02792136997161305, 0.028625679172416048, 0.31720432979012064, 0.026072463159336316, 0.031511286839069154, 0.02725174107646788, 0.029120824186318863, 0.023323504439746037, 0.20942375720051598,
49, 1.9348402954291362e-05, 1.934840295425617e-05, 1.934840295425617e-05, 1.9348402954326558e-05, 1.730046577225449e-05, 0.27961394352318497, 0.027834560405435863, 0.028537315321771138, 0.3175040837571103, 0.025988505055758764, 0.03143674196148468, 0.027199348458778364, 0.029035000697260598, 0.02323778837220436, 0.20951801882142976,
50, 1.743648833721958e-05, 1.743648833718786e-05, 1.743648833718786e-05, 1.743648833721958e-05, 1.5046916924005832e-05, 0.2798110792446054, 0.02774237699336944, 0.028442252645118182, 0.3178126801141832, 0.025899256911499653, 0.031353989395103914, 0.02713662246046197, 0.028941766695019747, 0.023149146913556917, 0.20962603620793888,
51, 1.5161356228790341e-05, 1.5161356228762764e-05, 1.5161356228762764e-05, 1.5161356228790341e-05, 1.3226081934700605e-05, 0.2800035967410446, 0.02765396066435653, 0.02834819273010701, 0.31811500717596647, 0.025810053799233096, 0.031271425755690176, 0.02707400293151816, 0.028849346036203923, 0.023062937524141028, 0.20973760558569154,
52, 1.109137064443284e-05, 1.1091370644412666e-05, 1.1091370644412666e-05, 1.109137064443284e-05, 9.420750555480073e-06, 0.2802018034644717, 0.027562411776444074, 0.02825155300604029, 0.3184270286248, 0.02572047137565431, 0.031186320188162513, 0.027009866214233028, 0.028756624103884052, 0.022973327983090923, 0.2098568074791197,
53, 5.98832057814376e-06, 5.988320578132867e-06, 5.988320578132867e-06, 5.98832057814376e-06, 5.370114415210864e-06, 0.2803882613937544, 0.02747851573017363, 0.028161104916491302, 0.31871935169340593, 0.02563726246207445, 0.031106608430752452, 0.0269475928770023, 0.028669791934115552, 0.022891664909149158, 0.20997052270520983,
54, 3.169948343077306e-06, 3.1699483430715396e-06, 3.1699483430715396e-06, 3.169948343077306e-06, 2.9996803213903364e-06, 0.28056909878692354, 0.027391967971311385, 0.028071219488641955, 0.3190128378353126, 0.025554774513442687, 0.031028887144756694, 0.026889710015840784, 0.028584204923561642, 0.022807448908807745, 0.21007417138564785,
55, 3.832845778957798e-06, 3.832845778957798e-06, 3.832845778957798e-06, 3.832845778957798e-06, 3.3369466978848217e-06, 0.2807483341852985, 0.027308369951017774, 0.027982772105057046, 0.3192919692162549, 0.025472226735082718, 0.03095142070515556, 0.02682595305890469, 0.028499609597735117, 0.02272512329422049, 0.21017555327077314,
56, 2.932056062933134e-06, 2.932056062933134e-06, 2.932056062933134e-06, 2.9320560629384675e-06, 2.5090680150521907e-06, 0.2809421684989574, 0.027223864165076276, 0.027891835606217618, 0.31957898806693974, 0.02538457335476786, 0.03087103613648437, 0.02675304538287741, 0.0284118470604232, 0.022639673071308545, 0.21028873181486243,
57, 1.1895007249944674e-06, 1.1895007249944674e-06, 1.1895007249944674e-06, 1.1895007249944674e-06, 1.122553198540528e-06, 0.281123035477347, 0.02713783273563133, 0.02780276394264353, 0.31987660931110173, 0.02530039040236973, 0.030799094868224595, 0.026697177626854723, 0.028326029121662592, 0.022554749841483156, 0.2103764365676137,
58, 1.6024789811125834e-06, 1.6024789811096685e-06, 1.6024789811096685e-06, 1.6024789811125834e-06, 1.2957721366489457e-06, 0.2813029102201273, 0.02705543809026438, 0.02771580724171189, 0.32016059845421696, 0.025216715858850953, 0.03072812934067331, 0.02663599646213545, 0.02824192381642281, 0.02247224149414206, 0.2104625337833922,
59, 2.644936092647381e-06, 2.644936092647381e-06, 2.644936092647381e-06, 2.644936092647381e-06, 2.1413304197302865e-06, 0.2814902747946217, 0.02697346845002844, 0.02762769991097985, 0.320440561414856, 0.02513165898262794, 0.030654858288563975, 0.02656764893351011, 0.02815618618307499, 0.022390423681276802, 0.21055449873644416,
60, 2.6546437174564818e-06, 2.6546437174564818e-06, 2.6546437174564818e-06, 2.6546437174564818e-06, 2.219665827449191e-06, 0.28169009532146977, 0.026887053115189193, 0.027535341400784064, 0.3207400384019301, 0.025039344105065777, 0.030578668812345753, 0.026496883901888906, 0.028065027727867092, 0.02230213783180728, 0.210652571592364,
61, 2.187362501170224e-06, 2.187362501170224e-06, 2.187362501170224e-06, 2.187362501170224e-06, 2.0378970689351074e-06, 0.2818975879731086, 0.026798798586754147, 0.027445352535045545, 0.3210386348930447, 0.024948405356762172, 0.030504862961801663, 0.02642342985265826, 0.02797620617210463, 0.02221200843174518, 0.21074392633977862,
62, 2.709013798858111e-06, 2.709013798858111e-06, 2.709013798858111e-06, 2.709013798858111e-06, 2.741711570347992e-06, 0.2821110735532933, 0.026712012132558912, 0.027355348685544754, 0.32133019634063514, 0.02485662097579362, 0.030429723210834664, 0.026343025633336136, 0.02788680214583078, 0.022122973163781163, 0.21083864684106057,
63, 2.121330224618278e-06, 2.121330224618278e-06, 2.121330224618278e-06, 2.1213302246221367e-06, 2.6545860734525224e-06, 0.2823319822277087, 0.026619484555690753, 0.02726233488850842, 0.3216367168390545, 0.02476305148655758, 0.0303509613491111, 0.02626205216284555, 0.027796425661885317, 0.022026753427549884, 0.21093909794270327,
64, 3.568652883632367e-06, 3.5686528836258757e-06, 3.5686528836258757e-06, 3.568652883632367e-06, 4.546942504440634e-06, 0.2825463378962354, 0.02652709139826801, 0.02716982832167224, 0.3219395901705537, 0.024669706044844662, 0.030272881355554705, 0.02618341989514465, 0.027706784115469656, 0.021930401366008986, 0.21103513833062615,
65, 5.62934762696861e-06, 5.62934762696861e-06, 5.62934762696861e-06, 5.62934762696861e-06, 7.230339691078035e-06, 0.28270766392794283, 0.026452761105996026, 0.02709555214110469, 0.32218786319526194, 0.02459728978668376, 0.030211233407138407, 0.026125063730195488, 0.02763656765293411, 0.021853283117904496, 0.2111029746533746,
66, 5.297082280311279e-06, 5.297082280311279e-06, 5.297082280311279e-06, 5.297082280320914e-06, 7.198126399746533e-06, 0.2828923820250812, 0.026367225311098207, 0.02701368191672763, 0.32246341387240907, 0.024520559842982285, 0.030144032390442475, 0.02606307469547855, 0.027559423260728782, 0.021768960720202613, 0.21117885995930444,
67, 5.095660341578842e-06, 5.095660341578842e-06, 5.095660341578842e-06, 5.095660341578842e-06, 6.65834549666905e-06, 0.28308654364372, 0.026274736485095648, 0.026924462064016864, 0.3227558381242648, 0.02443921569991076, 0.030068736470197626, 0.02600055902002176, 0.02747498163401689, 0.021680670890968905, 0.21126721543032348,
68, 2.4538549331268633e-06, 2.4538549331268633e-06, 2.4538549331268633e-06, 2.4538549331313268e-06, 3.4119892666725894e-06, 0.2832577010385778, 0.026195813835786716, 0.0268473176052189, 0.32301761378672095, 0.024369858744009047, 0.030006647567248267, 0.02595244831095806, 0.027399890959601915, 0.021608673311547134, 0.21133080787940386,
69, 2.5050588855517422e-06, 2.5050588855471856e-06, 2.5050588855471856e-06, 2.5050588855517422e-06, 3.0524485478618575e-06, 0.2834284521782906, 0.026119621803323355, 0.0267714403097515, 0.32326652454952415, 0.024300388316832563, 0.02994467474521891, 0.025898649238600312, 0.027325625745854787, 0.021538405215349537, 0.21139314566099288,
70, 1.2762509069427423e-06, 1.2762509069427423e-06, 1.2762509069427423e-06, 1.2762509069427423e-06, 1.7749289702214087e-06, 0.283589587341146, 0.026050084725601063, 0.026700770326732553, 0.3234994349983659, 0.024236237506097616, 0.02988735611233203, 0.025846346181695384, 0.02725635209618383, 0.021474897522759932, 0.21145205370523362,
71, 1.2492262167378215e-06, 1.2492262167378215e-06, 1.2492262167378215e-06, 1.2492262167400938e-06, 1.7263008635314945e-06, 0.28375235432385587, 0.025983401577706292, 0.02663155333364577, 0.3237219614953009, 0.02417222276401165, 0.02983038133374853, 0.025788725107080832, 0.027188088820876213, 0.021413299039925403, 0.21151128944774925,
72, 3.7198418648456135e-06, 3.7198418648456135e-06, 3.7198418648456135e-06, 3.7198418648523796e-06, 4.065772032969608e-06, 0.2839143245161376, 0.02591974360950105, 0.026563907467776874, 0.32393173709334294, 0.0241082770059882, 0.029773970166282016, 0.0257256385848861, 0.02712103368189966, 0.02135354929142787, 0.21156887389041465,
73, 7.118766512492242e-06, 7.118766512492242e-06, 7.118766512492242e-06, 7.118766512505191e-06, 7.171057125221273e-06, 0.2840206698264125, 0.025874160122424748, 0.026514450376766988, 0.3240864147099137, 0.024065514589939736, 0.029733955927594338, 0.025683586134244728, 0.02707377869332396, 0.021312773932134432, 0.2115990500114983,
74, 1.2168001317326566e-05, 1.2168001317326566e-05, 1.2168001317326566e-05, 1.2168001317348699e-05, 1.1748967208524157e-05, 0.28412972610447396, 0.025830677413581048, 0.026466085797755154, 0.3242316704026356, 0.024022397100045823, 0.029693921070911015, 0.025635795568081956, 0.027027092838708335, 0.021273024071363503, 0.21162918910708425,
75, 1.4047193387687159e-05, 1.4047193387661605e-05, 1.4047193387661605e-05, 1.404719338771271e-05, 1.4008713147346603e-05, 0.28426244587888777, 0.02578390265111159, 0.02641244421747852, 0.3244046742009995, 0.023965402982468464, 0.029650498519919643, 0.025576351372256195, 0.026972938924955208, 0.021223550791868356, 0.21167759341986533,
76, 1.219049383768987e-05, 1.219049383768987e-05, 1.219049383768987e-05, 1.2190493837712043e-05, 1.2471451586132949e-05, 0.28442880813356053, 0.025734493403387168, 0.02635457241250197, 0.32458792532769715, 0.02390087002642019, 0.029595809917561507, 0.025494154971350668, 0.026914584417252245, 0.021166936602509314, 0.21176061180762798,
77, 1.2801772821631895e-05, 1.2801772821631895e-05, 1.2801772821631895e-05, 1.2801772821655181e-05, 1.229772050993817e-05, 0.28458441122897343, 0.025685077788829908, 0.026296899086056504, 0.3247670681273736, 0.023838010645662957, 0.029542771739139793, 0.025419918561840914, 0.026855662876150575, 0.021113153610899098, 0.21183352196942964,
78, 1.2570064668227458e-05, 1.2570064668227458e-05, 1.2570064668227458e-05, 1.2570064668273188e-05, 1.1942925971953282e-05, 0.2847450105744583, 0.025632066577998592, 0.026235086324288344, 0.3249565312276641, 0.02377272321339906, 0.029484549467054765, 0.025346950619642806, 0.026792545625932383, 0.021057296383452228, 0.21191501724769338,
79, 1.1866538990885198e-05, 1.1866538990863612e-05, 1.1866538990863612e-05, 1.1866538990906782e-05, 1.1755391240216656e-05, 0.2849092748160082, 0.02557512307156183, 0.026168598008328, 0.32515700237535694, 0.023704723467137444, 0.0294205404118375, 0.025276103950664573, 0.026724734004259905, 0.020999189617992724, 0.2120054891765349,
80, 7.754139259912843e-06, 7.754139259912843e-06, 7.754139259912843e-06, 7.754139259912843e-06, 8.059566870032569e-06, 0.28509484932029855, 0.025509692775797958, 0.02609519251674118, 0.3253822042868909, 0.023632546903194936, 0.029351225510083005, 0.025201502771607456, 0.02665044789483405, 0.020935844281002428, 0.2121074180608132,
81, 5.5494664266676025e-06, 5.5494664266575084e-06, 5.5494664266575084e-06, 5.5494664266776975e-06, 5.332257125086136e-06, 0.2852772690741425, 0.025447203900913134, 0.026023391280154493, 0.3255932279082021, 0.023563100760016865, 0.029282880815290496, 0.025126222047409975, 0.026576933805461826, 0.020877580207613686, 0.212204660522868,
82, 2.716615041249778e-06, 2.716615041249778e-06, 2.716615041249778e-06, 2.7166150412547195e-06, 2.539641213263154e-06, 0.2854635612455679, 0.02538079701855514, 0.025946920772682944, 0.32581554160016685, 0.023490981570395576, 0.029208750550934595, 0.025053115993027054, 0.026498730221120585, 0.020817107172310563, 0.21231108819909672,
83, 1.293055956405152e-06, 1.293055956405152e-06, 1.293055956405152e-06, 1.293055956405152e-06, 1.4124239147137925e-06, 0.28565127169737514, 0.025312241613488794, 0.0258687139719922, 0.32603923670603707, 0.023417816984136794, 0.02913254847593572, 0.02497994866188963, 0.02641879674416494, 0.020755264983347572, 0.21241757595805252,
84, 1.5348859775603944e-06, 1.5348859775576026e-06, 1.5348859775576026e-06, 1.5348859775603944e-06, 1.5870989273790244e-06, 0.28583227285679236, 0.02524407785444815, 0.02579133443147332, 0.32625946891625596, 0.02334513689401421, 0.029057411649129956, 0.02490954948246663, 0.026339940740143945, 0.02069346212127057, 0.21251961885546733,
85, 1.3844321892153948e-06, 1.3844321892103581e-06, 1.3844321892103581e-06, 1.3844321892153948e-06, 1.6457313378202282e-06, 0.28599667198418727, 0.02518015179111294, 0.025713953878019873, 0.3264776045829874, 0.02327252515388062, 0.02898241585671598, 0.024846479208224703, 0.026261593234954816, 0.02063448010850959, 0.21262694118568762,
86, 2.8193864797839153e-06, 2.8193864797839153e-06, 2.8193864797839153e-06, 2.8193864797839153e-06, 3.1341451919442913e-06, 0.28616234927289647, 0.02511894350313968, 0.025637931163273297, 0.3266850611245571, 0.02319993190514533, 0.028907736210248797, 0.024778006553292764, 0.026184189226055424, 0.0205772341638889, 0.21273420563105935,
87, 3.4164341159918775e-06, 3.4164341159918775e-06, 3.4164341159918775e-06, 3.4164341159980917e-06, 3.2674878926046864e-06, 0.28636595055146474, 0.025054143709444015, 0.02555637037928526, 0.32688858889052014, 0.023121232542116177, 0.02881447025197844, 0.02467964515063628, 0.02610147910674905, 0.02051489818495098, 0.21288628845301624,
88, 2.0270662348986195e-06, 2.0270662348986195e-06, 2.0270662348986195e-06, 2.0270662348986195e-06, 1.776811027690815e-06, 0.28653870640218204, 0.025000455714119366, 0.025487335910816245, 0.327071096490621, 0.023055551662094477, 0.02873934875969152, 0.024604408280465707, 0.026030695543911804, 0.020464748946896205, 0.2129977676581534,
89, 1.544899476170118e-06, 1.544899476170118e-06, 1.544899476170118e-06, 1.544899476170118e-06, 1.3921616184984688e-06, 0.28671827994060284, 0.024947084252844642, 0.025417175504297864, 0.3272489881621209, 0.022988532450620283, 0.02866198109601581, 0.024522255812679514, 0.02595833440615174, 0.020415142745507375, 0.2131146543151133,
90, 1.8852145780883175e-06, 1.8852145780883175e-06, 1.8852145780883175e-06, 1.8852145780883175e-06, 1.6538240686312507e-06, 0.28689500805867946, 0.024892570039644655, 0.02534621904167464, 0.3274286210856856, 0.022921055868057615, 0.028584192112672706, 0.024442004502830118, 0.025885438458481423, 0.020364684733874826, 0.21323101186205048,
91, 1.0432499777478142e-06, 1.0432499777478142e-06, 1.0432499777478142e-06, 1.0432499777478142e-06, 9.769206672722917e-07, 0.28706178219949097, 0.024843143210924637, 0.02528074509167473, 0.3275909940654921, 0.022860489313744792, 0.028508831950096247, 0.024365251057573364, 0.02581864812781492, 0.020319576905568938, 0.2133453886020878,
92, 1.7076649198782557e-06, 1.7076649198782557e-06, 1.7076649198782557e-06, 1.7076649198782557e-06, 1.332065575592897e-06, 0.28722190481488585, 0.024794359136596247, 0.025216308754663068, 0.3277496313157462, 0.022800530947896237, 0.028434761592715574, 0.02429120216224294, 0.025753137217361655, 0.020274687518040402, 0.21345531426032577,
93, 2.7742044836414618e-06, 2.7742044836414618e-06, 2.7742044836414618e-06, 2.7742044836414618e-06, 2.116200836273951e-06, 0.28738924227549206, 0.024745997472406255, 0.02515086505393406, 0.3279045575057338, 0.022739300937386676, 0.028358615473200923, 0.024210517126531893, 0.025686173120477735, 0.020230376021320304, 0.21357114243957062,
94, 3.470127072752779e-06, 3.470127072746467e-06, 3.470127072746467e-06, 3.470127072752779e-06, 2.700899402989228e-06, 0.2875641515997623, 0.024695883054219128, 0.02508748287645747, 0.3280587527737901, 0.02267920902431197, 0.028284668285460498, 0.024127257376858557, 0.025621254914760156, 0.020184318293327515, 0.21368044083962232,
95, 4.965160146170829e-06, 4.965160146170829e-06, 4.965160146170829e-06, 4.965160146170829e-06, 4.244091165067294e-06, 0.2877459103571956, 0.02464605426966903, 0.025022962206181252, 0.32820891488476966, 0.022617678934948506, 0.028208521648414638, 0.024037177993018678, 0.025554739539332693, 0.020138667223941017, 0.21379526865573192,
96, 5.1813400739686565e-06, 5.1813400739686565e-06, 5.1813400739686565e-06, 5.1813400739686565e-06, 4.947140900356756e-06, 0.2879184114994688, 0.024602400794075597, 0.02496335612186176, 0.3283441948565995, 0.022561185895699647, 0.028137004616406853, 0.02394877135990986, 0.025492969337277054, 0.02009925356665673, 0.21390677989583237,
97, 5.540222700681037e-06, 5.540222700681037e-06, 5.540222700681037e-06, 5.540222700681037e-06, 5.061700109822118e-06, 0.28809977594548547, 0.02455244196664812, 0.024896943544647724, 0.3284946369833115, 0.02250040402250294, 0.028057700926661988, 0.02385972801802021, 0.025424373094558448, 0.020056292546793707, 0.214030480804978,
98, 4.1052871957373826e-06, 4.1052871957373826e-06, 4.1052871957373826e-06, 4.10528719574485e-06, 3.3636105052715373e-06, 0.28828582635704125, 0.0245100754264767, 0.024836578380622153, 0.32861372757787727, 0.022446144967316096, 0.027974106992648507, 0.023757312012644603, 0.025362237335007067, 0.020019992901675682, 0.2141742137340397,
99, 4.003288032994217e-06, 4.003288032994217e-06, 4.003288032994217e-06, 4.003288033001499e-06, 3.179753105691778e-06, 0.2884673974469426, 0.024463090918208034, 0.024773892980494906, 0.3287419849783019, 0.022391316372995282, 0.02788905714042933, 0.02366173179073503, 0.025298455498851596, 0.01998044558056606, 0.21431343483107693,
100, 4.991249704067134e-06, 4.991249704067134e-06, 4.991249704067134e-06, 4.991249704076213e-06, 4.2307527857292856e-06, 0.28865556049621194, 0.024416312277399394, 0.02470998823908623, 0.32886573363374444, 0.022335022350838594, 0.02780168333481578, 0.023559165323813608, 0.0252330099266541, 0.019941277194080065, 0.21445805191509196,
101, 2.60267908314844e-06, 2.60267908314844e-06, 2.60267908314844e-06, 2.6026790831531746e-06, 2.5113203824728515e-06, 0.2888622852461473, 0.02436826621870352, 0.024645504633983177, 0.32899219791927975, 0.022277552875458014, 0.027707905138342526, 0.0234430437886561, 0.025168840281756342, 0.0198969374903449, 0.2146245448142405,
102, 2.2912071239060604e-06, 2.291207123901893e-06, 2.2912071239060604e-06, 2.2912071239060604e-06, 2.540277982320484e-06, 0.28905965146367707, 0.024316322878845893, 0.02457952748753991, 0.3291257219747109, 0.022219992943753656, 0.027613895118452244, 0.023335343867780602, 0.025103991286320154, 0.01984970393017934, 0.2147841443858313,
103, 2.3445524806320182e-06, 2.3445524806320182e-06, 2.3445524806320182e-06, 2.3445524806320182e-06, 2.4800406784270583e-06, 0.2892654377375082, 0.024252365384536276, 0.024503721567020534, 0.32929957859801395, 0.02215303944642056, 0.02751593830769298, 0.02323095934232504, 0.02502990235605263, 0.019791207198412743, 0.21494599225387884,
104, 2.2710007166290897e-06, 2.2710007166249587e-06, 2.2710007166249587e-06, 2.2710007166290897e-06, 2.252344064235205e-06, 0.2894226864388684, 0.024204477035196646, 0.024444278374720414, 0.3294270223890052, 0.022104721631718647, 0.027433893673429684, 0.02314651974175707, 0.02497343043872552, 0.01974941850438926, 0.21508221586684095,
105, 7.888279883622681e-07, 7.888279883622681e-07, 7.888279883622681e-07, 7.888279883622681e-07, 9.341552873079403e-07, 0.2895934699330571, 0.024154725195511487, 0.02438175982299836, 0.3295594160560944, 0.02205377468222367, 0.02734786420627814, 0.023055167591418048, 0.024913455847162994, 0.01970670936899939, 0.21522956827099424,
106, 6.792955371137823e-07, 6.792955371137823e-07, 6.792955371137823e-07, 6.792955371137823e-07, 7.638960891611354e-07, 0.28975754097944034, 0.02410568793341238, 0.02432034013372515, 0.32968813533424063, 0.022003471197523095, 0.02726325978128896, 0.022966654924562978, 0.024854799710162447, 0.019664277354862158, 0.21537235201524313,
107, 8.967315532063324e-07, 8.967315532063324e-07, 8.967315532063324e-07, 8.967315532063324e-07, 9.596396802272994e-07, 0.28991454947682926, 0.024053220891843762, 0.024257837353885214, 0.32982592080593914, 0.021953439679601238, 0.027178786393054866, 0.02288632293553923, 0.024795861319754968, 0.0196193664079505, 0.21551014861180298,
108, 1.2194840692559702e-06, 1.2194840692559702e-06, 1.2194840692559702e-06, 1.2194840692559702e-06, 1.5207884163462508e-06, 0.2900682329373851, 0.023996351018518193, 0.024193310559263263, 0.32997469815706487, 0.021903170686330065, 0.027093180534720134, 0.022812975803081906, 0.024735602495395765, 0.019571476449181512, 0.2156446030759957,
109, 5.676447712138258e-07, 5.676447712138258e-07, 5.676447712138258e-07, 5.676447712138258e-07, 7.970092768692952e-07, 0.29022204504480154, 0.02394232829657048, 0.02413013472456994, 0.3301172432487578, 0.021854567051702304, 0.027009528641687326, 0.022743027901463122, 0.02467391722879802, 0.019529952241138248, 0.21577418847512952,
110, 6.35107967568391e-07, 6.35107967568391e-07, 6.35107967568391e-07, 6.35107967568391e-07, 8.303021400510537e-07, 0.29037724203444226, 0.02389141126412804, 0.02406874351122283, 0.33024959341977933, 0.021806384410351456, 0.026926787314381768, 0.02266840160609467, 0.024613651251195415, 0.01949045846436693, 0.21590395643329607,
