Optimize time:17.68111477891604
Begin Prob:-13559.18069339388
End Prob:-13498.706523848272
Substitution parameters:[0.21343771644008036, 0.2720950745667608, 0.272346490704143, 0.24212071828901577, 1.2715687831472833]
Trees:
(4:597.2280777885186,(1:620.4178167652082,(3:712.8626496597193,(2:700.073613670272,5:619.4388991577418):613.3507229707454):604.1002315864143):619.3086360823843);
(4:581.5765085234133,(3:580.7810833089469,(5:618.1456232275139,(1:628.2742795839852,2:620.9139159002269):618.1826932312948):617.0746823128455):617.0746823128455);
(4:618.4229404818649,((2:621.2032682034579,3:681.1457715927744):663.4010755803665,(1:609.5371561652257,5:713.2298165543684):561.3973065403324):618.1826932312948);
(4:618.1819079288075,(1:618.1826932312948,(5:678.2306079070524,(2:604.1023882076811,3:617.0746823128455):617.0746823128455):629.3056024133473):626.7899492321394);
(4:712.8626496597193,(3:613.4232372591803,(1:653.0439808242669,(2:580.7810833089469,5:712.8626496597193):712.8626496597193):613.4232372591803):617.0747653596119);
(4:613.4232372591803,(5:619.4389416788389,(2:679.3262353829847,(1:618.365934904511,3:712.8626496597193):581.5886989784458):618.1826932312948):597.2280777885186);
(4:618.3277072321243,((2:621.2032682034579,5:678.7878857839429):713.2298165543684,(1:580.7810833089469,3:626.7899492321394):618.1816178085928):620.6318891970151);
(4:618.1017830208913,(1:618.365934904511,(2:580.8785360188008,(3:618.2742827837196,5:712.8626496597193):618.365934904511):618.365934904511):625.2547831332192);
(4:978.7130570064642,(5:580.7810833089469,(1:679.3282427625562,(2:686.2668390113854,3:996.1528743162241):806.4753113080833):617.0746823128455):580.7834945254552);
(4:996.1554124169007,((3:965.6147696066002,5:999.9999215812713):999.2669417160087,(1:615.7461071910242,2:966.7846611960827):996.1554124169007):999.9999215812713);
(4:978.805427121868,(3:966.7027857884688,(2:629.5017836566449,(1:686.2798357013615,5:978.8003200833491):616.3141910116572):581.5886989784458):621.2032682034579);
(4:580.7810833089469,(2:712.8626496597193,(5:618.3479723217577,(1:680.8200513605912,3:618.3479723217577):613.5162097556781):580.8785360188008):712.86330191749);
(4:680.8200513605912,(2:686.2798357013615,(3:978.6449823167725,(1:618.9368263200148,5:580.7810833089469):623.4463609369848):712.8626496597193):618.1017830208913);
(4:618.1579798954408,(2:966.7035644884696,(1:978.3193853989087,(3:621.2032682034579,5:712.8626496597193):678.7873987043):615.6728991466642):710.6401239476714);
(4:0.683367,(5:0.884936,(3:578.3061126840176,(1:617.0746823128455,2:578.3282448815793):0.0929597):1e-06):0.683367);

Position, Posteriors1, Posteriors2, Posteriors3, Posteriors4, Posteriors5, Posteriors6, Posteriors7, Posteriors8, Posteriors9, Posteriors10, Posteriors11, Posteriors12, Posteriors13, Posteriors14, Posteriors15,
0, 0.0022266044748228005, 0.0022266044748228005, 0.0022266044748228005, 0.0022266044748228005, 0.0030487918695616136, 0.060939328964989777, 0.3023598366621565, 0.08493425821699858, 0.059653706504832454, 0.05687393821529028, 0.19028806631282244, 0.06152365118012133, 0.05956210021252489, 0.05477940006211598, 0.057130504256486025,
1, 0.0019179153283556778, 0.0019179153283556778, 0.0019179153283556778, 0.0019179153283556778, 0.0027330948600826424, 0.06084615336054969, 0.3037958144584488, 0.08501746534553438, 0.05955580918200302, 0.05677276623381825, 0.1910274262363937, 0.061433821972649516, 0.05946366881306217, 0.054651466898208156, 0.057030851683031604,
2, 0.0014333281164834195, 0.0014333281164834195, 0.0014333281164834195, 0.0014333281164834195, 0.0022148671106741596, 0.0608431558611662, 0.305567904496787, 0.08525426409171798, 0.05953531715864245, 0.056746322467419744, 0.19161893809231673, 0.06143507419304366, 0.05944251881269149, 0.054602035593473576, 0.05700629001403852,
3, 0.0011763055676450107, 0.0011763055676450107, 0.0011763055676450107, 0.0011763055676450107, 0.001863513681763089, 0.06080405974554456, 0.30666183127758073, 0.0854046008876184, 0.05949443910041049, 0.05671954368102484, 0.1920242296256842, 0.061399564016559154, 0.059401068195679724, 0.054540739196698725, 0.056981188679214784,
4, 0.0008313504272541405, 0.0008313504272541405, 0.0008313504272541405, 0.0008313504272526284, 0.0014939069393418436, 0.06081021979660481, 0.30739879061756487, 0.08563746387352142, 0.059532548199362545, 0.05680408333988968, 0.1925196597598434, 0.06140963175621953, 0.059438505333046336, 0.054562019083344675, 0.05706776995048627,
5, 0.00035799550347268716, 0.00035799550347268716, 0.00035799550347268716, 0.0003579955034733384, 0.0011042415441432345, 0.06083607390011837, 0.30834247525597935, 0.0859227289599326, 0.059590333763637766, 0.05691365243904868, 0.19313733291237722, 0.06143990312824617, 0.05949553267335065, 0.05460610350089103, 0.057179640266227405,
6, 0.00025998323806330576, 0.00025998323806330576, 0.00025998323806330576, 0.00025998323806377863, 0.001029632456767611, 0.06072888674919036, 0.308868578394199, 0.08603891035973944, 0.059517573320318956, 0.056887210023009636, 0.1934521390917061, 0.061335523051579556, 0.059422269251255794, 0.054524625122828824, 0.05715471958657224,
7, 0.0002120512092507134, 0.0002120512092507134, 0.0002120512092507134, 0.0002120512092507134, 0.0009816847140457616, 0.06060408473332057, 0.3093538525161479, 0.08613017789579722, 0.05942666524449697, 0.05684646860781771, 0.193723174859733, 0.061213270872268945, 0.059330896417035456, 0.05442614823160124, 0.05711537143025849,
8, 0.0001591620746829793, 0.0001591620746826898, 0.0001591620746829793, 0.0001591620746829793, 0.0008448133417165193, 0.06049285244467696, 0.3099394013942474, 0.08626076776802419, 0.05933898061528443, 0.05677932451814886, 0.19397980923139632, 0.061104666825327114, 0.059242744550826835, 0.0543304161775963, 0.05704957519477257,
9, 0.00014544957345518066, 0.00014544957345518066, 0.00014544957345518066, 0.00014544957345544524, 0.0007473874308910307, 0.06036962299598416, 0.31048090091823544, 0.0863580327693277, 0.05923478778520446, 0.05669861170503449, 0.19421684429195796, 0.06098373609381414, 0.05913814145673433, 0.05422007553509731, 0.05697006108346079,
10, 0.00012103318741623996, 0.00012103318741623996, 0.00012103318741623996, 0.00012103318741646011, 0.0005608655488479283, 0.060258089562558424, 0.3111265346090981, 0.08640301031014917, 0.05913269506024075, 0.05660910610161406, 0.19452873593546494, 0.060874681454655216, 0.05903561870665598, 0.0541047351874917, 0.05688179513246864,
11, 9.812052249062142e-05, 9.812052249062142e-05, 9.812052249062142e-05, 9.812052249079991e-05, 0.00039076887621467064, 0.06018079545093293, 0.31179215622650047, 0.08651030012726027, 0.059058954452895725, 0.056539627834374336, 0.19453960972198348, 0.06080002233574102, 0.058961438276193906, 0.05402026568065475, 0.05681357928526251,
12, 8.736773324998114e-05, 8.736773324998114e-05, 8.736773324998114e-05, 8.736773325014007e-05, 0.0002854666332266817, 0.06009135158577276, 0.312443839724737, 0.0865932898508908, 0.058975167458581605, 0.05646432634893074, 0.19454177193953986, 0.060713065519252284, 0.058877228264183186, 0.05392553980136149, 0.05673948229822776,
13, 8.289169484543553e-05, 8.289169484543553e-05, 8.289169484543553e-05, 8.289169484558632e-05, 0.00023727159075605621, 0.05999292815811931, 0.3131186806986573, 0.08666407636078075, 0.05887831628734781, 0.05638636182460846, 0.1945102294329703, 0.060617029047647604, 0.05877998648867646, 0.05382089926078996, 0.056662654426961244,
14, 5.720528931899727e-05, 5.720528931899727e-05, 5.720528931899727e-05, 5.720528931899727e-05, 0.00016449497570678037, 0.05987423541667556, 0.31378278301894613, 0.08677430035619528, 0.058778961670643136, 0.05632398011958147, 0.19457543391333987, 0.06050082742252434, 0.058680206208603966, 0.05371441322196201, 0.05660154287489898,
15, 4.495736071009124e-05, 4.495736071009124e-05, 4.495736071009124e-05, 4.495736071009124e-05, 0.0001389510094279505, 0.0597354302166056, 0.3144452670746696, 0.0868257782171368, 0.058654175853575755, 0.056250766673387145, 0.1947353573119707, 0.06036424659903812, 0.05855505930390395, 0.05358568974537667, 0.05652944890895614,
16, 4.134209558010142e-05, 4.134209558010142e-05, 4.134209558010142e-05, 4.134209558010142e-05, 0.00014005746824807905, 0.05957846312010169, 0.3151192597003834, 0.08682313153629868, 0.05850597015599166, 0.05616910415030376, 0.19499746574902044, 0.06020927028249433, 0.058406551713194074, 0.05343658624213341, 0.05644877185743844,
17, 2.728253735926017e-05, 2.728253735926017e-05, 2.728253735926017e-05, 2.7282537359309797e-05, 0.00011483295965118591, 0.059440326076244714, 0.31600026404396436, 0.08684831273047333, 0.05836497028502935, 0.055996303710070236, 0.1952323478742089, 0.06007342493335851, 0.05826521644776432, 0.053277996817127575, 0.05627687432954819,
18, 2.763363363881102e-05, 2.7633633638760755e-05, 2.763363363881102e-05, 2.763363363881102e-05, 0.00010422923967191626, 0.059298901318751374, 0.3168523374645587, 0.08689399080867001, 0.058220515485772284, 0.05581536258989744, 0.19543624070508026, 0.059934035483756365, 0.058120466534639724, 0.05311668929768854, 0.05609669689323108,
19, 3.8285572952405555e-05, 3.8285572952405555e-05, 3.8285572952405555e-05, 3.82855729524752e-05, 0.00010842712138756533, 0.05917295624311656, 0.3177022814571193, 0.08696729403297156, 0.058088305353147664, 0.05564129468269507, 0.1954757948409502, 0.05981009006854738, 0.05798797758733312, 0.05296909685992346, 0.05592333981614764,
20, 5.9265134402475934e-05, 5.9265134402475934e-05, 5.9265134402475934e-05, 5.9265134402475934e-05, 0.00010891855326423131, 0.059058348007693356, 0.318675915407421, 0.08706989033615517, 0.05795782871972669, 0.05539554583348783, 0.1954484341177912, 0.059697558381966845, 0.05785722366848484, 0.05281510716233502, 0.055678169630255944,
21, 6.768585536311717e-05, 6.768585536299406e-05, 6.768585536299406e-05, 6.768585536311717e-05, 0.00010196829099616562, 0.05896475116224393, 0.31952727623413985, 0.08708843794503172, 0.05785337685695009, 0.05519731602968138, 0.19546914181002256, 0.059606261472731, 0.0577524543467185, 0.052687611508565574, 0.05548066127682711,
22, 8.911771164857448e-05, 8.911771164857448e-05, 8.911771164857448e-05, 8.911771164873658e-05, 0.00011624077298697654, 0.058851540722758805, 0.3203947677098547, 0.08705102672484483, 0.05772385043644699, 0.054987954414635346, 0.19559059862401681, 0.05949512301065813, 0.057622669558384985, 0.052537873175461054, 0.055271884358083945,
23, 9.334414268785435e-05, 9.334414268785435e-05, 9.334414268785435e-05, 9.334414268785435e-05, 0.0001222753549937039, 0.05873471279622281, 0.32109678020105403, 0.08705297580891237, 0.05761518930964261, 0.054823368210222996, 0.19576558417037299, 0.059380418351251664, 0.0575137132979272, 0.05241358229526146, 0.0551080239882684,
24, 0.00010574489802864897, 0.00010574489802864897, 0.00010574489802864897, 0.00010574489802864897, 0.00013482239599190468, 0.0586223506696343, 0.3218031371851934, 0.08693527826588938, 0.05751019658290488, 0.05467175244309931, 0.1959724131248714, 0.05927014853131529, 0.05740842654382524, 0.0522913711220383, 0.05495712389823346,
25, 0.0001077731838096519, 0.0001077731838096519, 0.0001077731838096519, 0.00010777318380984794, 0.00014446337421542924, 0.05850477179359997, 0.32261635582813486, 0.08681613212727424, 0.05739507146409884, 0.05448636306539977, 0.19622798409780748, 0.05915481886657269, 0.05729299806657836, 0.052157506550331516, 0.054772442386000195,
26, 0.00011699875639817804, 0.00011699875639817804, 0.00011699875639817804, 0.00011699875639817804, 0.00016148976175280427, 0.058365319111894555, 0.3234762875580619, 0.08670383056811272, 0.057260666032645846, 0.05429398313496436, 0.19651014850016343, 0.05901742898032578, 0.057158310619816195, 0.05200380671013582, 0.05458073435304916,
27, 0.00013245750414621308, 0.00013245750414597214, 0.00013245750414621308, 0.00013245750414597214, 0.00018594324250982767, 0.058226497633143394, 0.3243515280632598, 0.08662196325805811, 0.057118631784151816, 0.05410151098909971, 0.19673223819817334, 0.05888072595406031, 0.057015992614575024, 0.051846192110092074, 0.054388946492571505,
28, 0.00018470062044481604, 0.00018470062044448007, 0.00018470062044481604, 0.00018470062044448007, 0.000241610366557929, 0.05809205413078472, 0.3252112445736265, 0.08655620011649436, 0.056977723517105665, 0.05390415294572866, 0.19677151895966194, 0.05874835164596709, 0.05687481995695753, 0.05169131224356434, 0.054192209418067586,
29, 0.00023069747154079646, 0.00023069747154079646, 0.00023069747154079646, 0.00023069747154037682, 0.0002847563816234714, 0.057949822072777525, 0.32614154839532405, 0.08650361742592937, 0.05682566375389483, 0.05370069496297537, 0.19682117053870007, 0.058608288387841774, 0.05672248237207942, 0.051529756114037616, 0.05398941006406304,
30, 0.00024319929067086256, 0.00024319929067086256, 0.00024319929067086256, 0.00024319929067086256, 0.00027871643725283087, 0.05784715766468682, 0.3271552292344232, 0.08653075002511894, 0.056703794903846326, 0.0534807049577454, 0.19675554107208656, 0.05850821696000328, 0.05660027937997032, 0.05139665379893493, 0.0537701587579206,
31, 0.00023232786660216253, 0.00023232786660216253, 0.00023232786660216253, 0.00023232786660258513, 0.0002581422667483366, 0.05776646912611827, 0.32828579109777795, 0.08659973688659035, 0.05659684114938846, 0.05324586902697258, 0.1965829446186535, 0.05843050487474086, 0.05649294490226964, 0.05127529519909581, 0.05353614973869439,
32, 0.000200170372331317, 0.000200170372331317, 0.000200170372331317, 0.00020017037233168114, 0.00020939567790483342, 0.057700526140289116, 0.3295145091190255, 0.08657095701301108, 0.05649780994405149, 0.053008188405569236, 0.19648443637921537, 0.05836781902312599, 0.05639349580280671, 0.05115280445670668, 0.05329937690319879,
33, 0.00015089278018961676, 0.00015089278018961676, 0.00015089278018961676, 0.00015089278018961676, 0.0001580814070437466, 0.057607703840451316, 0.3306192587921121, 0.08659546384624146, 0.05640175405440097, 0.05279866922392588, 0.1965106430612877, 0.05827807886871986, 0.05629701709457942, 0.051038945900004004, 0.05309081314466191,
34, 7.99714043716987e-05, 7.997140437155322e-05, 7.997140437155322e-05, 7.997140437155322e-05, 9.941649953274642e-05, 0.057518707235413795, 0.33181180421597917, 0.08656340464890915, 0.05630433824482062, 0.05260164593292592, 0.19656877440593534, 0.058192421484702994, 0.056199140914143186, 0.05092559531989793, 0.05289486583271184,
35, 3.6107213543178445e-05, 3.6107213543178445e-05, 3.6107213543178445e-05, 3.6107213543178445e-05, 6.256663279804944e-05, 0.05741683341842482, 0.3329778867717491, 0.08650696092266974, 0.0561963133687201, 0.05239960929797885, 0.19661558459701248, 0.058093711918547, 0.056090675365575146, 0.050801586008627574, 0.052693843195921075,
36, 1.207101602324483e-05, 1.207101602324483e-05, 1.207101602324483e-05, 1.2071016023266786e-05, 3.687141151510095e-05, 0.05730859572440389, 0.3341718764550866, 0.08646468437102275, 0.056074346788367806, 0.05219743512535666, 0.1965804776127462, 0.05798857299631405, 0.05596828715981461, 0.05066791774230084, 0.0524926509020889,
37, 1.080147260630412e-05, 1.080147260630412e-05, 1.080147260630412e-05, 1.0801472606323768e-05, 3.381715805933547e-05, 0.057198069620279963, 0.33530100910982075, 0.08640441597045602, 0.05595141579605609, 0.05198908507375005, 0.1965361800753223, 0.05788068081130578, 0.05584500599933544, 0.05053205127039657, 0.05228506357877242,
38, 1.1584455839373978e-05, 1.1584455839373978e-05, 1.1584455839373978e-05, 1.1584455839395049e-05, 3.3026919025652155e-05, 0.057115739743413024, 0.3361226198120956, 0.08635675518209898, 0.05586711097756649, 0.051837495049571664, 0.19648763976863903, 0.05780096865200551, 0.05576033676220813, 0.05043765573500715, 0.05213431392916052,
39, 1.3700731521072874e-05, 1.3700731521072874e-05, 1.3700731521072874e-05, 1.3700731521072874e-05, 3.5244349044485965e-05, 0.05702519989677867, 0.33701333707329556, 0.0862464467918219, 0.0557663144531393, 0.05168716351702584, 0.1964829813686737, 0.05771301858213975, 0.05565919462528371, 0.05033148655186776, 0.05198481022019922,
40, 2.5044871734621367e-05, 2.5044871734621367e-05, 2.5044871734621367e-05, 2.5044871734621367e-05, 5.350552823386682e-05, 0.056937972167947055, 0.33787729188158266, 0.08611951637224095, 0.05566385057356158, 0.05153527611998195, 0.19646992418921033, 0.05762824279530363, 0.05555641061540369, 0.0502241462165623, 0.051833684409057966,
41, 2.3134906527219196e-05, 2.3134906527219196e-05, 2.3134906527219196e-05, 2.3134906527219196e-05, 5.15358401922807e-05, 0.05685468496367944, 0.3388537281266049, 0.08602732851137015, 0.0555613418822933, 0.051344738690655374, 0.19645334056166497, 0.0575476821533847, 0.0554535463216595, 0.05011559775990401, 0.0516439359182754,
42, 2.1794224357633297e-05, 2.1794224357633297e-05, 2.1794224357633297e-05, 2.179422435767294e-05, 4.624264373556681e-05, 0.05677199420112266, 0.3398546243791429, 0.08599093374364075, 0.05545209974413123, 0.051153755345229174, 0.19637365177941812, 0.057467757231241576, 0.05534394978369411, 0.05000407604510366, 0.05145373856125121,
43, 1.6618439671255837e-05, 1.6618439671255837e-05, 1.6618439671255837e-05, 1.6618439671255837e-05, 3.155479998372212e-05, 0.05670703898298553, 0.34071240388305096, 0.08595581809532146, 0.05535911001101524, 0.05099627510888611, 0.19630564322757618, 0.05740563434134054, 0.055250593738890685, 0.049912328091708744, 0.05129712631509679,
44, 1.4998701298755799e-05, 1.4998701298755799e-05, 1.4998701298755799e-05, 1.4998701298755799e-05, 2.312555740337167e-05, 0.056622490466017195, 0.34139674675226694, 0.08595564492172234, 0.055273070851736765, 0.05086466684530561, 0.1963191404357568, 0.057323638247124165, 0.055164195697017936, 0.04983088236410059, 0.051166403410018775,
45, 9.663819828837139e-06, 9.663819828837139e-06, 9.663819828837139e-06, 9.663819828837139e-06, 1.571511233535722e-05, 0.056531595167400445, 0.34214734175394734, 0.0859000819277817, 0.05517173324051296, 0.05071506380436227, 0.19643560867002893, 0.057235378927880595, 0.05506250866794349, 0.04972865131071197, 0.0510176664897158,
46, 5.703219420221965e-06, 5.703219420221965e-06, 5.703219420221965e-06, 5.703219420221965e-06, 1.00292110202162e-05, 0.056433319236072275, 0.34296358701255136, 0.08578695638313895, 0.05505534510179941, 0.05056700160754232, 0.19658909765384724, 0.05713972283362501, 0.05494578617718254, 0.04961587689312408, 0.05087046536571658,
47, 5.546905621255895e-06, 5.546905621255895e-06, 5.546905621255895e-06, 5.546905621265985e-06, 9.632651225926289e-06, 0.056327263061548324, 0.34378555974412, 0.08563568001444213, 0.054928703559078904, 0.05041558880844896, 0.196806812803938, 0.05703605414779312, 0.05481886187098217, 0.04949386662685147, 0.05071978944265631,
48, 7.000806033822027e-06, 7.000806033822027e-06, 7.000806033822027e-06, 7.000806033822027e-06, 1.5016340998061151e-05, 0.05620554760917946, 0.34463490364434246, 0.08542741511916101, 0.054780339757077405, 0.05025732455880364, 0.19714915923116347, 0.056916482551976316, 0.05467027865728792, 0.04935340695755791, 0.05056212270160254,
49, 9.65763213400126e-06, 9.65763213400126e-06, 9.65763213400126e-06, 9.65763213400126e-06, 2.156978381712111e-05, 0.05608347452293313, 0.34553673624995346, 0.08524103693387866, 0.0546241306002634, 0.05010363019479357, 0.19742248184718433, 0.05679654981075906, 0.05451386019977109, 0.04920887873224879, 0.05040902094908345,
50, 7.327887283919122e-06, 7.327887283919122e-06, 7.327887283919122e-06, 7.3278872839324515e-06, 2.1845928685372166e-05, 0.05599888927321993, 0.34610794321562444, 0.0850749855560128, 0.05451126659985147, 0.05001294317286856, 0.19769785207764806, 0.05671428483416962, 0.054400744920569864, 0.049110821710415704, 0.050319111515459904,
51, 5.781160439762417e-06, 5.781160439762417e-06, 5.781160439762417e-06, 5.781160439762417e-06, 1.74935602305494e-05, 0.055912899501511584, 0.34670433268281653, 0.08489125361007484, 0.05438946678079901, 0.0499236936471343, 0.19799119049800518, 0.05663038461582555, 0.0542787394141773, 0.04900687228795434, 0.05023054911385228,
52, 6.741630990241425e-06, 6.741630990241425e-06, 6.741630990241425e-06, 6.741630990253687e-06, 1.2658965460426256e-05, 0.05582575374356815, 0.3472922285073658, 0.08476047224193406, 0.05426495028721684, 0.049828969107073386, 0.1982507839833827, 0.056545113200674374, 0.05415405247794861, 0.04890166359230591, 0.05013638772309134,
53, 8.148062852821904e-06, 8.148062852821904e-06, 8.148062852821904e-06, 8.148062852836726e-06, 1.1952419965985987e-05, 0.055738087270375186, 0.3479164064380464, 0.08464738472638624, 0.05413935890213644, 0.04973750319369963, 0.198447215540502, 0.05645926901644372, 0.05402830566069916, 0.04879646739968137, 0.0500454575349355,
54, 7.853229439668007e-06, 7.853229439668007e-06, 7.853229439668007e-06, 7.853229439668007e-06, 1.2314388587373617e-05, 0.0556362594684218, 0.348588196317066, 0.08455520453876507, 0.05400302788485361, 0.04962962028436114, 0.1986722125359246, 0.05635920325770311, 0.05389181873231453, 0.04868263208381313, 0.04993809794525349,
55, 6.782344554809906e-06, 6.782344554797569e-06, 6.782344554809906e-06, 6.782344554797569e-06, 1.4576251766402247e-05, 0.05553400767374443, 0.349291709059604, 0.08447925924062123, 0.05386626906573868, 0.04952442661933042, 0.19884649772198532, 0.05625871008741164, 0.05375490950072347, 0.04856908167574179, 0.0498334240799704,
56, 6.365360520716193e-06, 6.365360520716193e-06, 6.365360520716193e-06, 6.365360520716193e-06, 1.2618676575830043e-05, 0.0554447821159371, 0.3501054485058721, 0.08443478280673312, 0.05373350748583966, 0.04936209623213455, 0.19896321707216288, 0.05617130467905779, 0.05362200202348941, 0.04845333152976389, 0.04967144778666703,
57, 6.603621268702494e-06, 6.603621268702494e-06, 6.603621268702494e-06, 6.603621268702494e-06, 1.2437000744952527e-05, 0.05535111239417607, 0.3509356954694573, 0.08437592928175006, 0.05359825539754631, 0.049201332094424066, 0.199087425802836, 0.05607935128641805, 0.05348661308529632, 0.04833443074735517, 0.049511003310675164,
58, 7.645815126356545e-06, 7.645815126356545e-06, 7.645815126356545e-06, 7.645815126356545e-06, 1.1990558917982543e-05, 0.05523901964051485, 0.35180559028822267, 0.08432107905855513, 0.05344840619136117, 0.04903708281103081, 0.19925487291208094, 0.055968764733814146, 0.05333665188831777, 0.048198927963971315, 0.0493470310479763,
59, 5.054257640643871e-06, 5.054257640643871e-06, 5.054257640643871e-06, 5.054257640643871e-06, 7.566548016734346e-06, 0.05512915066155606, 0.35272628930254724, 0.08432074998361891, 0.05329107636332591, 0.04887718943140263, 0.19933973783232467, 0.05586052073433074, 0.05317920193840887, 0.04806084500230932, 0.04918745552675109,
60, 9.550755684890696e-06, 9.550755684890696e-06, 9.550755684890696e-06, 9.550755684890696e-06, 9.71891091277991e-06, 0.05501203090018984, 0.3536444127071853, 0.08432315634949665, 0.05313058750717074, 0.04871204250026772, 0.19942618111416008, 0.0557446653334448, 0.05301864118224295, 0.04791788128160815, 0.04902247954536269,
61, 7.788762319894063e-06, 7.788762319894063e-06, 7.788762319894063e-06, 7.78876231990823e-06, 7.540260391236172e-06, 0.05491485178803795, 0.35419910760235096, 0.08436611832614492, 0.05301592600322847, 0.04861623280541889, 0.1995458475261943, 0.055648877429576256, 0.05290384466596876, 0.04782340937058665, 0.048927089526853054,
62, 5.345069262031585e-06, 5.345069262031585e-06, 5.345069262031585e-06, 5.345069262031585e-06, 6.508603709562804e-06, 0.05480292017333776, 0.35480028892545284, 0.0844309000193982, 0.0528900741871705, 0.048503775041330834, 0.19969315537409282, 0.05553824847501848, 0.0527778615067666, 0.04771985980067274, 0.048815027971664336,
63, 2.897062324734164e-06, 2.897062324734164e-06, 2.897062324734164e-06, 2.897062324734164e-06, 5.3444491607501295e-06, 0.05468715633667755, 0.3554169019062877, 0.08448390929080923, 0.052762285282110154, 0.04839301169537432, 0.19984777198930953, 0.05542371502820448, 0.0526499456530678, 0.047613728131386784, 0.04870464234439911,
64, 3.2473800018936712e-06, 3.2473800018936712e-06, 3.2473800018936712e-06, 3.2473800018936712e-06, 4.606055898786246e-06, 0.05457253846119777, 0.35601915232762765, 0.08456603490762635, 0.05263530818144233, 0.04827812969907904, 0.19997952471115676, 0.05531009144133635, 0.05252287840856136, 0.047508738416099774, 0.048590008225470625,
65, 3.1317256451833574e-06, 3.1317256451833574e-06, 3.1317256451833574e-06, 3.131725645189054e-06, 5.49982390732063e-06, 0.05444485853634722, 0.3566460862990126, 0.08460158269088573, 0.05249029550135055, 0.04815887453740736, 0.20021974712386165, 0.055183192140680785, 0.05237783138041776, 0.0473886186178753, 0.04847088680171518,
66, 6.401554208641731e-06, 6.401554208641731e-06, 6.401554208641731e-06, 6.401554208641731e-06, 1.2236240825665307e-05, 0.05430638085483522, 0.35728568132446764, 0.0846501936605439, 0.05233927506408499, 0.048034024739604775, 0.20046749792412552, 0.055045155341883624, 0.052226818827403515, 0.04726108395240144, 0.048346046209310906,
67, 6.306501823757583e-06, 6.306501823757583e-06, 6.306501823757583e-06, 6.306501823757583e-06, 9.892379634090563e-06, 0.054173301986537546, 0.3579934823851444, 0.08474750498353248, 0.052186728228213894, 0.04787947404197563, 0.20067477158919153, 0.05491259646463491, 0.052074277092788494, 0.04713131558667144, 0.048191429611450565,
68, 1.0356423293745125e-05, 1.0356423293745125e-05, 1.0356423293745125e-05, 1.0356423293745125e-05, 1.234711637395555e-05, 0.05403202939697462, 0.3587072392326238, 0.08480767645478217, 0.052023543281412635, 0.04772110212773577, 0.2009469894123406, 0.054771607587271336, 0.051911149606623644, 0.04699202134858141, 0.0480328690992468,
69, 2.0144206942526834e-05, 2.0144206942526834e-05, 2.0144206942526834e-05, 2.0144206942526834e-05, 1.6887619872586565e-05, 0.05389610370492684, 0.35940268371321876, 0.08478965769157264, 0.05186482870098778, 0.04757159284712821, 0.2012508390167672, 0.054635913689823144, 0.05175249975580156, 0.04685526397149298, 0.04788315281735522,
70, 2.9804339904889243e-05, 2.9804339904889243e-05, 2.9804339904889243e-05, 2.9804339904889243e-05, 2.4694000401936132e-05, 0.053746379911355016, 0.3601420477885379, 0.08479027526307671, 0.05169481909677377, 0.04740804152759515, 0.2015772292066611, 0.05448636483342518, 0.051582554581022996, 0.04670898864363896, 0.04771938814602581,
71, 6.522411598562678e-05, 6.522411598562678e-05, 6.522411598562678e-05, 6.522411598562678e-05, 5.2752921397050325e-05, 0.05357594806277808, 0.3608831726372508, 0.08479314919189682, 0.051508386914516785, 0.04722925676720624, 0.20189840683949128, 0.05431575450443732, 0.051396233047931415, 0.04654578931032604, 0.04754025369727516,
72, 9.224204849606193e-05, 9.224204849606193e-05, 9.224204849606193e-05, 9.224204849606193e-05, 6.575910773031053e-05, 0.05339660369274683, 0.36171246658508666, 0.08481373638433007, 0.05131138643082132, 0.047030169658273786, 0.20225861760455802, 0.05413628921056869, 0.05119933603837624, 0.046365867928565604, 0.04734079952257068,
73, 0.00010455587120881228, 0.00010455587120881228, 0.00010455587120881228, 0.00010455587120881228, 7.192427297371274e-05, 0.053239491166613036, 0.3624267220089144, 0.08475547931115611, 0.05114125970928282, 0.046874156216836535, 0.20266732134853668, 0.05397934767956523, 0.05102926041644985, 0.04621220021480323, 0.04718461452746419,
74, 0.00010021615375779334, 0.00010021615375779334, 0.00010021615375779334, 0.00010021615375779334, 6.295215456180827e-05, 0.053103907511644066, 0.36320657491447983, 0.08475863052616853, 0.05098252780960198, 0.04673582287249319, 0.20291347857858621, 0.05384428293576619, 0.050870539686387786, 0.04607417347175431, 0.04704624528138114,
75, 8.548401079436971e-05, 8.548401079436971e-05, 8.548401079436971e-05, 8.54840107945252e-05, 5.071219555546664e-05, 0.052961573984497384, 0.36409937445181245, 0.08475992006242403, 0.05081208113161191, 0.04656495545182367, 0.20320795803156916, 0.0537025996044325, 0.05070009998567888, 0.045923488358921495, 0.046875301055707266,
76, 5.517718725906273e-05, 5.517718725906273e-05, 5.517718725906273e-05, 5.517718725906273e-05, 3.2537366267957373e-05, 0.052816393082985885, 0.3651365060450754, 0.0847858866303001, 0.05063581289086039, 0.04635123380972595, 0.20351288667090334, 0.05355828321521434, 0.05052381318686802, 0.0457644582467947, 0.04666148046373544,
77, 5.6252527294375016e-05, 5.6252527294375016e-05, 5.6252527294375016e-05, 5.6252527294375016e-05, 3.129556925886251e-05, 0.052657431444615495, 0.36613822714904093, 0.08480334769016346, 0.05044974826869454, 0.046126561497997244, 0.2037998275999148, 0.05339980643328919, 0.05033778056702985, 0.04559440858509883, 0.04643655544254527,
78, 4.7727814524498304e-05, 4.7727814524498304e-05, 4.7727814524498304e-05, 4.7727814524498304e-05, 2.693251849184169e-05, 0.05247964589829767, 0.3672325076718167, 0.08481222371766954, 0.05024162775253105, 0.04590150654080541, 0.2041465940061373, 0.05322254862495106, 0.05012969830376697, 0.045404511401221447, 0.046211292662519124,
79, 6.507594081536532e-05, 6.507594081524694e-05, 6.507594081524694e-05, 6.507594081536532e-05, 3.589869469755939e-05, 0.05228802832059363, 0.3683095373168381, 0.08481525372729284, 0.050023343912396205, 0.04566470223982117, 0.204482901196039, 0.05303109817550869, 0.049911501645570906, 0.045203300649131396, 0.04597413071393036,
80, 7.339007459308936e-05, 7.339007459308936e-05, 7.339007459308936e-05, 7.339007459308936e-05, 4.2102914105355555e-05, 0.052083292436518804, 0.3694697426284203, 0.08476171773334651, 0.04978299119653397, 0.045426734623174356, 0.20492112421608805, 0.052826560779691015, 0.04967125565195947, 0.044985099190686016, 0.0457358186870551,
81, 7.268246801552741e-05, 7.268246801552741e-05, 7.26824680153952e-05, 7.268246801552741e-05, 4.496250320166927e-05, 0.05186783862095018, 0.3707657741640928, 0.08470444735381229, 0.04952646395163429, 0.04514869004615823, 0.2054173069143201, 0.05261142290028318, 0.04941483473775876, 0.04475015974390362, 0.04545736954848639,
82, 5.9870707069876154e-05, 5.9870707069767246e-05, 5.9870707069767246e-05, 5.9870707069876154e-05, 4.1503754507072847e-05, 0.051675275057472804, 0.37192487052597145, 0.08456586340631099, 0.049298182751800756, 0.04491651577619355, 0.20596448906236464, 0.05241946703200226, 0.049186605856555994, 0.04454275155695871, 0.04522499274800681,
83, 6.168284997793776e-05, 6.168284997793776e-05, 6.168284997793776e-05, 6.168284997793776e-05, 4.3921576798998275e-05, 0.051484868357424246, 0.3730540965710256, 0.08434894108645576, 0.049071537547305526, 0.04469038501014249, 0.2065360485533216, 0.05222958562836334, 0.048960024397805654, 0.044335232112156585, 0.044998628115967984,
84, 6.0231108579575926e-05, 6.0231108579575926e-05, 6.0231108579575926e-05, 6.0231108579575926e-05, 4.125867719470475e-05, 0.05128026410143793, 0.3741258012506823, 0.0841750992971829, 0.048841580356006324, 0.04447260577871999, 0.2071582390823845, 0.052025430251529066, 0.04873013191642518, 0.04412802797755434, 0.04478063723285072,
85, 5.8012649124590484e-05, 5.8012649124590484e-05, 5.8012649124590484e-05, 5.8012649124590484e-05, 3.675720068545966e-05, 0.05111494267654564, 0.3752216556988678, 0.08407171532032627, 0.04864592570828145, 0.04428046606296678, 0.20745659594258783, 0.051860811110110906, 0.048534514063955106, 0.043956210375562195, 0.044588355599849375,
86, 6.710273977143697e-05, 6.710273977143697e-05, 6.710273977143697e-05, 6.710273977143697e-05, 4.404625403779792e-05, 0.05093305136928775, 0.37634231042573824, 0.08398093542096359, 0.04843631994521299, 0.04407397502815183, 0.20776360436382504, 0.0516794726972082, 0.04832495941606151, 0.04377123500148449, 0.04438167947567291,
87, 6.617191956071234e-05, 6.617191956071234e-05, 6.617191956071234e-05, 6.617191956071234e-05, 4.3056274428577935e-05, 0.05079292709176072, 0.37731368874475907, 0.08395869384682403, 0.04827333382759144, 0.04391604480695598, 0.20787687212298664, 0.051540275678543704, 0.048161958404739934, 0.043634696906698064, 0.044223764973367705,
88, 5.385382809505977e-05, 5.385382809496181e-05, 5.385382809496181e-05, 5.385382809505977e-05, 3.6029139635650085e-05, 0.05066724323605917, 0.37817761165976005, 0.08390843566188647, 0.048131736412714655, 0.04379318653884442, 0.2080131958590099, 0.05141574598063172, 0.04802029967090104, 0.04352000970621448, 0.0441010911783019,
89, 4.598875936024253e-05, 4.598875936024253e-05, 4.598875936024253e-05, 4.598875936032618e-05, 3.489628975690874e-05, 0.05053919631291322, 0.3790692998114505, 0.08387183742515314, 0.047987780162222965, 0.04367099489571727, 0.2080941202550379, 0.0512888380513694, 0.04787628902256114, 0.04340371605524372, 0.043979077037219386,
90, 2.787962711129749e-05, 2.787962711129749e-05, 2.787962711129749e-05, 2.7879627111348204e-05, 2.8641565103716997e-05, 0.050430777710285236, 0.3798390587514989, 0.08376464737430565, 0.04786846598059112, 0.04358836468366495, 0.20822135544714399, 0.05118181652532152, 0.04775687262198453, 0.04331167587955036, 0.043896805309113704,
91, 1.8768389608580055e-05, 1.8768389608580055e-05, 1.8768389608545916e-05, 1.8768389608580055e-05, 2.458987126036752e-05, 0.05034681950249193, 0.3803284142086923, 0.08366937030990874, 0.04778251785709975, 0.04355037531976767, 0.20833910196572733, 0.05109930512136496, 0.04767079612360097, 0.04325433758997765, 0.043859298928997266,
92, 1.064499815183461e-05, 1.064499815183461e-05, 1.0644998151815247e-05, 1.064499815183461e-05, 2.0800527983278975e-05, 0.05024730970135147, 0.38085863570410994, 0.08358267937475208, 0.04768335656350626, 0.04350886251675689, 0.20848138548845666, 0.051001088783349836, 0.04757152276049211, 0.04318352657422161, 0.0438182523691843,
93, 6.7174884051020055e-06, 6.7174884051020055e-06, 6.717488405089786e-06, 6.7174884051020055e-06, 1.877789702039736e-05, 0.05017459744982679, 0.3811102426055323, 0.08350798880818575, 0.047619223137636, 0.043513983226383814, 0.2086180630601488, 0.050929742471978796, 0.04750724871676497, 0.04314928728815215, 0.0438239757411121,
94, 8.343902028790567e-06, 8.343902028790567e-06, 8.343902028790567e-06, 8.343902028790567e-06, 2.6845338956620375e-05, 0.05009268543726275, 0.3813621532058586, 0.08339116546544335, 0.047543451415803226, 0.04351449157938091, 0.208825885763456, 0.050848937207728026, 0.04743139164397708, 0.043104659044224995, 0.04382495864579683,
95, 4.690936955951664e-06, 4.690936955951664e-06, 4.690936955943132e-06, 4.690936955951664e-06, 1.8885510559128232e-05, 0.05002455849318874, 0.3817359350874447, 0.08332822980323909, 0.04747124201788752, 0.04345867584929197, 0.2089731426966641, 0.0507820885519516, 0.047359085613479124, 0.04305993460977838, 0.043769458375093995,
96, 3.4597609836325675e-06, 3.4597609836325675e-06, 3.4597609836325675e-06, 3.4597609836325675e-06, 1.537156572329097e-05, 0.049960696666272834, 0.38209975986880607, 0.08320372375133211, 0.04740299809160219, 0.043410038842503836, 0.20914465714280567, 0.05071943184887264, 0.047290754076574355, 0.04301761880543053, 0.04372111065133881,
97, 5.496221588906344e-06, 5.496221588906344e-06, 5.496221588906344e-06, 5.496221588906344e-06, 1.5021827972739314e-05, 0.04989738645606451, 0.3824492646969595, 0.08310733856212218, 0.04733495468426736, 0.043357147957741524, 0.209292915849312, 0.050657112088852374, 0.04722265610963237, 0.04297582718676584, 0.04366839004870908,
98, 2.7599245457407735e-06, 2.7599245457407735e-06, 2.7599245457407735e-06, 2.7599245457407735e-06, 1.0912609761380575e-05, 0.049834033241027344, 0.38285076154594455, 0.08295518983684243, 0.04726260853457615, 0.04331174304110058, 0.20946364786652846, 0.05059492811374578, 0.04715023140270127, 0.04293165394217969, 0.04362325052201781,
99, 2.785493309680762e-06, 2.785493309680762e-06, 2.785493309675695e-06, 2.785493309680762e-06, 9.161776464679992e-06, 0.049771526907635526, 0.3832378976255782, 0.08283183923042946, 0.04719077467365346, 0.043262342179357975, 0.20961132664564178, 0.05053337685912, 0.0470783518553723, 0.04288826403444416, 0.043573996594708585,
100, 9.849651830404824e-07, 9.849651830404824e-07, 9.849651830404824e-07, 9.849651830404824e-07, 4.348673685227452e-06, 0.04971065552733932, 0.38364784952574277, 0.08276163051892768, 0.04711422534489184, 0.043213497042056855, 0.20969998664696604, 0.050473505992579944, 0.047001757859415065, 0.04284330142792703, 0.04352530193591568,
101, 1.2899307535763741e-06, 1.2899307535763741e-06, 1.2899307535763741e-06, 1.2899307535763741e-06, 5.112592046281902e-06, 0.049644483698181016, 0.3840568171215954, 0.08269681679116878, 0.047036440273304995, 0.043161066846401724, 0.2097939726259411, 0.050407985286324265, 0.04692397265752258, 0.04279528723269292, 0.04347288550834925,
102, 6.528844911212133e-06, 6.528844911212133e-06, 6.528844911212133e-06, 6.528844911212133e-06, 1.2496323427815932e-05, 0.04958139070689169, 0.384436121809495, 0.08262070728289837, 0.0469627880053127, 0.04310644479351939, 0.20989054212705963, 0.05034517905312659, 0.04685037521753382, 0.042749736676689076, 0.0434181029802954,
103, 9.322746691596673e-06, 9.322746691596673e-06, 9.322746691596673e-06, 9.322746691596673e-06, 1.6634523380935193e-05, 0.04949202824802381, 0.38489005559736755, 0.08255432641387948, 0.046867372567035076, 0.043049961314822506, 0.21003884952383456, 0.050255830878353516, 0.04675504495800712, 0.042681169852937025, 0.043361435491875794,
104, 1.3971202477103452e-05, 1.3971202477078038e-05, 1.3971202477078038e-05, 1.3971202477103452e-05, 2.009255767808403e-05, 0.049402081127450564, 0.38543526411387324, 0.0824363211946379, 0.04676418593650883, 0.042958466663273964, 0.21024820292594845, 0.0501659100106674, 0.04665195662320306, 0.042592001623476976, 0.04326963277016833,
105, 1.0428513267716573e-05, 1.0428513267716573e-05, 1.0428513267716573e-05, 1.0428513267716573e-05, 1.3088227296584538e-05, 0.04932070425842816, 0.38613180618905174, 0.08235251747126164, 0.04666273289835581, 0.04280661044486067, 0.21041891604591156, 0.050084836444074, 0.04655057363177008, 0.0424991502778908, 0.04311735041556963,
106, 1.1118149647730093e-05, 1.1118149647730093e-05, 1.1118149647730093e-05, 1.1118149647730093e-05, 1.1805823777432307e-05, 0.049244064883727644, 0.3868065327899715, 0.08225838465006308, 0.04656181729267211, 0.04265582629973616, 0.21058569133001065, 0.050008423663646086, 0.046449743652774086, 0.042407134536782146, 0.042966102834186046,
107, 1.0339487631608775e-05, 1.0339487631608775e-05, 1.0339487631608775e-05, 1.0339487631608775e-05, 1.2015989150814631e-05, 0.049155304686752964, 0.38752404182985506, 0.08218215216143014, 0.04645116620946414, 0.04249238703255517, 0.21077351982663106, 0.04991982912536178, 0.046339178719092565, 0.0423068566037986, 0.04280219022223452,
108, 1.8825546566423638e-05, 1.8825546566389394e-05, 1.8825546566423638e-05, 1.8825546566389394e-05, 2.222817122211204e-05, 0.04905401064613522, 0.3882491023513572, 0.08211527077522708, 0.04633245693911125, 0.04232095429063862, 0.21096429148422474, 0.049818357100291394, 0.046220598054598334, 0.04219727410104724, 0.04263015425682183,
109, 2.9517416624921454e-05, 2.9517416624867762e-05, 2.9517416624921454e-05, 2.9517416624867762e-05, 3.4252134897989084e-05, 0.04893432686055196, 0.38902458586977895, 0.08205610404241202, 0.046197610772048446, 0.04214400749324239, 0.2111829819598536, 0.049698282750290576, 0.04608590581639098, 0.04207130677373668, 0.04245256621726612,
110, 3.594613921663858e-05, 3.59461392165732e-05, 3.594613921663858e-05, 3.59461392165732e-05, 4.195909598241465e-05, 0.048816115473603434, 0.38987404270530585, 0.0820442517071283, 0.046054762024815774, 0.04197375586700604, 0.21130434561582312, 0.04957979977066408, 0.045943205788340415, 0.04194225093108476, 0.0422817268198694,
111, 4.639142532039116e-05, 4.639142532039116e-05, 4.639142532039116e-05, 4.639142532039116e-05, 4.861367790460587e-05, 0.04869433768925138, 0.39073477863760825, 0.08203289338312565, 0.04590828745136974, 0.04180280709204957, 0.21141805226616614, 0.04945769020172518, 0.04579688649291181, 0.04180992429778449, 0.04211016346584761,
