Optimize time:21.773951964643267
Begin Prob:-13457.140846624261
End Prob:-13345.275225034396
Substitution parameters:[0.21789574530522293, 0.27146655633544026, 0.2702694018148423, 0.2403682965444944, 1.5106870971153004]
Trees:
((3:690.9832710597748,4:691.7495047923894):764.1722253367913,(1:704.9153148867614,(2:738.944150317607,5:692.4900729592093):695.2885381972534):792.3236755175653);
((2:704.9153148867614,5:690.9833146420469):739.2772009758073,(4:738.9211121582074,(1:753.2891510852019,3:757.5004784727099):704.9153148867614):704.9153148867614);
((3:691.0533227067303,4:692.4904443556389):953.5227095605693,(5:739.260349092318,(1:961.5124638961132,2:692.4900729592093):764.1722253367913):753.2891510852019);
((3:763.9526867222638,4:760.9905760090741):764.1763508512311,(2:763.9526867222638,(1:961.5094021044497,5:739.260349092318):692.5742086768481):692.4904443556389);
((2:953.5227095605693,5:743.5980714474979):691.7648259079465,(3:994.8601522724936,(1:692.5742086768481,4:690.9832710597748):696.308557508349):690.9832710597748);
(3:743.5980714474979,(2:704.9153148867614,(1:743.6057320052763,(4:961.5094021044497,5:953.5227095605693):763.8119664877493):764.1722253367913):957.0383751373308);
(3:691.7620274344873,(2:994.8601522724936,(5:753.2891510852019,(1:753.2891510852019,4:692.4904443556389):961.5094021044497):764.1722253367913):739.260349092318);
(3:704.9153148867614,(5:738.8845720675956,(4:738.8772983154838,(1:961.5094021044497,2:704.9153148867614):691.7629363208794):739.260349092318):994.8606358357432);
(3:692.4900729592093,(2:739.2772009758073,(4:994.8857595525045,(1:757.5078019258451,5:738.8772152687175):743.5962917270687):999.2645864532622):962.8198357185539);
((5:738.9256728786634,(2:956.264019102228,4:764.1822176949406):691.7620274344873):953.470058426534,(1:993.0658902529607,3:692.4900729592093):962.3454979288533);
(3:993.1625926816332,((2:739.2772009758073,4:692.4900729592093):994.9751149939856,(1:692.5742086768481,5:953.5227095605693):994.8515499502715):757.5004784727099);
((2:764.189955628515,(4:740.7278937975934,5:738.8775987815071):961.4878956215694):704.9153148867614,(1:739.260349092318,3:753.2891510852019):739.260349092318);
(3:763.9345354122056,(5:704.9153148867614,(1:993.1625926816332,(2:994.8601522724936,4:961.5094021044497):961.5094021044497):704.9153148867614):739.540426692694);
(3:999.9999215812713,(5:999.9999215812713,(2:999.9999215812713,(1:999.9999215812713,4:999.9999215812713):999.9999215812713):692.4900729592093):957.04057356262);
(3:769.4695650961329,((4:1.2914,5:0.415964):1e-06,(1:739.260349092318,2:739.260349092318):1e-06):0.761032);

Position, Posteriors1, Posteriors2, Posteriors3, Posteriors4, Posteriors5, Posteriors6, Posteriors7, Posteriors8, Posteriors9, Posteriors10, Posteriors11, Posteriors12, Posteriors13, Posteriors14, Posteriors15,
0, 0.00033110249455346865, 0.00021586031997289354, 0.4917128635936542, 0.43641395311221554, 0.020139312704731044, 0.004763121760577031, 0.0049411732264272755, 0.0047624236667098635, 0.004759635734986634, 0.006364232142531041, 0.0047619796480632805, 0.006368471638484538, 0.004762900710640632, 0.004939348049181274, 0.004763620785785702,
1, 0.000249816566728726, 0.00014877314263751068, 0.4932709293772093, 0.43777491873742796, 0.019980050014985738, 0.004502668132749775, 0.004695382738559394, 0.004502311706255886, 0.00449959083533676, 0.006084922752528439, 0.004501845010369689, 0.006089356115110874, 0.004502450623265828, 0.00469362323805767, 0.004503360595083414,
2, 0.00014399552567551547, 7.717192535127148e-05, 0.49525605295640107, 0.439520629814999, 0.019807835590865585, 0.004169414624445309, 0.0043972608358795766, 0.004169493393802027, 0.004167005745977665, 0.005691008393694548, 0.004169091404557609, 0.005695918081827973, 0.004169215180423561, 0.004395506201681311, 0.004170399910968214,
3, 9.331470168937408e-05, 4.2853403101890244e-05, 0.496962818567757, 0.4410255026879659, 0.01958326546488634, 0.0038902900162544533, 0.004137286325339061, 0.0038910931345043746, 0.003889125194744745, 0.005335228927457441, 0.0038908755292302384, 0.005340632133858359, 0.003890134551443331, 0.004135769245752833, 0.0038918097036657186,
4, 6.067310479089088e-05, 2.4797453734605565e-05, 0.4990792775293767, 0.4428974087618485, 0.01933491324161215, 0.003531823444495026, 0.003807210482601948, 0.0035337517101041807, 0.0035324428940450717, 0.004893084695332668, 0.0035337175529590067, 0.004899054233048747, 0.0035317191832242877, 0.003806017289607351, 0.0035341080096151028,
5, 3.7364069262005165e-05, 1.1398692033920137e-05, 0.5014202211706794, 0.4449713013250342, 0.019034394809598707, 0.003138811541554854, 0.0034149431929430592, 0.003141655266529781, 0.003140928752640454, 0.00442300796537613, 0.003141786871264926, 0.00442938855598951, 0.00313875241088493, 0.0034143325853205745, 0.003141712377485912,
6, 2.9989881304983435e-05, 7.867221212109636e-06, 0.5028763158541059, 0.44625507515834845, 0.018901843339524868, 0.002882270474773532, 0.003171781000143761, 0.002885583122969117, 0.002885168820737092, 0.004136306051514995, 0.0028858056161974615, 0.004142821306654927, 0.0028822364947038506, 0.003171454118747332, 0.0028854811256284153,
7, 2.999069524627383e-05, 8.336858363763727e-06, 0.5037208412863252, 0.4469916708509981, 0.018872689480867618, 0.0027247618394479734, 0.0030308770928272467, 0.0027282874373781244, 0.0027280247419695655, 0.003972958151512452, 0.0027285558068302004, 0.003979484881572882, 0.002724740823979168, 0.0030306706920474194, 0.002728108947587629,
8, 3.294132754491354e-05, 9.952456409258524e-06, 0.5046457377515055, 0.44780046174405674, 0.018840430450332766, 0.0025483084037493846, 0.0028751252503533375, 0.002552171862101067, 0.002552083189450353, 0.003804335314108048, 0.0025524686311909376, 0.0038108031370760083, 0.0025482999699506436, 0.0028750285719293363, 0.002551851528202937,
9, 3.068599383270801e-05, 9.120589933087666e-06, 0.5053112032276712, 0.4483756903557118, 0.0187866742890287, 0.0024269755487813702, 0.0027654199730122574, 0.0024309110315185625, 0.0024308999736707823, 0.003685910540785529, 0.002431235234096521, 0.0036923625285829147, 0.0024269726403546277, 0.002765375793140844, 0.0024305618689074247,
10, 2.5028720981163685e-05, 6.938694970715031e-06, 0.5058211769602761, 0.4488122394408656, 0.018754449539173955, 0.002331010344763967, 0.0026844304597553755, 0.0023349892806641508, 0.0023350883926001056, 0.0036014408529997976, 0.002335367621531472, 0.0036078268577405662, 0.002331016115346148, 0.0026843558976670763, 0.0023346404098391143,
11, 2.3982688066946855e-05, 7.199150690242302e-06, 0.5060988461467527, 0.4490395130932628, 0.018780697630206206, 0.0022722406273561254, 0.0026397026138827565, 0.0022762108081928996, 0.0022763636666697173, 0.0035572947677866003, 0.002276621752504566, 0.003563618023822229, 0.0022722509055687736, 0.002639582716002817, 0.002275874999332146,
12, 1.788383444751982e-05, 5.418297181091945e-06, 0.506455336310699, 0.44933835847224485, 0.01881259237996871, 0.002196960525993639, 0.0025799628003600225, 0.002200872575401225, 0.002201091748404226, 0.0035033217676864042, 0.0022013325118459743, 0.003509540880229438, 0.0021969761841759993, 0.0025797750547789104, 0.00220057624773692,
13, 1.059411417180753e-05, 3.3968704453374324e-06, 0.5066497420588079, 0.44949067619024663, 0.01888191246914129, 0.0021490103713064632, 0.0025466520782904093, 0.0021528096005906253, 0.0021530675957551777, 0.00347735454485571, 0.002153315751147945, 0.0034834851070241917, 0.0021490296734848558, 0.0025463762543503302, 0.0021525769103105134,
14, 9.670441544821958e-06, 3.7387694642091577e-06, 0.5067538661254023, 0.44956058710059554, 0.018988905632401302, 0.0021137158715453953, 0.0025255771102987534, 0.002117438515265608, 0.002117730219809658, 0.0034642597398946316, 0.0021179817389609394, 0.0034703082509800107, 0.002113738491516693, 0.0025252300271706254, 0.002117251555872705,
15, 6.159445815143513e-06, 2.5595961040084753e-06, 0.5069076245822923, 0.4496764756131095, 0.019085666773260963, 0.002071441445093513, 0.0025005843922920835, 0.002075020218056307, 0.0020753442351483945, 0.0034355155671536497, 0.002075611745647345, 0.0034415036617090663, 0.0020714675885776072, 0.002500114340329748, 0.002074910387158227,
16, 5.15783543568643e-06, 2.451860116919307e-06, 0.5070116693721819, 0.449747705152367, 0.019125381745957685, 0.0020463240898726037, 0.0024866549840839285, 0.002049794256790018, 0.002050142416832171, 0.003418052467284, 0.0020504236786001886, 0.0034240277513994588, 0.002046352836654159, 0.0024861165081564284, 0.0020497446360411434,
17, 4.129198005416934e-06, 2.4318986240621198e-06, 0.507053312801927, 0.4497613169786095, 0.01914638672045721, 0.002035505784248545, 0.0024849381594437285, 0.0020388483095910713, 0.0020391996153276033, 0.003414854644609467, 0.002039508089309805, 0.003420833991058759, 0.002035535276787075, 0.0024843337355724407, 0.0020388643879033943,
18, 2.125513528906681e-06, 1.9476369400295174e-06, 0.5070627017327305, 0.4497462896509397, 0.01916770610637456, 0.002030104218947775, 0.0024899003099718726, 0.0020333334913818996, 0.002033716411220911, 0.003419695977922311, 0.0020340392788639763, 0.0034256670621029754, 0.0020301369644115364, 0.002489216068920952, 0.0020334191669677667,
19, 1.3722636379812749e-06, 1.8503698802027084e-06, 0.5070936643803879, 0.44975182747545156, 0.019178496187363565, 0.002022457020063878, 0.002493265178075809, 0.0020255901781042114, 0.0020260105683951824, 0.003416215247089733, 0.002026340588201922, 0.0034221912796088424, 0.0020224934891212186, 0.0024924883477060933, 0.0020257370176810837,
20, 7.931820710441322e-07, 1.5427146664087888e-06, 0.5071649537576903, 0.4497951771582606, 0.019181416499662287, 0.0020094553972716755, 0.0024932170702918473, 0.0020124847802526985, 0.0020129422764261903, 0.0033971203959653863, 0.002013278196658028, 0.0034031204782909038, 0.0020094956138366686, 0.0024923090865251697, 0.002012692983041107,
21, 9.83044326246045e-07, 2.0627782514159118e-06, 0.507251520182284, 0.4498533678758988, 0.019186314679467836, 0.0019933931540909856, 0.0024883724117025752, 0.0019963560217069465, 0.0019968661766668404, 0.0033750764852770645, 0.001997193657625908, 0.0033810801770040163, 0.001993438626213159, 0.0024873635377342337, 0.001996610783459159,
22, 1.5990616595364012e-06, 2.885397405237404e-06, 0.5073501299751181, 0.44992285379788094, 0.019196183297187943, 0.0019738024732916175, 0.002482361487841232, 0.0019767159640198323, 0.0019772855494775998, 0.0033502665899411447, 0.0019775959297280987, 0.0033562417847463532, 0.001973853690603266, 0.0024812166620130655, 0.0019770079304563142,
23, 1.7274901405346826e-06, 2.6975650148950887e-06, 0.5074683268214132, 0.450008006921918, 0.01920003005689074, 0.0019518513415812129, 0.002471546924106829, 0.0019547267237003483, 0.0019553432830734956, 0.00332344548033857, 0.0019556411003419294, 0.0033294038251196795, 0.001951907436279631, 0.002470295463139242, 0.0019550491601042254,
24, 1.8604359823533348e-06, 2.9015237466034233e-06, 0.5075029235271359, 0.45001574208788137, 0.019224479936320402, 0.001942672808828476, 0.0024744325783050305, 0.0019454814195975203, 0.0019461226376068983, 0.00331469254928292, 0.0019464243552739702, 0.0033206339067043374, 0.0019427318369006756, 0.002473055605300661, 0.0019458443829254725,
25, 1.349877304190837e-06, 2.4061049741946225e-06, 0.5075526944679689, 0.45003730926745533, 0.019252349284413828, 0.0019296488841950294, 0.0024747716975125943, 0.0019323849108285156, 0.0019330522951964467, 0.003304510679466404, 0.00193335749623304, 0.0033104173116353906, 0.0019297107508447948, 0.0024732458651700816, 0.0019327907003409187,
26, 5.400526579721497e-07, 1.124854069535087e-06, 0.5076340531792227, 0.4500866465134608, 0.019281661494972846, 0.0019107779767124867, 0.0024667846200978937, 0.0019134304288310503, 0.001914112998630586, 0.0032903628850571814, 0.0019144283104754317, 0.0032962204799525563, 0.001910842121154102, 0.002465132275048363, 0.0019138814040764215,
27, 6.452499602542158e-07, 1.0023079238866588e-06, 0.5077340921249047, 0.4501540472838884, 0.019312491964786464, 0.0018882073811063405, 0.0024528009715561456, 0.0018908273782140728, 0.0018915454714072471, 0.003273032163252131, 0.0018918518372612605, 0.003278815859642424, 0.0018882757791357841, 0.002451060551198143, 0.0018913032706875013,
28, 1.0662775966121244e-06, 1.0471721827594493e-06, 0.5078603049003805, 0.4502458952521429, 0.019331622404499295, 0.0018629410161556167, 0.0024370810425956473, 0.0018655492046530855, 0.0018663106518731628, 0.0032457835857036786, 0.0018665991773421714, 0.003251507428273964, 0.001863014336217305, 0.00243523686235418, 0.0018660402823792127,
29, 1.1968376014596783e-06, 9.789924199534224e-07, 0.5079557516045025, 0.45030952468318536, 0.019365630554784376, 0.0018415137061902123, 0.0024257751435443065, 0.0018440649577676999, 0.0018448472399985772, 0.0032249707013002355, 0.0018451354475936394, 0.003230626121254717, 0.0018415900436221785, 0.0024238075216692074, 0.0018445860380829362,
30, 2.377256091654306e-06, 1.7089520280137068e-06, 0.5080775700023893, 0.4503980038874133, 0.019398492473924892, 0.0018156247300235187, 0.0024109779835944397, 0.001818172383280855, 0.0018189913678905829, 0.0031949528567947827, 0.001819261610432992, 0.0032005556433022018, 0.0018157052038000625, 0.002408905192289652, 0.0018187000539995025,
31, 2.948688567243547e-06, 1.8766933983755993e-06, 0.5082320477122587, 0.4505140211640281, 0.01942233031309318, 0.001785911566196464, 0.0023932580242735876, 0.001788484614171448, 0.0017893280342636028, 0.003154254484338603, 0.0017895814812898387, 0.0031598670256423145, 0.0017859948959210161, 0.002391091844158848, 0.0017890030529494987,
32, 4.03619366678727e-06, 2.3293304686481986e-06, 0.5083237016049164, 0.4505725014271387, 0.019450043011619966, 0.0017665704731596925, 0.002386252974822195, 0.0017691510836432029, 0.0017700062431505127, 0.0031296230920707145, 0.0017702521985794545, 0.003135232980846594, 0.0017666553378043025, 0.0023839770818032853, 0.0017696665629589137,
33, 4.964441086806561e-06, 2.835995279825933e-06, 0.5083866690033233, 0.4506045408729578, 0.019492858348405834, 0.0017505916170962963, 0.0023832754188866647, 0.001753137935177605, 0.001753986152808074, 0.0031110468444681587, 0.0017542400355764825, 0.0031166427332161455, 0.0017506764815749453, 0.00238086873005785, 0.0017536649853118094,
34, 5.393342881867455e-06, 3.172222006484379e-06, 0.508484756541312, 0.450669370438613, 0.019507757132528808, 0.0017315881420210725, 0.002371631443960914, 0.0017340644584549088, 0.0017348893504243478, 0.003090614119362189, 0.0017351626896865327, 0.0030961786115072955, 0.0017316715285007464, 0.00236913676746418, 0.0017346128056184885,
35, 5.544174384437613e-06, 3.521910205406965e-06, 0.5086090713585795, 0.45075850971547404, 0.019512033758573202, 0.0017089561835525475, 0.0023537835636615397, 0.0017113231489884204, 0.001712105284784254, 0.003067540765876319, 0.001712410997369281, 0.0030730547105041793, 0.0017090363146621435, 0.002351205117105744, 0.0017119025891373563,
36, 5.271813936531982e-06, 3.4656059006737073e-06, 0.5087679806392998, 0.4508795306643214, 0.019498204658515695, 0.0016834988369101437, 0.0023337849239794136, 0.0016857087001395927, 0.0016864278934672346, 0.003031425740333427, 0.0016867810962565102, 0.0030369204191631406, 0.0016835740403444077, 0.0023310910341153845, 0.0016863335238431274,
37, 3.6647697134175586e-06, 2.276356466093947e-06, 0.5088552891656405, 0.4509350934281125, 0.019510168693872374, 0.0016675583453332093, 0.0023256552561975847, 0.0016696011171134881, 0.0016702625562040573, 0.0030117767383863745, 0.0016706669409397713, 0.003017249361982285, 0.0016676292526069385, 0.00232282441464672, 0.0016702831936678093,
38, 3.522534796178631e-06, 2.1536199344078033e-06, 0.5089757475639493, 0.4510215624277781, 0.01950129322412139, 0.0016476025205567626, 0.0023100214182651202, 0.0016495083519083966, 0.0016501165223692276, 0.002988735049260774, 0.0016505623526013645, 0.0029941752553406054, 0.0016476690377104602, 0.0023070986695174853, 0.0016502310430655015,
39, 2.8214467999422062e-06, 1.7660685072535908e-06, 0.5090537594213552, 0.45107078713480137, 0.019493335688083622, 0.001634521049429383, 0.0023030069884816913, 0.001636323168027428, 0.0016369174204496708, 0.002976163040448542, 0.0016373847458006788, 0.0029815590698847676, 0.001634586572333153, 0.00229998208753296, 0.0016370856883154016,
40, 1.574757383575971e-06, 1.1251724754193985e-06, 0.5090931311239547, 0.4510858988272731, 0.019486438445699982, 0.0016276241945226487, 0.002304056232152447, 0.0016293483588578242, 0.0016299619637320819, 0.0029731537238579134, 0.0016304345112555896, 0.002978494419941382, 0.0016276916076339329, 0.0023009148903942573, 0.0016301513599679218,
41, 1.0469385093237742e-06, 9.165203569351183e-07, 0.509161877488744, 0.4511286250930452, 0.019456260562328943, 0.0016179169031481976, 0.0022983130305824534, 0.0016195864900531956, 0.001620224492509097, 0.0029678753068940284, 0.0016206942309845967, 0.0029731525009760603, 0.001617986282983514, 0.0022951059446793126, 0.001620417802299112,
42, 7.162324434881146e-07, 5.899391186392998e-07, 0.509256478165658, 0.4511956122998646, 0.019430898073616865, 0.0016027506548468174, 0.0022871591123632784, 0.0016043604286348544, 0.00160502271540882, 0.0029569165755823808, 0.0016054877868489385, 0.0029620992212331908, 0.0016028220684675286, 0.002283867361704958, 0.0016052189540108732,
43, 4.6751667246009717e-07, 4.4197255574442426e-07, 0.5093594467126753, 0.4512708383643595, 0.019430453641766997, 0.0015831459830355783, 0.0022730945877264307, 0.0015846829934448657, 0.0015853633706146167, 0.0029413320814969846, 0.0015858271125534266, 0.002946407529576954, 0.0015832189779596008, 0.0022697084837165656, 0.001585570264610111,
44, 3.222349988682709e-07, 3.744706477297842e-07, 0.5094944276705913, 0.45137588117191485, 0.019408053427538093, 0.0015601397101516494, 0.0022517491228174398, 0.0015616299379613585, 0.0015623345965799337, 0.0029231396589352214, 0.0015627875921633192, 0.0029280969184319245, 0.00156021440496894, 0.002248316469465785, 0.0015625322033585851,
45, 4.969001812193544e-07, 5.043974995822431e-07, 0.509646679811308, 0.4514974945284908, 0.019387588707133113, 0.0015338398335292495, 0.0022249304172395554, 0.0015353235543382584, 0.0015360684806043992, 0.0029020669552632617, 0.0015364951723429094, 0.00290688291073395, 0.0015339177384158635, 0.0022214861661247532, 0.0015362240185551128,
46, 4.591042328027204e-07, 5.488849188005572e-07, 0.5097575201716467, 0.4515810349771152, 0.019299115695132502, 0.0015235076614762595, 0.002211533411585761, 0.0015249613750501175, 0.0015257300458125288, 0.002893568428635506, 0.001526146755964161, 0.0028983024074992637, 0.0015235874880400017, 0.002208109246246268, 0.0015258739378014652,
47, 3.186261676368112e-07, 5.180376779151019e-07, 0.5098854603974613, 0.45168042675564996, 0.019206641907511757, 0.001509771596465405, 0.0021947280840635573, 0.0015112130676229868, 0.0015120069873269689, 0.0028842865247633615, 0.0015124074223629425, 0.0028889196289668853, 0.0015098530183443254, 0.0021913212761326024, 0.0015121262618112748,
48, 2.5035637674984953e-07, 4.881666609327814e-07, 0.5100388483522894, 0.45180356227324164, 0.019099209478835814, 0.001493691851671409, 0.0021760528509632733, 0.0014951386131021446, 0.0014959637940419749, 0.0028667216813783015, 0.001496340304190554, 0.002871262321783253, 0.001493775325259649, 0.0021726507632407657, 0.0014960434606622853,
49, 6.522671725245229e-07, 9.849767793274473e-07, 0.5102119397652755, 0.451945698271277, 0.018992002885455408, 0.001474172196544482, 0.0021509045092650042, 0.0014756736125799566, 0.001476548740226915, 0.0028458764565934998, 0.0014768828039977335, 0.0028502988432410484, 0.0014742594598183545, 0.002147555265497892, 0.0014765495405228578,
50, 1.5036939004704544e-06, 1.7496775420525294e-06, 0.5104137194996728, 0.45211448414625394, 0.018868095088666298, 0.00145197167604293, 0.0021235149460629584, 0.0014535497997811163, 0.001454482706460379, 0.0028155992782174307, 0.0014547647715700692, 0.002819909468097274, 0.0014520633382724272, 0.002120205712073498, 0.0014543857917545422,
51, 2.4032846761513858e-06, 2.577800947898373e-06, 0.5106480867762743, 0.4523134897877578, 0.018721545170006595, 0.0014265424291229716, 0.002088290814175478, 0.001428167309186896, 0.0014291463848028676, 0.0027827653639256197, 0.0014293843618442398, 0.0027869359073607117, 0.0014266375740457859, 0.0020850556269222235, 0.0014289710062475806,
52, 2.6297565939665927e-06, 2.73692311428731e-06, 0.5108985414599079, 0.4525267774371843, 0.018605225536575037, 0.0013949671481571608, 0.0020466245125545534, 0.0013966092126283898, 0.0013976286205109238, 0.002745261975207562, 0.0013978287302591572, 0.002749263255553938, 0.001395065566721839, 0.002043448541621443, 0.0013973909194839934,
53, 2.1963411251277762e-06, 2.524647490132499e-06, 0.5110647333288981, 0.4526628854022843, 0.01852998374245064, 0.001372992711225507, 0.002020106068640215, 0.0013746508062806135, 0.001375718463524422, 0.0027245112754603496, 0.001375882728313984, 0.0027283564996356986, 0.0013730952123176456, 0.0020169416729966852, 0.001375420695212378,
54, 5.3029584385444365e-06, 5.36219807783125e-06, 0.5112124398479487, 0.45278262783112044, 0.018438184828019927, 0.0013560397079546652, 0.0019978729193790797, 0.0013578075599752098, 0.0013589522904814133, 0.002706594077469625, 0.0013590533667798578, 0.002710307696726537, 0.0013561485406500579, 0.0019947742229602314, 0.0013585315505493499,
55, 7.914180479085523e-06, 8.406421381237788e-06, 0.5114025626005222, 0.4529414785197371, 0.018309409480608177, 0.0013357850727145557, 0.0019656822953726706, 0.0013376368600775282, 0.0013388477897620006, 0.002686446989202982, 0.0013388925195928203, 0.0026900072615146067, 0.001335899189382112, 0.0019627096533866234, 0.0013383207628789656,
56, 1.1145348100931505e-05, 1.221532587813547e-05, 0.5116271256028889, 0.4531322220020359, 0.018153936139684846, 0.0013123778866977593, 0.0019246918803417915, 0.0013142853851046844, 0.0013155525865525613, 0.0026640942507833, 0.0013155480678602618, 0.002667474981024553, 0.0013124965373084425, 0.0019218968020958875, 0.0013149367995731465,
57, 1.2044574833642717e-05, 1.248956987325493e-05, 0.511906880048525, 0.4533724781446269, 0.017978719734674214, 0.0012830289738428424, 0.0018778815798320425, 0.0012849598955945402, 0.0012862716682150086, 0.00262592072015971, 0.0012862263665451286, 0.0026291344770737425, 0.0012831512957808407, 0.0018752243690423275, 0.00128558817650638,
58, 1.3103933963890348e-05, 1.3609903461181398e-05, 0.5121424098476555, 0.4535725058767211, 0.017832803477327405, 0.0012579204098987576, 0.0018380117479066503, 0.0012598298481238503, 0.0012611637648056151, 0.002595276034918302, 0.0012610963513874894, 0.0025983233238940726, 0.0012580445687708686, 0.001835449112346655, 0.0012604513923853364,
59, 1.2074786086024087e-05, 1.1235414530796331e-05, 0.5124367523722028, 0.45382506576679515, 0.017668715674343596, 0.001226298675894634, 0.0017920312712005437, 0.0012281494661554005, 0.0012294899827812722, 0.0025465825171890446, 0.0012294110239395879, 0.0025494779756127677, 0.0012264235041799562, 0.001789516728210436, 0.0012287744335195286,
60, 1.295793051034551e-05, 1.150129619486317e-05, 0.5127359101614135, 0.45408281363850383, 0.017546999953397435, 0.0011889502849478843, 0.0017417118096005784, 0.0011907294803710719, 0.0011920680123508973, 0.0024909933283639362, 0.0011919805805603878, 0.0024937140306935278, 0.0011890751741046868, 0.001739237064135476, 0.0011913568494964554,
61, 1.1832545824826402e-05, 1.0503052981232283e-05, 0.513118162672872, 0.454414567792159, 0.017416645097461974, 0.0011397855754806457, 0.0016801103077707857, 0.0011414857234878025, 0.0011428081625115601, 0.002409561229674398, 0.0011427156916184531, 0.0024121382682641083, 0.0011399089931216726, 0.0016776648985822418, 0.0011421095840674948,
62, 1.1418797814962526e-05, 1.0772958386179397e-05, 0.5134432083556295, 0.45469437378746064, 0.017198266118522227, 0.0011100059420258814, 0.0016366449175184887, 0.00111161100192195, 0.0011129079119106856, 0.0023494087477919645, 0.0011128253321211132, 0.002351921280680114, 0.001110127157375991, 0.0016342597542455463, 0.0011122475322419786,
63, 9.819621363169112e-06, 8.792292258134428e-06, 0.5137873457233872, 0.4549905646082796, 0.01698736699175699, 0.0010757401343274677, 0.0015899730497450266, 0.0010772384016026198, 0.0010785040157778706, 0.0022862195229370057, 0.0010784340477854601, 0.0022886440651572757, 0.0010758586130325228, 0.001587609042482102, 0.0010778894676981752,
64, 8.20930163662467e-06, 7.461495673643853e-06, 0.5142373445338158, 0.4553830600006437, 0.016707337244566196, 0.0010306726117288094, 0.0015199873563208083, 0.0010320559696626033, 0.0010332779885123794, 0.002211909633297302, 0.001033220272224803, 0.0022142035712696814, 0.0010307866128273853, 0.0015177609495769689, 0.0010327120553033896,
65, 5.8226748734007355e-06, 6.0279574564236134e-06, 0.5147245470236699, 0.45580943015269293, 0.01632053107390336, 0.0009915157618556956, 0.0014550615129361357, 0.0009927376212537017, 0.0009938974766132015, 0.0021331607155412762, 0.0009938701544005904, 0.0021353927573101303, 0.0009916238082080466, 0.001452962682670498, 0.0009934182244953028,
66, 6.394144174656681e-06, 6.514804414736379e-06, 0.5152716547917048, 0.4562914278811165, 0.015940875494033713, 0.0009417666858119405, 0.0013701846030667432, 0.0009428430786778021, 0.0009439451353785832, 0.002042324602716722, 0.0009439373523215008, 0.002044418151024762, 0.0009418694892630205, 0.0013683098866975392, 0.0009435334974427556,
67, 5.437018385458207e-06, 6.043982359172567e-06, 0.5158132196041189, 0.4567677412864305, 0.015358877973273233, 0.0009120912580052352, 0.0013092469164932056, 0.0009130250720952261, 0.0009140822503359701, 0.0019752737576359167, 0.0009140999287022752, 0.0019773291027437544, 0.0009121902218628198, 0.0013075972086096421, 0.0009137440162405076,
68, 3.1352518502151742e-06, 4.280367315161062e-06, 0.5164250846028947, 0.4573041892445267, 0.014717788732092531, 0.0008781552292995721, 0.0012423811406701366, 0.0008789597147531048, 0.0008799532164554264, 0.001892510479337685, 0.0008800019541680374, 0.0018946228431255705, 0.000878248424232341, 0.0012409929000470343, 0.0008796954954374304,
69, 2.2840100996895703e-06, 3.1419995842221695e-06, 0.5170503692593548, 0.45785312562564584, 0.01409572313626657, 0.0008393704743807061, 0.0011724699317238795, 0.0008400622293218403, 0.0008409931546587772, 0.0018038652860282057, 0.0008410651069116527, 0.0018059816229651178, 0.0008394578227664411, 0.001171287855491859, 0.0008408020805356674,
70, 3.4075423050816837e-06, 3.546433154322399e-06, 0.5177436962710533, 0.45846514177240555, 0.013478826382482049, 0.0007894279471803997, 0.0010800693778175267, 0.0007900372954890817, 0.0007909120093989396, 0.0017012029553025144, 0.0007909928526688039, 0.0017032446778221882, 0.000789510368199858, 0.0010792233346052363, 0.0007907603739886281,
71, 3.889527634936019e-06, 3.757729910065803e-06, 0.5185158567181071, 0.4591487469314334, 0.01266590808551847, 0.0007460478892560592, 0.0009940724049385147, 0.0007465213510935136, 0.0007473200251413547, 0.0015957457731683457, 0.0007474298216545248, 0.0015977878108452332, 0.0007461237353896349, 0.0009935416044882823, 0.0007472501844741013,
72, 4.001541240905366e-06, 4.076548206197902e-06, 0.5191769534534771, 0.45973208985983377, 0.011976649762304392, 0.0007081700308558246, 0.0009196721073898201, 0.0007084690520419273, 0.0007091767444940808, 0.0015062817555445522, 0.0007093309797320133, 0.0015082933886472756, 0.0007082381307733283, 0.0009193756856818871, 0.0007092205546621937,
73, 2.3116733062481783e-06, 3.079780499338598e-06, 0.5197183261394314, 0.46020791627094976, 0.011458440074543252, 0.000673133122540441, 0.0008541414414948669, 0.0006732129183577201, 0.0006738274064447134, 0.0014292037606215568, 0.0006740384234341027, 0.001431158730252021, 0.0006731936822694267, 0.0008540042838370909, 0.0006740118881517057,
74, 1.1397243421393916e-06, 1.8247964267824431e-06, 0.5203658500646254, 0.46078048989468784, 0.010883083998899205, 0.0006289846360276581, 0.0007782901170407346, 0.0006288118825365444, 0.0006293156747091767, 0.0013168655041539683, 0.0006295897828198022, 0.0013187986654214557, 0.0006290362633755901, 0.0007782581895274775, 0.0006296604023041371,
75, 1.3913690427332113e-06, 1.86901395161495e-06, 0.5209220177956333, 0.4612702841030853, 0.010338698791401289, 0.000593070138293904, 0.0007197179336398082, 0.000592770860754978, 0.0005932078796847341, 0.0012325549162479341, 0.0005935066917762896, 0.0012344195195111486, 0.0005931158620527495, 0.0007197488789700782, 0.0005936258440082144,
76, 1.6902677182390299e-06, 2.0755891209959926e-06, 0.5213555540882772, 0.46164868537747883, 0.00986264051382568, 0.0005691112504592687, 0.0006798704931553301, 0.0005686979670886835, 0.00056907670228823, 0.0011763805503865108, 0.000569400882877215, 0.001178176063832511, 0.0005691517636646395, 0.0006799234899141827, 0.0005695645973387528,
77, 2.3063889521871094e-06, 3.0175999901178353e-06, 0.5216725206147927, 0.4619219522591534, 0.009556434733435499, 0.0005479640653949456, 0.0006466721971501657, 0.0005474322765760653, 0.0005477505580773232, 0.0011305427139330039, 0.0005481040128401497, 0.0011322579113975948, 0.0005479994004393648, 0.0006467303668323736, 0.0005483144991946825,
78, 1.5466711691238674e-06, 1.879357434632433e-06, 0.5219818602307732, 0.4621867868296321, 0.009277657443789557, 0.0005253791007608376, 0.0006135811004831415, 0.0005247087016018625, 0.0005249538034772771, 0.001085019430438542, 0.0005253455449058565, 0.0010866490842895552, 0.0005254082341026174, 0.0006136112214544768, 0.0005256128418333773,
79, 6.20920398024595e-07, 9.442197906452189e-07, 0.5222889697717976, 0.4624530938966991, 0.008952857293514093, 0.0005073954046123369, 0.0005851557406230906, 0.0005066311267046376, 0.0005068482913797645, 0.0010442538537049713, 0.000507254787356256, 0.001045809000079785, 0.0005074223721685735, 0.0005851895539828606, 0.000507553365840618,
80, 3.6702343819631983e-07, 5.390688129337407e-07, 0.5226270004531042, 0.4627486456135635, 0.008633765725990877, 0.00048365177088329175, 0.0005471733277856554, 0.0004828057590925204, 0.0004829991368950422, 0.0009967742259078872, 0.0004834130666585726, 0.0009982084835760301, 0.0004836771797595252, 0.0005472417574100882, 0.0004837370069385714,
81, 8.15332137236894e-07, 7.525092574977607e-07, 0.5229278515009886, 0.46301049740959827, 0.008317732481664312, 0.0004647574922835138, 0.0005171453782025749, 0.00046389665563947976, 0.00046408777969045203, 0.0009599045906685152, 0.00046448987337911307, 0.0009612252467239134, 0.00046478279173107817, 0.0005172465949829726, 0.000464813961286999,
82, 1.750454229622832e-06, 1.5364330185179589e-06, 0.5232833679441912, 0.46332306862269756, 0.007986597644070356, 0.00043858809742575535, 0.0004794509460053876, 0.00043774546595547735, 0.00043793994779997347, 0.0009067967640627698, 0.0004383174838315017, 0.0009079994251937642, 0.000438613520533305, 0.0004795986366946472, 0.0004386282137197934,
83, 1.7226062737236779e-06, 1.634199660213249e-06, 0.5235676024867731, 0.46356929055587054, 0.007752339159732672, 0.00041495020900098864, 0.00044697430141078093, 0.00041408907203322625, 0.0004142702674129249, 0.0008621608360070007, 0.0004146397699182073, 0.0008632560786513017, 0.0004149745418844802, 0.00044714172232211344, 0.00041495378957656474,
84, 1.6728907655632883e-06, 1.7105215949514306e-06, 0.5238906508406448, 0.4638499071289383, 0.007500537219388388, 0.0003872777691572343, 0.0004104634164625, 0.00038641914650421836, 0.00038658783794598607, 0.0008058024133165896, 0.00038694382088156026, 0.0008068148089107525, 0.00038730090565364787, 0.0004106567071389083, 0.0003872541708556515,
85, 1.929344069903699e-06, 1.7271409035431196e-06, 0.5242233039947746, 0.4641394368916265, 0.007256170044061538, 0.0003566971865420904, 0.0003725285888165613, 0.00035585249069763496, 0.0003560096841927045, 0.0007465091937561252, 0.0003563467829153574, 0.0007474031483192762, 0.0003567191104060482, 0.00037271674847408527, 0.0003566492460938238,
86, 1.1609946462694018e-06, 9.999063129339152e-07, 0.5245028304073406, 0.46438129361542035, 0.007074433410182643, 0.00032855355758801806, 0.0003391312221578739, 0.0003276790360995186, 0.00032781874725348084, 0.0006954264646589523, 0.0003281499862753276, 0.0006961977794864564, 0.00032857406141497943, 0.00033929054569160026, 0.0003284598615964507,
87, 1.0490238728407935e-06, 1.051160128283948e-06, 0.5248483747539476, 0.4646842216576088, 0.006880793198613983, 0.000291024223510639, 0.00029731317505418225, 0.0002901641732784651, 0.0002902924186726512, 0.0006225359306897075, 0.00029060155284038353, 0.0006231844287201708, 0.00029104349169957743, 0.0002974492892270134, 0.0002909011180082268,
88, 9.477506442520935e-07, 7.926018668130103e-07, 0.525176312732719, 0.4649677229977232, 0.0066543499742653485, 0.0002604838900837282, 0.00026126515675770876, 0.00025968877903695305, 0.0002598086375748136, 0.0005578177245053353, 0.00026009109942339074, 0.0005584250523560827, 0.00026050202506668573, 0.00026142412335532043, 0.0002603670489244651,
89, 5.34864343607234e-07, 3.953903551558737e-07, 0.525459262775857, 0.46521054796003036, 0.006464099701499346, 0.00023355437787961803, 0.00022992834295222937, 0.00023278254644426073, 0.0002328806509330043, 0.0005026134625865671, 0.00023315116271724174, 0.0005031676273621369, 0.00023357034820930013, 0.00023009016643287292, 0.00023342021976817593,
90, 5.207067173031318e-07, 4.1992292010638985e-07, 0.5258133149449443, 0.46551892087584756, 0.006258250961942574, 0.0001972877149670259, 0.0001903256555648421, 0.00019660034519254272, 0.0001966823995515487, 0.00042262799185078414, 0.00019692199027219028, 0.00042315954843651836, 0.00019730157414208832, 0.00019050348546616747, 0.00019716147988815407,
91, 4.483070023327267e-07, 3.4866102966351175e-07, 0.5260879308661967, 0.4657550837613698, 0.006077423073407655, 0.00017072357819147428, 0.0001617177275832969, 0.00017008462286099244, 0.00017014734644066982, 0.0003660036833066467, 0.00017036884903756904, 0.0003664985486851517, 0.00017073514571710346, 0.000161892856468538, 0.00017059256861728716,
92, 3.9055506049505317e-07, 3.5340718189388676e-07, 0.5263628258649381, 0.46599225329726013, 0.005934990061167861, 0.00014036239081466432, 0.0001307022490366522, 0.00013977405947681744, 0.00013981038299973404, 0.00030330837683793723, 0.00014001403474401034, 0.0003037534986631298, 0.000140371065722739, 0.00013086840440505086, 0.00014022194995015033,
93, 3.0672326072232667e-07, 3.1045253051110026e-07, 0.5265740253038949, 0.46617147908426365, 0.005810302854179037, 0.00011823376887354723, 0.00010841789797462161, 0.00011767085057409388, 0.00011768135621646666, 0.0002592091290270726, 0.00011787594710383804, 0.0002596026685081125, 0.0001182396949318007, 0.00010856647189512574, 0.00011807739424712103,
94, 1.4782083486630625e-07, 1.8987912708249088e-07, 0.5267409499630007, 0.4663105452948826, 0.005710124045106302, 0.00010081443605972437, 9.139503100412605e-05, 0.0001002798747771483, 0.00010027764766641696, 0.00022573480324385446, 0.00010046072329200642, 0.00022608112401324522, 0.00010081886262468658, 9.152757324494193e-05, 0.00010065251861739555,
95, 1.8083098990682143e-07, 1.7723980656714454e-07, 0.5268822099830066, 0.4664263166917997, 0.00561588382018775, 8.644624086338027e-05, 7.820393064399256e-05, 8.596522388782563e-05, 8.596156696688174e-05, 0.0002005837499721814, 8.612516352047546e-05, 0.0002008783914121255, 8.644998703465694e-05, 7.83194173682188e-05, 8.629736108054311e-05,
96, 1.0461415303439315e-07, 1.2073474587007156e-07, 0.5269716386174333, 0.4664948871751331, 0.0055511014689517075, 7.813684312211848e-05, 7.073571833706993e-05, 7.767640253340343e-05, 7.766700079697096e-05, 0.00018644313223855477, 7.782278215046331e-05, 0.0001867010646929859, 7.813977748532267e-05, 7.083634266089174e-05, 7.79879233171614e-05,
97, 3.903927109835291e-07, 3.385167221013611e-07, 0.527058301831265, 0.46656153725168953, 0.005478121154843479, 7.11756960066486e-05, 6.412114812389552e-05, 7.075513070728339e-05, 7.074851862905055e-05, 0.00017347543185697084, 7.089034262860631e-05, 0.00017370527233229608, 7.11785421796093e-05, 6.421979245013708e-05, 7.104057553467534e-05,
98, 3.535164451029733e-07, 3.225679242793884e-07, 0.5271118476550415, 0.4665982753081035, 0.005435580189347008, 6.694206479904946e-05, 6.035380648259382e-05, 6.653949201302945e-05, 6.653363296406389e-05, 0.00016608602883111409, 6.666836108209885e-05, 0.00016629290956019361, 6.694481263479325e-05, 6.044774102442496e-05, 6.68115119230765e-05,
99, 3.3940063174085996e-07, 3.1847738490161095e-07, 0.5271623669975759, 0.4666327215464379, 0.005406499910249358, 6.180064904849907e-05, 5.5832734261255174e-05, 6.141564814855544e-05, 6.140922158054542e-05, 0.00015809125880505813, 6.153703556516082e-05, 0.00015826921633944787, 6.180321323156296e-05, 5.592092612268256e-05, 6.16733641830887e-05,
100, 2.791350127316661e-07, 3.3911026397301954e-07, 0.5271894132560226, 0.4666455857397998, 0.005392700563931242, 5.9286651403491594e-05, 5.379644473134517e-05, 5.890391959830806e-05, 5.889434290646382e-05, 0.00015465078627220651, 5.902061689420873e-05, 0.00015480533290305483, 5.9288892718557e-05, 5.387878365917996e-05, 5.915602307097212e-05,
101, 2.8061781580437785e-07, 3.3426251648600167e-07, 0.5272169203424795, 0.4666574708130249, 0.005372778151792485, 5.7492228404362567e-05, 5.2202251446230725e-05, 5.711641586407536e-05, 5.7104475243282574e-05, 0.00015189603653946565, 5.722870778879004e-05, 0.0001520350565686874, 5.74942144643391e-05, 5.228414651544771e-05, 5.736187902920831e-05,
102, 1.8615345625165343e-07, 3.2270590944169676e-07, 0.5272337199150484, 0.4666594206853539, 0.005350125867964644, 5.79040342976602e-05, 5.246201863557479e-05, 5.752169642222433e-05, 5.7504989722234734e-05, 0.00015242760078171337, 5.763162185298439e-05, 0.0001525541225242558, 5.7905623035997416e-05, 5.254495267467858e-05, 5.7767611203988474e-05,
103, 2.0172858631521812e-07, 3.7519615831156276e-07, 0.5272572986775644, 0.46666796420342704, 0.005322269740840065, 5.767359480099024e-05, 5.221490485448625e-05, 5.7289517640552526e-05, 5.7269136227540834e-05, 0.00015121270281022437, 5.739647035582397e-05, 0.0001513283914539033, 5.767486350112196e-05, 5.22969998639451e-05, 5.753347023924245e-05,
104, 3.056534528009873e-07, 4.866117543626379e-07, 0.5272877750819381, 0.4666831694302003, 0.005288858176841586, 5.682212365903047e-05, 5.14727970783875e-05, 5.6440672243051984e-05, 5.6417566670968794e-05, 0.0001482726339709532, 5.654405135195738e-05, 0.00014837900630290798, 5.6823138143791336e-05, 5.155223633417526e-05, 5.668041872868187e-05,
105, 2.1355367514760464e-07, 4.1325567320761636e-07, 0.5273281483623995, 0.4667076754465627, 0.005245788629687618, 5.536059785003312e-05, 5.02099493800197e-05, 5.497821102036723e-05, 5.4950212620654374e-05, 0.0001431121027364537, 5.507702446004371e-05, 0.00014321335181897516, 5.536116357253494e-05, 5.0283412367791755e-05, 5.521432437173868e-05,
106, 1.4170924411680722e-07, 2.9149055351425204e-07, 0.5273749457488021, 0.46673842252852443, 0.005203166311164519, 5.2678046438362554e-05, 4.789898445581543e-05, 5.229882415117083e-05, 5.226606228128117e-05, 0.00013611964082609328, 5.23916803981335e-05, 0.0001362089845796256, 5.267816331132369e-05, 4.796294424172803e-05, 5.252847643324308e-05,
107, 4.451578784118784e-08, 9.839698678247267e-08, 0.5274288114474359, 0.4667759878828704, 0.00516095753010495, 4.867499612333304e-05, 4.4471335973585936e-05, 4.830336777199408e-05, 4.826585939837761e-05, 0.00012710344582333812, 4.8388619877288935e-05, 0.0001271725374641387, 4.867465541838464e-05, 4.452162587018111e-05, 4.852337719631952e-05,
