Optimize time:16.327780669795143
Begin Prob:-13655.450856175463
End Prob:-13598.630193456842
Substitution parameters:[0.21009812266963843, 0.28114519262382925, 0.2792001971885981, 0.22955648751793423, 1.4605244182785033]
Trees:
((4:500.0005407495391,(2:500.0005407495391,3:489.0615775980419):500.0005407495391):388.9148891197624,(1:500.0005407495391,5:388.9148891197624):500.0005407495391);
((2:500.0005407495391,(3:474.441126154878,4:500.0005407495391):500.0005407495391):454.9155732102347,(1:499.58943256979785,5:397.445754196998):449.5767446482944);
((3:500.0005407495391,4:484.45501905155174):314.7818279570656,(5:476.40791172247106,(1:910.458070310897,2:803.69563161646):978.7033284840841):798.3993769274996);
((3:489.0773592149749,4:387.59654181161903):454.9155732102347,(1:386.51177879820636,(2:500.0005407495391,5:404.2125326531262):484.4549677258275):476.40791172247106);
(1:500.0005407495391,(4:500.0005407495391,(3:404.85913430652516,(2:454.9155732102347,5:489.1115916726363):489.112730094662):826.5234882363609):489.1115916726363);
(1:489.06179501729883,((4:489.1115916726363,5:399.56669332252415):500.0005407495391,(2:500.0005407495391,3:798.396149319366):790.23268396176):314.33923909944593);
(1:397.45105299191187,(4:399.56669332252415,(5:500.0005407495391,(2:500.0005407495391,3:500.0005407495391):500.0005407495391):798.3353782244235):793.3325574355131);
((4:500.0005407495391,(3:489.07740073835805,5:500.0005407495391):500.0005407495391):476.4116579852667,(1:484.4551020983181,2:801.638917783755):673.77261894827);
(1:476.15220800477294,(3:500.0005407495391,(4:454.9155732102347,(2:500.0005407495391,5:386.51177879820636):454.9155732102347):399.5667325823899):454.9156483267405);
(1:978.7137850340281,(3:803.69563161646,(5:798.374077874967,(2:500.0005407495391,4:790.23268396176):500.0005407495391):500.0005407495391):500.0005407495391);
((3:500.0005407495391,(2:978.7137850340281,4:500.0005407495391):484.4549677258275):798.374077874967,(1:790.2338223837689,5:489.0773592149749):500.0005407495391);
(1:798.4056476747859,(3:798.374077874967,(2:500.0004999999999,(4:543.3928098119625,5:386.51177879820636):489.06179501729883):489.0773592149749):798.374077874967);
(1:489.06179501729883,((2:489.06179501729883,4:476.41290024902054):476.41290024902054,(3:484.4549677258275,5:799.0391424186413):826.5234882363609):489.1206584606775);
(1:422.3010696437435,(4:454.9155732102347,(2:454.9155732102347,(3:454.9155732102347,5:422.72099941039266):422.6657959895995):489.0773592149749):795.5108264266338);
((3:454.9155732102347,(4:0.730261,5:1.4093):1e-06):0.221405,(1:422.2974995090384,2:423.69097417077677):0.221405);

Position, Posteriors1, Posteriors2, Posteriors3, Posteriors4, Posteriors5, Posteriors6, Posteriors7, Posteriors8, Posteriors9, Posteriors10, Posteriors11, Posteriors12, Posteriors13, Posteriors14, Posteriors15,
0, 0.0016173406294052875, 0.0016173406294052875, 0.004345102937253892, 0.022902343974426028, 0.004575683168984414, 0.004575589259753062, 0.004576097359657601, 0.005643035310238241, 0.004576601801827898, 0.004430988661382666, 0.9219222050076368, 0.0045766783357770275, 0.00442238861977621, 0.004575664812664828, 0.0056429390953420784,
1, 0.0013505684149990788, 0.0013505684149990788, 0.00415735531443594, 0.02277059185843715, 0.004348928009042048, 0.004348831726073613, 0.0043493494453993135, 0.005451884904877469, 0.004349864660838968, 0.004212891980426611, 0.9249532489195125, 0.004349942421289801, 0.004205279015652901, 0.004348908048000226, 0.005451786471064039,
2, 0.0012344172104221337, 0.0012344172104221337, 0.003975220999086119, 0.022653700813994346, 0.004085595813887852, 0.004085495961081071, 0.004086029043103419, 0.0052479195348055325, 0.004086563080248084, 0.00395790999435516, 0.9279813755505372, 0.004086642980219532, 0.003951320767191802, 0.004085572333327667, 0.005247818313347845,
3, 0.0011122581992239144, 0.0011122581992239144, 0.0038368603354835013, 0.02260980632052208, 0.003894346555693171, 0.003894245632218342, 0.0038947832076916726, 0.0051178432629146765, 0.0038953227845227325, 0.0037656376362758493, 0.9301998766308968, 0.0038954033837386086, 0.0037592970269199745, 0.00389432088342588, 0.005117739546213245,
4, 0.0009403012029793954, 0.0009403012029793954, 0.003682468916483168, 0.02253692932308661, 0.0036953194776378276, 0.0036952176302103646, 0.003695758545714609, 0.004947128965285275, 0.003696302749514685, 0.0035662868168390973, 0.9327051615412075, 0.0036963831146973676, 0.003560124264672784, 0.003695293422262226, 0.004947022430734084,
5, 0.0007591206888447206, 0.0007591206888447206, 0.003445053973454597, 0.022399456834798, 0.0035165525040912666, 0.003516452434252562, 0.003516984672733298, 0.004781121678384762, 0.003517520163609117, 0.003389168257707743, 0.9352012186684364, 0.003517598976757863, 0.0033830884188945187, 0.003516527618252995, 0.004781014025616438,
6, 0.00060454737079888, 0.00060454737079888, 0.003186794803860468, 0.022130437461090374, 0.003388712700760917, 0.0033886149217604816, 0.0033891366832423282, 0.004628974104438675, 0.003389661062437081, 0.003265310284499318, 0.937356543863744, 0.0033897383062075777, 0.0032594236421567627, 0.003388689374175918, 0.0046288676533426925,
7, 0.0003832005990894762, 0.0003832005990894762, 0.002938602189049618, 0.021806180466747857, 0.0032524185422050885, 0.003252323272539552, 0.0032528336361871465, 0.004473958498697299, 0.003253345458840765, 0.0031341180017491945, 0.9397617135483471, 0.0032534206289538264, 0.003128434265895184, 0.00325239830025149, 0.004473851593313489,
8, 0.00027188532884635903, 0.00027188532884635903, 0.0027307795859091706, 0.021379135217182894, 0.003142297275063488, 0.0031422043321543743, 0.003142704482308213, 0.004325232482060956, 0.0031432050959933062, 0.003029667141150187, 0.9417860926382283, 0.003143278670191475, 0.0030242254880264393, 0.0031422795393236205, 0.004325126996554717,
9, 0.00018000981728088627, 0.00018000981728088627, 0.0025503092750399203, 0.020990400714101798, 0.0030456182926967314, 0.0030455261343071646, 0.0030460226724174666, 0.004212172064641075, 0.0030465196889307507, 0.002940362735085441, 0.9435232974260509, 0.0030465926699569665, 0.0029354898107447807, 0.003045601484271239, 0.0042120669979070855,
10, 0.0001727472212050652, 0.0001727472212050652, 0.0025009692786100504, 0.020548927270395614, 0.0029538475031803285, 0.002953752970977568, 0.002954261282931186, 0.00409419984686224, 0.0029547720163063023, 0.00285557566498365, 0.9449839688208872, 0.0029548468673494706, 0.002851459009999032, 0.0029538288621949868, 0.004094095763592071,
11, 0.00016412624696675023, 0.00016412624696645166, 0.0024125040345128767, 0.020071398067325025, 0.0028582733872880247, 0.002858177816269055, 0.0028586910127460724, 0.003975208406859907, 0.002859208075320458, 0.002767618384178902, 0.9465538561489829, 0.0028592839413226346, 0.002764168128463928, 0.0028582534696165243, 0.0039751062344519405,
12, 0.0001415086670019119, 0.0001415086670019119, 0.0022928385726415927, 0.019637151880646093, 0.002757762607121676, 0.002757666325625601, 0.0027581817409078235, 0.0038592392762226953, 0.0027587023753350417, 0.002677127000080166, 0.9481680963085483, 0.00275877867981071, 0.00267455750729626, 0.002757741654752712, 0.003859138339640029,
13, 0.00012900284539190567, 0.00012900284539190567, 0.0022002443035618233, 0.01926737492486765, 0.002651492188905483, 0.0026513959518359997, 0.00265191044869682, 0.003740997135049234, 0.00265243092788924, 0.002580343425726153, 0.9497223587642883, 0.0026525075259805184, 0.002578570126441444, 0.0026514699995496007, 0.0037408981877272004,
14, 0.00010504557115568512, 0.00010504557115549404, 0.0021028324208005648, 0.018933304431520536, 0.002546587791188714, 0.0025464919720555325, 0.0025470031714496257, 0.0036371089716158195, 0.0025475206633275914, 0.002480391642806537, 0.9512384859995232, 0.002547596921250273, 0.0024790082855233237, 0.002546565470952735, 0.0036370107159698754,
15, 7.005257641334238e-05, 7.005257641321496e-05, 0.0020002163466607873, 0.018477142427857512, 0.0024642981918635096, 0.0024642029573877446, 0.0024647105339591214, 0.003539249272469593, 0.0024652241741404657, 0.002404365012015335, 0.9527082816145477, 0.002465299908274653, 0.002403475652674029, 0.002464276329502941, 0.0035391520252964913,
16, 5.176160922564393e-05, 5.176160922564393e-05, 0.0019287312962508398, 0.018099568809729336, 0.002377154410552427, 0.002377060380857664, 0.002377561957332198, 0.0034403556863604346, 0.002378068850228331, 0.002322818974412894, 0.9540772830912198, 0.002378144034629933, 0.002322336011017697, 0.0023771327111042073, 0.003440260166474775,
17, 3.305788739783445e-05, 3.305788739783445e-05, 0.0018789964864958258, 0.017845663290286036, 0.0023187664800209417, 0.002318673822792538, 0.002319168998859341, 0.0033824806880891414, 0.0023196682793332705, 0.002265694863905368, 0.9549985813411039, 0.0023197428321344916, 0.002265315655575869, 0.002318745028389135, 0.003382386057623963,
18, 2.3346751001322307e-05, 2.3346751001322307e-05, 0.00185178327689265, 0.017686120536406343, 0.0022816449575964216, 0.002281553710964925, 0.0022820425761206097, 0.0033530238629117873, 0.0022825343050764933, 0.00222879145218177, 0.9555602454777306, 0.002282608299525795, 0.0022284040405771226, 0.0022816237139191018, 0.0033529298870235325,
19, 2.2491428932398974e-05, 2.2491428932398974e-05, 0.0018434558912309234, 0.01753142484717864, 0.002238633964898106, 0.0022385435898165146, 0.002239028811075783, 0.0033206656130322664, 0.00223951632161657, 0.002185741650349165, 0.956133868764981, 0.002239590214169037, 0.0021853626219688446, 0.0022386121949576486, 0.003320572256976077,
20, 3.565813565648823e-05, 3.565813565642337e-05, 0.0018858093530669728, 0.01734434744975126, 0.0021968506998613353, 0.002196759452784228, 0.002197249539089016, 0.003284443614248387, 0.0021977424065588924, 0.0021439456493611794, 0.9566588361009676, 0.0021978175527329756, 0.0021437034129553555, 0.002196826920130915, 0.0032843511757821345,
21, 4.8968712935095016e-05, 4.8968712935095016e-05, 0.0019008065042778535, 0.017120241249705605, 0.0021551345420157647, 0.002155043160374277, 0.002155534576652498, 0.0032282615137911395, 0.0021560290220328303, 0.0021025952079999086, 0.9572865882847353, 0.0021561050000071676, 0.0021024422399624778, 0.0021551091232664557, 0.0032281717505347773,
22, 5.446684775797204e-05, 5.446684775797204e-05, 0.001904284179196969, 0.016869699252847117, 0.0021078747507471914, 0.0021077838308268025, 0.002108273940551296, 0.003170823452042741, 0.0021087670721556396, 0.002056867619819102, 0.9580124005143318, 0.002108843423497069, 0.0020568638108471368, 0.002107848264281828, 0.0031707357928609666,
23, 5.6151053176305303e-05, 5.6151053176305303e-05, 0.0019099660950604083, 0.016670911995969345, 0.0020640192350425317, 0.0020639289512153513, 0.0020644168745628244, 0.003125558479990785, 0.0020649074128252297, 0.0020099877239989758, 0.9586497783074539, 0.0020649839154791034, 0.002009774347395538, 0.002063992010550009, 0.0031254721433119394,
24, 5.6436850358865564e-05, 5.643685035876291e-05, 0.001922985354059448, 0.01653789520404802, 0.0020366799900476424, 0.0020365904330815862, 0.0020370758062864046, 0.0031039936702389765, 0.0020375630863473638, 0.0019782932573067357, 0.9590400752434163, 0.0020376396280412097, 0.001977773925532744, 0.0020366522392047, 0.0031039080604022347,
25, 5.534305980118924e-05, 5.534305980118924e-05, 0.0019200666904753071, 0.0163569005846046, 0.002013863198969264, 0.0020137748568076065, 0.002014255471996781, 0.0030840131813002227, 0.0020147370441212053, 0.0019518475284941625, 0.9594562462695989, 0.0020148133473202505, 0.0019510313709497507, 0.002013835275756712, 0.003083928660477625,
26, 4.9144151460304906e-05, 4.9144151460304906e-05, 0.0019060085056376262, 0.016195089279502792, 0.0019894712870561753, 0.0019893843539749347, 0.0019898588268544536, 0.0030657602423844825, 0.0019903331489917937, 0.001924711231935588, 0.9598818855984259, 0.001990408935647139, 0.0019236800162741052, 0.001989443379663624, 0.0030656764913018887,
27, 4.570933859481548e-05, 4.570933859481548e-05, 0.0018585463441224553, 0.016038671402471442, 0.001960001342876406, 0.001959916077506245, 0.001960382685061766, 0.00303593073577105, 0.001960848436569977, 0.0018923181753188357, 0.9603942134483661, 0.001960923427292116, 0.0018910070318228006, 0.001959973456427815, 0.0030358483599785997,
28, 4.4459159890429885e-05, 4.4459159890429885e-05, 0.001827515706510711, 0.015872703454266585, 0.0019261826318404647, 0.0019260987236807718, 0.0019265593083537835, 0.002993444196371089, 0.0019270184726150055, 0.0018544086178574623, 0.9609577445575345, 0.0019270930441660377, 0.0018527945303064496, 0.0019261541605346574, 0.0029933638775064245,
29, 4.1118066108587214e-05, 4.111806610851242e-05, 0.001799730320692745, 0.015681893665317782, 0.0018815625953333883, 0.0018814799884142698, 0.001881934250314494, 0.002926363120368767, 0.0018823861990932094, 0.001807325406041614, 0.9616792771122676, 0.0018824601338085765, 0.0018055315293268464, 0.0018815337445247605, 0.0029262854015155346,
30, 3.552916807655429e-05, 3.552916807655429e-05, 0.0017775636188478306, 0.015458601742190582, 0.0018235000996503674, 0.0018234186668089698, 0.0018238665094441487, 0.0028253057327934043, 0.0018243107808290989, 0.0017490241559176467, 0.9626030478286496, 0.0018243838605194835, 0.0017472156919919263, 0.0018234711198763657, 0.0028252314548444773,
31, 3.417593818141138e-05, 3.417593818128705e-05, 0.0017316553617137491, 0.015250225229569031, 0.0017602997178802987, 0.0017602193913734882, 0.001760660353942112, 0.0027191654652679114, 0.0017610972543947356, 0.0016854882872649848, 0.9635786895796864, 0.0017611693614903341, 0.001683612372705766, 0.0017602703720183788, 0.002719094975840451,
32, 2.7377438723198987e-05, 2.7377438723099386e-05, 0.0016748696863622223, 0.015057108403805012, 0.001694081352452595, 0.0016940025089788803, 0.0016944345471467774, 0.002618907973712851, 0.0016948617675390677, 0.001620400770496494, 0.9645701594921743, 0.0016949326010398912, 0.0016185931438348884, 0.0016940518328801707, 0.002618840640544054,
33, 2.201850953231409e-05, 2.2018509532113833e-05, 0.001611816886726258, 0.014746962785931203, 0.0016499193458408951, 0.0016498419388215335, 0.0016502660791724568, 0.0025277923786680024, 0.001650684547117661, 0.0015781484035703366, 0.9654857121353877, 0.0016507543700647798, 0.0015764444553115948, 0.0016498898743634528, 0.0025277293776612433,
34, 2.989621083806946e-05, 2.9896210837851938e-05, 0.001611445094150512, 0.014392058255421347, 0.0016086782599125265, 0.0016086004589212386, 0.0016090256656457996, 0.002433504605625228, 0.0016094454590880117, 0.00153873029602393, 0.9663398581623834, 0.001609515688881347, 0.0015372515079011744, 0.0016086473165027512, 0.0024334464057001047,
35, 3.706000752463762e-05, 3.706000752436797e-05, 0.001582842504212787, 0.014020795575301835, 0.001566360863787708, 0.001566283472663457, 0.0015667058382400707, 0.00232695881149945, 0.0015671228150117282, 0.001498412322922206, 0.9672728758948503, 0.0015671929708017118, 0.0014970926561540694, 0.0015663288552998837, 0.0023269070016026347,
36, 4.5194471438794213e-05, 4.519447143846538e-05, 0.001553395454378709, 0.013641048619658322, 0.0015139702974960724, 0.001513893462086788, 0.0015143121829002825, 0.0022126922219247044, 0.0015147259887076082, 0.0014494950396432575, 0.9683063041084143, 0.0015147957594922807, 0.0014483942154687542, 0.0015139376435024691, 0.0022126456573899633,
37, 4.814933142319209e-05, 4.814933142284176e-05, 0.0015100838639346423, 0.01331537428070696, 0.0014633259335219526, 0.001463249950330278, 0.0014636633317303461, 0.002108429920944346, 0.0014640722488117094, 0.0013996183262249572, 0.969281585739824, 0.0014641411507632963, 0.001398475639095973, 0.0014632933385866254, 0.002108387208712663,
38, 4.7703624169751556e-05, 4.770362416940447e-05, 0.0014596763109562595, 0.012979422699970707, 0.0014023767500213093, 0.001402302023993643, 0.0014027080009086962, 0.001996957616175309, 0.0014031102706553889, 0.0013412270584202495, 0.9703742666359666, 0.0014031777329064517, 0.0013401047425886557, 0.0014023450286881685, 0.0019969174751583857,
39, 5.432799007084397e-05, 5.432799007034986e-05, 0.0014389719453043797, 0.01272026599232447, 0.0013565940824573155, 0.001356520305045485, 0.0013569208374805694, 0.0019150878318512127, 0.0013573182510883788, 0.0012969948953955735, 0.9711678188370915, 0.0013573847476609847, 0.0012958532300543877, 0.0013565627766744849, 0.0019150498816874705,
40, 5.937326102388407e-05, 5.937326102334407e-05, 0.001387137834823264, 0.0124492931486215, 0.0013092956205501874, 0.0013092235601955132, 0.0013096147098891895, 0.0018223051543932848, 0.0013100031186274812, 0.0012514199295050993, 0.9720411628419596, 0.0013100681005129284, 0.001250193419869284, 0.0013092651619804798, 0.0018222704726568646,
41, 6.882964833084527e-05, 6.882964832996885e-05, 0.0013376282483430113, 0.012226733173517374, 0.0012593137409521295, 0.0012592438698638122, 0.0012596235092029555, 0.0017334543167810599, 0.0012600006373612873, 0.0012027328071305405, 0.9728694892621941, 0.0012600638906580847, 0.0012013497502341751, 0.0012592841331646584, 0.0017334229592818192,
42, 8.844230265070496e-05, 8.844230264957884e-05, 0.0012577521524440472, 0.012014963604438956, 0.0012041008800687256, 0.001204033239673953, 0.0012044004719394949, 0.0016387703744035354, 0.001204766135783722, 0.0011488293197488193, 0.973750620298308, 0.0012048274795181605, 0.0011472363478371448, 0.0012040719870045245, 0.0016387427005174864,
43, 0.0001024466912879049, 0.00010244669128660046, 0.0011688035720442153, 0.011800437861240716, 0.0011408245233499985, 0.001140759300796231, 0.0011411135045568319, 0.0015176355727660317, 0.0011414670993597864, 0.0010850678526303885, 0.9747759138789254, 0.0011415265162450896, 0.0010831473380033573, 0.0011407960147084514, 0.0015176131796138961,
44, 0.00011043860699674626, 0.00011043860699534005, 0.0011007000043766638, 0.011642621458884152, 0.0010924946490850872, 0.0010924315467847172, 0.001092774171963462, 0.001432330152195078, 0.0010931167927598624, 0.001037766901346801, 0.9755412520798793, 0.001093174387895094, 0.0010356825044704125, 0.001092466886245926, 0.0014323108466677537,
45, 0.00011917878479325136, 0.00011917878479195065, 0.0010314260145198855, 0.011516706209811704, 0.0010590411874219505, 0.0010589801642544926, 0.0010593116974331673, 0.0013728835034641062, 0.001059643437231597, 0.0010048654646870256, 0.976104615492558, 0.0010596993630780942, 0.001002588493211977, 0.0010590142247827168, 0.0013728667770397315,
46, 0.00014332650525837996, 0.0001433265052568157, 0.0009764943935374294, 0.011358817620643419, 0.0010192561626947284, 0.0010191972064839201, 0.0010195176902011254, 0.0013085494786011195, 0.0010198387387388066, 0.0009660164814002721, 0.9767144382438059, 0.001019893158080428, 0.0009635619365194945, 0.001019229722805682, 0.001308535755291601,
47, 0.0001991168724953098, 0.00019911687249277448, 0.0009464991850023079, 0.011230506587175282, 0.000987145972608559, 0.0009870887545404793, 0.00098740007742792, 0.0012580440867602008, 0.0009877122628610968, 0.0009343289029695376, 0.9771184302944244, 0.0009877655255485672, 0.0009316914339861648, 0.0009871197711417625, 0.0012580330012523172,
48, 0.00024341495037767734, 0.00024341495037502072, 0.0009279271936939865, 0.011126009966977398, 0.0009643573834844835, 0.0009643014941444033, 0.0009646060253019054, 0.0012225706865142143, 0.0009649114991557475, 0.0009111096856917497, 0.9774072131217707, 0.0009649639670106723, 0.0009083059125791632, 0.0009643311813846029, 0.0012225615803352896,
49, 0.00027144435575927607, 0.00027144435575631354, 0.0008894374370897885, 0.011026681525903023, 0.0009389493064510619, 0.0009388950365959259, 0.0009391910385513301, 0.0011806782683343423, 0.0009394880158875873, 0.000885638323963621, 0.9777763335933712, 0.0009395393692688794, 0.0008826843105687769, 0.000938923276952909, 0.001180671384573573,
50, 0.00028522923389408413, 0.00028522923389097117, 0.0008434557027599371, 0.01092806736426113, 0.0009101183197305677, 0.0009100659702113342, 0.0009103516798269841, 0.0011348036309074424, 0.0009106381492043925, 0.0008568336996172064, 0.9782159246643859, 0.0009106880292482993, 0.0008537022263430946, 0.0009100928612995094, 0.0011347988350001934,
51, 0.00029862277637514133, 0.00029862277637242535, 0.0008099906434723706, 0.01085055828013782, 0.0008889844598287093, 0.0008889334010482465, 0.0008892118419387191, 0.0011046107311838244, 0.0008894910878256011, 0.0008338253113789884, 0.9785336617873659, 0.000889539819785295, 0.0008303800793963432, 0.000888959634658667, 0.0011046069705583994,
52, 0.0003042639833970441, 0.00030426398339372337, 0.0007753142168403178, 0.010782082060519425, 0.0008635678882571879, 0.0008635184763943303, 0.0008637878719893788, 0.0010735795991166587, 0.0008640580789747345, 0.0008075714234643849, 0.9788928971796408, 0.000864105351512313, 0.0008038689011553608, 0.0008635440321018079, 0.0010735765554812776,
53, 0.0003072095976235572, 0.0003072095976207631, 0.0007458100144692375, 0.010709852180944588, 0.0008348822799050041, 0.0008348344056521298, 0.0008350954211322363, 0.001041154416700611, 0.0008353573366577582, 0.0007780593082122288, 0.9792849514432612, 0.0008354032860914649, 0.0007741693046171295, 0.0008348589928187352, 0.0010411520168806092,
54, 0.0003073154369541869, 0.0003073154369513919, 0.0007249838866639238, 0.0106025000851108, 0.0008121813666244937, 0.000812134641001389, 0.0008123893819725459, 0.0010100113167118294, 0.0008126450911629437, 0.0007553981504208895, 0.9796568510426634, 0.0008126899748978042, 0.000751415655786065, 0.0008121586770249411, 0.0010100094584134158,
55, 0.00031902304412244624, 0.00031902304411954475, 0.0006999966482810577, 0.01047644823951847, 0.000786739329975238, 0.0007866937454694444, 0.0007869420528537704, 0.0009660891214906282, 0.0007871916586947677, 0.000730118517289629, 0.980075652436994, 0.0007872354362303589, 0.0007260407029856618, 0.0007867171582071692, 0.0009660884678556572,
56, 0.00032261378171688504, 0.00032261378171395086, 0.0006742371110083209, 0.010326913557537926, 0.0007587122872194354, 0.0007586679250638914, 0.000758909631088517, 0.0009206274421965406, 0.0007591529243179352, 0.0007030282363625124, 0.9805570584172218, 0.000759195608388894, 0.0006989504426393083, 0.0007586905535414145, 0.0009206279016280119,
57, 0.00032810700475602853, 0.0003281070047530444, 0.0006425698439870686, 0.010147269001216845, 0.0007285783325946264, 0.0007285355809932213, 0.0007287687728077128, 0.0008611519886729619, 0.0007290036336584792, 0.0006741118022025886, 0.9811150170291537, 0.0007290449922230975, 0.0006700227361251203, 0.0007285571668763844, 0.00086115471018169,
58, 0.00032302114299005854, 0.0003230211429865331, 0.0006003376970805815, 0.009986133966756091, 0.0006972993434501735, 0.0006972583914543016, 0.0006974819184641417, 0.0008039381610163647, 0.0006977071049236824, 0.0006447420627898761, 0.9816893883285471, 0.0006977469156356833, 0.0006407017457280488, 0.0006972789040197843, 0.0008039427755478297,
59, 0.00032124546201301845, 0.0003212454620095124, 0.000559329829922582, 0.009859268379134875, 0.0006772301948127311, 0.0006771908753452161, 0.0006774058500268914, 0.0007659658459882803, 0.0006776223007326057, 0.000625883855723066, 0.9820949385396798, 0.0006776608182998265, 0.0006218297135062785, 0.0006772104462767581, 0.0007659720297270115,
60, 0.00031365279187366434, 0.0003136527918708117, 0.0005220873528346976, 0.009758261535505925, 0.0006584646837663882, 0.0006584269815148219, 0.0006586335147258663, 0.0007344807604923242, 0.0006588411558311324, 0.0006064054664508198, 0.9824630911443101, 0.0006588783700781164, 0.0006021892602186054, 0.0006584457341912078, 0.0007344880577886371,
61, 0.0003045226503580491, 0.0003045226503547256, 0.0004970093674155918, 0.0096725247654626, 0.0006450543177529236, 0.0006450179600380563, 0.0006452174242337478, 0.0007114678868595036, 0.0006454176364559663, 0.0005927755933999032, 0.9827460653152447, 0.0006454536934651498, 0.0005884382692477762, 0.0006450362489191083, 0.0007114758221269257,
62, 0.0002924613795277677, 0.0002924613795251078, 0.00047871025217076656, 0.00957185158538585, 0.0006294409813024196, 0.0006294059602325912, 0.0006295982514059517, 0.0006824112432889802, 0.0006297908459967098, 0.0005776055184284876, 0.9830714106748418, 0.000629825630662447, 0.0005731821397490783, 0.0006294240418778075, 0.0006824197172690812,
63, 0.00028602237472460614, 0.00028602237472200476, 0.00045820589111006697, 0.00948202859878039, 0.0006192864703196269, 0.0006192526424456412, 0.0006194385037373289, 0.0006621757881941, 0.0006196242710126448, 0.0005676888341468624, 0.9833159792490781, 0.0006196579526137446, 0.0005631613204807158, 0.0006192705253088721, 0.0006621848045347712,
64, 0.00027991188216964846, 0.0002799118821665935, 0.0004381457054664178, 0.009400996758497105, 0.0006106845204485397, 0.0006106516650442211, 0.000610832107293171, 0.0006467158513183449, 0.0006110121715571804, 0.0005595556308067176, 0.98352817451777, 0.0006110449132945626, 0.000554967359355789, 0.0006106693707107039, 0.000646725264547965,
65, 0.00028463399404670314, 0.00028463399404359663, 0.00042833780178913437, 0.0093591588212965, 0.0006074286232893815, 0.0006073966481778727, 0.0006075723641196239, 0.0006395647509466219, 0.0006077473622234245, 0.0005562993518430124, 0.9836108449964318, 0.0006077793552348103, 0.0005516128375352451, 0.0006074140959051893, 0.0006395746044408587,
66, 0.00028683864413209503, 0.00028683864412844273, 0.0004206032343864804, 0.009326240130776977, 0.0006059274175337014, 0.0006058961068005763, 0.0006060680510208128, 0.0006365704374115125, 0.0006062390430055638, 0.0005552169891484254, 0.9836643051717244, 0.0006062704420418827, 0.0005504913282787903, 0.0006059133191100352, 0.0006365806409766854,
67, 0.0002832521322759008, 0.00028325213227229414, 0.0004126193823891815, 0.009281300821780752, 0.0006031507664328496, 0.000603120138020105, 0.0006032882971667988, 0.000633050678059303, 0.0006034552241965842, 0.0005532810972020713, 0.9837519767963995, 0.0006034860439309805, 0.0005485678522644662, 0.0006031370503229274, 0.0006330611866950705,
68, 0.00029530232080969706, 0.000295302320805937, 0.0004075689577380802, 0.009237204867054325, 0.0006010744058277911, 0.0006010441232450792, 0.0006012100008869825, 0.0006325497846508044, 0.0006013746522666147, 0.0005520115074133231, 0.9837930114735481, 0.00060140513513172, 0.0005473186553402117, 0.0006010608153665296, 0.0006325605783995906,
69, 0.000297820015329057, 0.00029782001532472317, 0.0003985890774556778, 0.009195270469388738, 0.0005972694910914894, 0.0005972396890186191, 0.0005974026460463383, 0.0006304228813588448, 0.000597564300029394, 0.0005490567455205635, 0.9838718665141525, 0.0005975943506687387, 0.0005443933862292223, 0.0005972560685425673, 0.0006304339488504008,
70, 0.00030287775936491996, 0.0003028777593610634, 0.00038288723403673514, 0.009146264974432402, 0.0005926749768958371, 0.0005926458800980867, 0.0005928048668726246, 0.0006279672568207485, 0.0005929624166011097, 0.0005454073847967893, 0.9839662351171315, 0.0005929919111717832, 0.0005407615558866112, 0.0005926618235524482, 0.0006279786835964919,
71, 0.0003188926990661214, 0.0003188926990614809, 0.0003768519382821012, 0.009106730286850214, 0.000590862712756602, 0.0005908340327984066, 0.0005909904513084439, 0.0006296671710936353, 0.0005911454307834655, 0.0005434255559002792, 0.983991283228521, 0.000591174554230842, 0.0005387202651345632, 0.0005908497441847506, 0.0006296788296542913,
72, 0.00033235643181214487, 0.000332356431807913, 0.0003666809061522771, 0.00907225509774115, 0.0005878222824709416, 0.0005877940457580575, 0.0005879476765709809, 0.0006314381070769702, 0.0005880999444202658, 0.0005401267313868059, 0.984030382769618, 0.0005881286299173197, 0.0005353510974065925, 0.0005878095565229198, 0.0006314498919543728,
73, 0.0003458233037680371, 0.00034582330376363375, 0.0003488066430300614, 0.009023593801617035, 0.0005840947676152357, 0.0005840672105013176, 0.0005842169298860918, 0.0006331329995627739, 0.000584365266455977, 0.0005362808594113836, 0.9840967499925123, 0.0005843933870647376, 0.0005314237128508817, 0.0005840823970048793, 0.0006331450239794735,
74, 0.0003548984894710314, 0.0003548984894665125, 0.0003352588785197817, 0.008993967773493193, 0.0005838563992009576, 0.0005838294942416896, 0.000583975413815825, 0.0006402484508513964, 0.0005841198754167466, 0.0005362283763392674, 0.9841091609828644, 0.0005841474288228816, 0.000531304456007232, 0.0005838444809529923, 0.0006402606124376779,
75, 0.00036289245328983847, 0.00036289245328521776, 0.0003257511510040975, 0.008964992646340429, 0.0005848970580104847, 0.0005848705623976599, 0.00058501383578662, 0.0006501340874008273, 0.0005851556778771801, 0.0005378235601545276, 0.9841024651655021, 0.0005851828619014149, 0.0005328963908204723, 0.0005848853289430402, 0.000650146371488134,
76, 0.0003677189638078241, 0.00036771896380314196, 0.00031968707556610283, 0.008913393358325142, 0.0005888740683204463, 0.0005888478324083973, 0.0005889892960689157, 0.0006606660835661535, 0.0005891293443218626, 0.0005426984011225924, 0.9840957684843475, 0.0005891562923542184, 0.0005378104562474332, 0.0005888624450248401, 0.0006606785383783693,
77, 0.0003742949880877247, 0.0003742949880836397, 0.00031328946325701246, 0.008860955717123638, 0.0005899876343351564, 0.0005899617058005202, 0.0005901011257534792, 0.0006698559517795381, 0.0005902392659401482, 0.0005450985149925038, 0.9841115402653291, 0.0005902658709805974, 0.0005402695378573243, 0.000589976271875104, 0.0006698683015305026,
78, 0.0003772278045460665, 0.0003772278045412633, 0.00030609478850393584, 0.008808467039145116, 0.0005889224820070509, 0.0005888968390959277, 0.0005890344396092212, 0.0006737159535661175, 0.0005891709034815748, 0.0005448281761856443, 0.9841645330793862, 0.0005891972172383707, 0.0005400435245063034, 0.0005889112383110159, 0.0006737283119258384,
79, 0.00037564268643982407, 0.000375642686435041, 0.0002972277953883884, 0.008748708149540896, 0.0005873077588747106, 0.0005872824194155291, 0.0005874180324619374, 0.0006741803510419026, 0.0005875526923032835, 0.0005440043877386501, 0.9842467136644425, 0.0005875786159965162, 0.0005392509102797313, 0.0005872968088673599, 0.0006741926435839421,
80, 0.0003675753189091267, 0.00036757531890511497, 0.00028536614908492166, 0.008702713914877471, 0.0005848789504194011, 0.0005848540231350354, 0.0005849871875856253, 0.0006737297513438748, 0.0005851195303017796, 0.000541449194122473, 0.9843413329887337, 0.000585144988657656, 0.0005366620047927999, 0.0005848683275838126, 0.0006737419528842419,
81, 0.00035261987008146335, 0.0003526198700769735, 0.0002702315369425919, 0.008670183095108131, 0.000581664321306602, 0.0005816399099561094, 0.0005817701945751185, 0.000672389867156333, 0.00058189974426872, 0.0005370815653218974, 0.9844497325256988, 0.0005819246609024895, 0.0005321864411477003, 0.0005816540634968136, 0.0006724019381954783,
82, 0.00033640677799775783, 0.0003364067779934744, 0.0002461694128649178, 0.008619624755808256, 0.00058022124207894, 0.0005801975563379623, 0.0005803240553184339, 0.0006715191039041243, 0.0005804497902083752, 0.000534593700027645, 0.9845722948777935, 0.0005804740787014424, 0.0005295747831046348, 0.0005802114756290189, 0.0006715312167144965,
83, 0.00033344020852847525, 0.0003334402085242296, 0.00023151983647982463, 0.008598710299947777, 0.0005827161202054248, 0.0005826931977093566, 0.0005828158622301077, 0.0006766541818334999, 0.0005829376452831277, 0.0005357096926536074, 0.9845864991394675, 0.0005829613681929053, 0.0005305286000840054, 0.0005827067759169656, 0.0006766664708348207,
84, 0.0003230981019697275, 0.0003230981019656135, 0.00021534503394211814, 0.00858240934958926, 0.000583005434003652, 0.0005829834073340739, 0.0005831015921116858, 0.0006813589714794829, 0.0005832187411656379, 0.0005351742003052263, 0.984629729051808, 0.0005832417736179816, 0.0005298679155323697, 0.0005829966490699359, 0.0006813712839288411,
85, 0.0003017463919414766, 0.0003017463919376345, 0.0001935558096381483, 0.008563787261024476, 0.0005815300406766981, 0.0005815090713476991, 0.0005816219700407535, 0.0006859037483889974, 0.000581733587252833, 0.0005330951908996515, 0.984716897540837, 0.0005817558099160933, 0.0005276788490697284, 0.0005815218980981439, 0.0006859160464543394,
86, 0.0002893275977324504, 0.0002893275977287664, 0.00017791204783487147, 0.00853985684322355, 0.0005774044335870702, 0.0005773844499094833, 0.0005774924311389212, 0.0006887278784193325, 0.000577599048997254, 0.0005288649938456526, 0.984808965130103, 0.0005776204685673405, 0.000523379772842498, 0.0005773969639327416, 0.0006887399502004747,
87, 0.0002835076962054929, 0.00028350769620188304, 0.00016696347264881902, 0.008510806558633807, 0.0005706869227573277, 0.0005706678681729605, 0.0005707712269580377, 0.0006900125767697553, 0.0005708733076923534, 0.0005225460616148394, 0.9849110257521522, 0.000570893917842205, 0.0005170321658447192, 0.0005706801706224658, 0.0006900242150159441,
88, 0.00027170263619489643, 0.0002717026361914369, 0.00015653583173973914, 0.008492843554646494, 0.0005680085892916421, 0.0005679904316815177, 0.0005680892898329442, 0.000697136271790842, 0.0005681868702565544, 0.0005202659536198993, 0.984969461526826, 0.0005682066857357305, 0.0005147193452242157, 0.0005680026007420601, 0.0006971473829765717,
89, 0.0002696333606066382, 0.000269633360603205, 0.00015305526495255342, 0.008463896877756043, 0.0005659875343501484, 0.0005659699800089437, 0.000566065719657873, 0.0007034740222131764, 0.0005661603215759716, 0.0005188687122142553, 0.9850082975174491, 0.0005661794947029826, 0.0005133107103160517, 0.000565982265256842, 0.0007034844659229554,
90, 0.0002804779970660898, 0.00028047799706302866, 0.00015538967686214795, 0.008426942653104182, 0.0005604449898903071, 0.0005604279366899411, 0.0005605211446224294, 0.0007041704401882776, 0.0005606133582038786, 0.0005141068447421338, 0.9850626062845785, 0.0005606320316227918, 0.0005085676068668551, 0.0005604402287107937, 0.0007041804192662588,
91, 0.0002833601863752095, 0.0002833601863716015, 0.00015456023191780623, 0.00838763064757765, 0.0005536394928627727, 0.0005536230548424126, 0.0005537131469592119, 0.0007002320818141093, 0.0005538023517666004, 0.0005078440361872277, 0.9851582367197317, 0.0005538203934789953, 0.0005023000874598474, 0.0005536353701217471, 0.000700241622529802,
92, 0.0003057987720475188, 0.00030579877204362513, 0.000155202836392476, 0.008348059631420681, 0.0005473294199328204, 0.0005473132750646359, 0.0005474016724024262, 0.0006993290178102097, 0.0005474895762181051, 0.0005020544756772143, 0.9852035374150919, 0.000547507214981826, 0.0004965137431357632, 0.0005473256873317884, 0.0006993380991637171,
93, 0.000317569097716749, 0.0003175690977127054, 0.00015351603151828342, 0.008306057148901891, 0.0005389493522464241, 0.000538933622686628, 0.000539019693901441, 0.0006980274961636663, 0.0005391055896493264, 0.0004945026142771373, 0.9852916535476981, 0.0005391227346418592, 0.0004889914407566843, 0.0005389460557810623, 0.0006980360840985805,
94, 0.00041709038876860743, 0.0004170903887632967, 0.00016170971058316174, 0.008233655638133618, 0.0005273765567723072, 0.0005273607261590555, 0.0005274469252221966, 0.0006926730833790121, 0.000527533699932238, 0.00048397209542315467, 0.9852579390283938, 0.0005275507187494867, 0.00047854623876466645, 0.0005273732479521189, 0.0006926811598533978,
95, 0.0004982864165462857, 0.0004982864165408473, 0.0001706254339277004, 0.008123590254864817, 0.0005215988991697302, 0.000521582925997181, 0.0005216696133619623, 0.0006892474997557897, 0.0005217574836826965, 0.000479430414612966, 0.985247202600488, 0.0005217744468128922, 0.00047409637424510596, 0.0005215956439836592, 0.0006892551794766136,
96, 0.0005689375357821512, 0.0005689375357749069, 0.0001813161943102096, 0.008024160575321371, 0.0005134703712092517, 0.0005134543488593047, 0.0005135410519686371, 0.0006843044738636447, 0.0005136294638466601, 0.00047306035264873587, 0.985265905916317, 0.000513646287614583, 0.000467856569799494, 0.0005134672408936737, 0.000684311686638505,
97, 0.0006709746802494942, 0.0006709746802409508, 0.00019701469306155405, 0.007911255580834366, 0.0005017571191457907, 0.0005017408857964119, 0.0005018283881587009, 0.0006774020227012413, 0.0005019182281787047, 0.0004630209859076939, 0.9852630379551263, 0.0005019350113262886, 0.0004579768213128814, 0.0005017539230338862, 0.0006774086288039424,
98, 0.0008021119518166321, 0.000802111951807878, 0.00021060982304443241, 0.0077741160423485025, 0.00048501695824203987, 0.0004850005540845686, 0.00048508867840428224, 0.0006683224129949441, 0.0004851797991432725, 0.00044841841557624547, 0.9852719139697214, 0.0004851965786232398, 0.00044357038464028524, 0.0004850136214912368, 0.0006683284633191407,
99, 0.0009241994873795609, 0.0009241994873711554, 0.0002281152677360826, 0.007682555158810064, 0.00047507769600665744, 0.00047506124269422435, 0.00047514955289603875, 0.0006678588839812968, 0.0004752412452499365, 0.00043934445552049935, 0.9851804117444191, 0.00047525800556442066, 0.0004345886785310645, 0.00047507427027537296, 0.000667864428346735,
100, 0.0010371058412362907, 0.0010371058412249718, 0.000236016069289323, 0.007574913555655054, 0.0004650629047780304, 0.0004650466326571136, 0.0004651339547494199, 0.0006611845336686033, 0.00046522496186821906, 0.00043030251467079576, 0.9851457894668825, 0.00046524154316959266, 0.0004256223517900672, 0.00046505951899394855, 0.0006611899151368862,
101, 0.0011118079621343948, 0.0011118079621242828, 0.00024409288826691045, 0.007459549586557335, 0.00045501383735432015, 0.0004549977230011286, 0.00045508428027203146, 0.0006552807994245646, 0.00045517476719476006, 0.0004215982935762943, 0.9851930617416622, 0.0004551912275101027, 0.00041704214142909143, 0.0004550104208043159, 0.0006552859744660634,
102, 0.001153772656479974, 0.0011537726564694805, 0.00024854749563393635, 0.00736560175258661, 0.00044523543509311604, 0.000445219511427808, 0.0004453049676153946, 0.0006507579737009759, 0.0004453945463115115, 0.0004134495169607764, 0.9852824950181064, 0.0004454108077276748, 0.000409042375916891, 0.0004452320326946128, 0.0006507628616915963,
103, 0.0011960656950063496, 0.0011960656949976472, 0.00024778911275398225, 0.007242996620252543, 0.00043738518308318114, 0.0004373696342225723, 0.00043745306713831365, 0.0006439147354819699, 0.0004375407202364779, 0.000407277094907722, 0.9853942885480592, 0.0004375566716566277, 0.0004029952730357378, 0.0004373818992128455, 0.0006439196580424749,
104, 0.0012190027178949781, 0.0012190027178838913, 0.0002466246100368938, 0.007139727674379234, 0.00042884133423447805, 0.0004288262396530861, 0.00042890728817660803, 0.0006383978263713469, 0.0004289925066759247, 0.0003996330145227725, 0.9855303691401257, 0.00042900808810940257, 0.0003954255493417306, 0.00042883821939369805, 0.0006384026822030959,
105, 0.0012338117910309582, 0.0012338117910219812, 0.00024502530657425427, 0.007035067033446826, 0.00041804875039975185, 0.0004180340968884354, 0.00041811295894176323, 0.0006273901917723847, 0.00041819591811652655, 0.00038932882740037633, 0.9857143285810634, 0.0004182111881745345, 0.0003851924000113682, 0.00041804564021702206, 0.0006273951345780016,
106, 0.001272007983422867, 0.001272007983411298, 0.00024414038697401173, 0.006947693955172618, 0.0004052352830076077, 0.00040522123848123854, 0.0004052971946965449, 0.0006160817394104066, 0.00040537711340101054, 0.000376889156493289, 0.9858505260198941, 0.00040539200926307037, 0.00037281056654815605, 0.00040523214566792884, 0.0006160868322179965,
107, 0.00129668869781671, 0.0012966886978049168, 0.0002442451414635387, 0.006880772184030976, 0.0003936633220301769, 0.0003936498807746531, 0.0003937229176488162, 0.0006083935225555398, 0.0003937997000016977, 0.0003643886540045372, 0.9859778490208879, 0.000393814193777172, 0.0003602648057799571, 0.00039366025407782626, 0.0006083986153815772,
