Optimize time:19.54584134625064
Begin Prob:-13593.850897133516
End Prob:-13537.156264088446
Substitution parameters:[0.2131260411155425, 0.28800174389275013, 0.27067669916538734, 0.22819551582632, 1.5652877784215327]
Trees:
(1:381.96666828290785,((3:381.95917810103964,4:381.95149444525634):785.2186909534166,(2:382.0385039600386,5:388.4244704041149):381.78752335854654):381.96653269082526);
(1:382.5300456981567,(5:428.9798545578363,(2:339.394785307552,(3:388.4244704041149,4:383.1098318784717):388.4244704041149):380.54130013474287):380.54130013474287);
(1:380.6295556485083,(2:381.9666292840938,(5:380.63145200882644,(3:388.4244704041149,4:388.4244704041149):381.3940609100941):408.6173137244717):776.5592022127308);
(1:381.3940609100941,((2:392.24204348207127,3:376.46328158067723):380.6303007553865,(4:380.63113381020156,5:380.63113381020156):785.2884181310833):381.9666292840938);
(1:379.71560034143096,(3:392.47708323690557,(5:379.31103722108384,(2:379.30585241334734,4:379.31103722108384):380.6362408487206):379.33369466482725):381.3943497147366);
(1:380.54130013474287,(4:381.7487370689105,(5:381.9666292840938,(2:381.9666292840938,3:381.9666292840938):381.9666292840938):381.7487370689105):379.31103722108384);
(1:380.54130013474287,((2:392.2625182409916,4:381.9666292840938):380.54130013474287,(3:388.4244704041149,5:363.3665204389873):785.2884181310833):383.1098318784717);
(1:380.4163199937782,(4:380.6303007553865,(3:386.8725157658607,(2:379.31103722108384,5:436.97331419168586):379.30585241334734):379.6455292628263):785.2884181310833);
(1:556.4884117763203,(2:381.9666292840938,(4:387.3976285968679,(3:380.6303887033234,5:390.4145423226793):381.9666292840938):386.8799828739317):493.0069841453164);
(1:379.30705802160156,(5:380.4163199937782,(4:381.96666828290785,(2:381.9666292840938,3:381.96666828290785):380.54130013474287):379.31103722108384):363.3663221981375);
(1:381.92996935539395,(3:379.30585241334734,(4:380.63113381020156,(2:380.4163743485924,5:381.9666292840938):452.2197921767333):785.2884181310833):380.63113381020156);
(1:381.95402119334244,(5:379.6455292628263,(3:387.3976765359666,(2:381.9666292840938,4:381.81536729662093):380.54130013474287):379.31103722108384):381.78752335854654);
(1:383.2228748680794,(3:380.95030295594825,(2:383.2228748680794,(4:381.9666292840938,5:381.5322854314556):381.9697735236478):381.95586921816124):379.33369466482725);
(1:333.2082161201991,(4:381.78752335854654,(2:387.3976765359666,(3:380.54130013474287,5:380.54130013474287):379.31103722108384):388.4244704041149):381.9666292840938);
(1:382.33476819334015,(2:381.96226743635236,(3:383.6962005581779,(4:0.711933,5:1.01536):1e-06):0.299746):0.833579);

Position, Posteriors1, Posteriors2, Posteriors3, Posteriors4, Posteriors5, Posteriors6, Posteriors7, Posteriors8, Posteriors9, Posteriors10, Posteriors11, Posteriors12, Posteriors13, Posteriors14, Posteriors15,
0, 0.0037603550470889265, 0.0037603550470889265, 0.0037603550470889265, 0.0037603550470889265, 0.0037603550820210414, 0.0037603550470889265, 0.0037603550470889265, 0.30456365490074955, 0.032962074738604054, 0.1517551841715133, 0.28023148684100324, 0.08159370925117228, 0.04438538994021855, 0.030489302221554933, 0.04769671205684131,
1, 0.0033095053667581164, 0.0033095053667581164, 0.0033095053667581164, 0.0033095053667581164, 0.0033095054018484355, 0.0033095053667581164, 0.0033095053667581164, 0.30619773528486843, 0.032823189660068565, 0.15219747972920716, 0.2817042796166185, 0.08164346186919463, 0.04429810734420053, 0.030320237343010346, 0.04764897103720916,
2, 0.00269553764267543, 0.00269553764267543, 0.00269553764267543, 0.00269553764267543, 0.0026955376773946664, 0.00269553764267543, 0.00269553764267543, 0.3082612757085336, 0.03267497186632484, 0.15281619952842543, 0.28356794813564795, 0.08177705553357485, 0.04425308841872153, 0.030170253348795736, 0.04761044341400095,
3, 0.0023744063606173367, 0.0023744063606173367, 0.0023744063606173367, 0.0023744063606173367, 0.0023744063949708225, 0.0023744063606173367, 0.0023744063606173367, 0.30966077832714256, 0.032451101673868145, 0.15316051196418326, 0.2848213206214733, 0.0817619385976166, 0.04410788600944957, 0.029948372154418586, 0.04746724558061137,
4, 0.0019989090615892715, 0.0019989090615892715, 0.0019989090615892715, 0.0019989090615892715, 0.001998909094029614, 0.0019989090615892715, 0.0019989090615892715, 0.3112513072613931, 0.03226107818166809, 0.15344287365239703, 0.2862481904584505, 0.08168894163246006, 0.043995275024768396, 0.029754290356611875, 0.0473656794567961,
5, 0.0015405051314116636, 0.0015405051314116636, 0.0015405051314116636, 0.0015405051314116636, 0.0015405051611229932, 0.0015405051314116636, 0.0015405051314116636, 0.3130961177164157, 0.03209859864520011, 0.1537234186564397, 0.2879070236179456, 0.0816086556069309, 0.04390601705199609, 0.029583193983703113, 0.04729343826025043,
6, 0.0012911978961302212, 0.0012911978961302212, 0.0012911978961302212, 0.0012911978961302212, 0.001291197923438269, 0.0012911978961302212, 0.0012911978961302212, 0.3144048352604058, 0.031890324561176644, 0.1538220827025902, 0.28907618314428984, 0.08143827034358594, 0.04378290158610229, 0.029399238028792796, 0.047147778559784595,
7, 0.00103699029231987, 0.00103699029231987, 0.0010369902923217562, 0.0010369902923217562, 0.001036990316224625, 0.00103699029231987, 0.00103699029231987, 0.3157319905453619, 0.03164471350522614, 0.15396544197096043, 0.29026108701237535, 0.08130168764040019, 0.04366074787773885, 0.029215809625882334, 0.046959589238335576,
8, 0.0009625352330538889, 0.0009625352330538889, 0.0009625352330556398, 0.0009625352330556398, 0.0009625352557605512, 0.0009625352330538889, 0.0009625352330538889, 0.3166083417909115, 0.031367534629509836, 0.15397095138153283, 0.2910338016641184, 0.08109212045807872, 0.0434767310489062, 0.028987027948460805, 0.04672574391205292,
9, 0.0008633511387677235, 0.0008633511387677235, 0.0008633511387677235, 0.0008633511387677235, 0.00086335115951777, 0.0008633511387677235, 0.0008633511387677235, 0.31744971085955936, 0.031121286088098766, 0.15402457678338563, 0.29177320451676386, 0.08092481836427357, 0.043338335519750304, 0.02880411804642232, 0.04652049131725311,
10, 0.0007361625422921673, 0.0007361625422921673, 0.0007361625422921673, 0.0007361625422921673, 0.0007361625606468255, 0.0007361625422921673, 0.0007361625422921673, 0.31834077599206934, 0.030883843204757875, 0.15409234167309274, 0.29255857016666675, 0.08077338540701137, 0.043228728220969244, 0.028651208656281915, 0.0463180083524967,
11, 0.0005881092042206169, 0.0005881092042216867, 0.0005881092042216867, 0.0005881092042216867, 0.0005881092195845736, 0.0005881092042206169, 0.0005881092042216867, 0.31932273742117184, 0.030667750701896437, 0.15410147566535895, 0.29342606821599476, 0.08057034429014485, 0.04313863473317956, 0.028515556736164713, 0.0461406672792922,
12, 0.0005073611334863963, 0.0005073611334873192, 0.0005073611334873192, 0.0005073611334873192, 0.0005073611470186523, 0.0005073611334863963, 0.0005073611334873192, 0.3201233977808759, 0.030438315270105334, 0.1540511340809962, 0.29412791192116916, 0.08033944225640176, 0.04304512242850486, 0.02838361231792411, 0.04593953548418891,
13, 0.0004016648103995232, 0.0004016648104002538, 0.0004016648104002538, 0.0004016648104002538, 0.0004016648214502118, 0.00040166481039879254, 0.0004016648104002538, 0.3209751420026956, 0.03019348168350269, 0.15402946514700028, 0.29487518693640286, 0.08012942269255245, 0.04298542284983543, 0.02828198238174189, 0.04571824211142591,
14, 0.00030557533444144317, 0.00030557533444144317, 0.000305575334441999, 0.000305575334441999, 0.00030557534289296455, 0.0003055753344403315, 0.000305575334441999, 0.32175358857487335, 0.029967758003749883, 0.15402793250158675, 0.29555570474352405, 0.07994141221001937, 0.042920331595891634, 0.02818054063973166, 0.04551370386958921,
15, 0.00021735092572438907, 0.00021735092572478442, 0.00021735092572478442, 0.00021735092572478442, 0.00021735093184257017, 0.00021735092572399372, 0.00021735092572478442, 0.32234488239625103, 0.02979409531648896, 0.1541155841510766, 0.2960635599687177, 0.0798329929032412, 0.04286829897364255, 0.02809461120949692, 0.04536451808476004,
16, 0.00016222335031297329, 0.00016222335031297329, 0.00016222335031326835, 0.00016222335031326835, 0.00016222335496642523, 0.0001622233503126782, 0.00016222335031326835, 0.3228337572718573, 0.029624357813773858, 0.15418961044350146, 0.29647761557862906, 0.07972295689506467, 0.04280078710282826, 0.027999033799900302, 0.045216317128277436,
17, 0.0001016426796150837, 0.00010164267961526859, 0.00010164267961526859, 0.00010164267961526859, 0.00010164268261358042, 0.00010164267961489882, 0.00010164267961526859, 0.32329779600046454, 0.029468564800302927, 0.15429238193488087, 0.296867844408542, 0.07963882103286968, 0.042734546013320766, 0.02790516873553805, 0.04508337780569124,
18, 6.323834525580887e-05, 6.323834525580887e-05, 6.32383452559239e-05, 6.32383452559239e-05, 6.323834721591805e-05, 6.323834525569383e-05, 6.32383452559239e-05, 0.3236857573423868, 0.02931849071162888, 0.15439034581413846, 0.29718835302229096, 0.07955739771130198, 0.04265762738208674, 0.027805073416547012, 0.04495428567255849,
19, 4.78795537778723e-05, 4.7879553777959395e-05, 4.7879553777959395e-05, 4.7879553777959395e-05, 4.787955530146679e-05, 4.78795537778723e-05, 4.7879553777959395e-05, 0.324042591312038, 0.029185113490120082, 0.15442467290602507, 0.297481891831674, 0.07943419269466531, 0.04256223993062592, 0.027690398510810007, 0.04484374193803825,
20, 4.003275061907023e-05, 4.003275061907023e-05, 4.0032750619143046e-05, 4.0032750619143046e-05, 4.003275185109743e-05, 4.003275061907023e-05, 4.0032750619143046e-05, 0.32438541827752676, 0.029048531074827195, 0.15444083653436377, 0.2977643686790058, 0.07930695000860938, 0.04246944771315886, 0.02758243962640221, 0.04472177832244865,
21, 2.640803509960926e-05, 2.640803509960926e-05, 2.640803509960926e-05, 2.6408035099657293e-05, 2.6408035924482365e-05, 2.6408035099561223e-05, 2.640803509960926e-05, 0.32476573420196053, 0.028886390804232515, 0.15447158798295035, 0.29808097916485427, 0.0791852840027134, 0.04237926032036643, 0.027473517715777218, 0.04457238905361268,
22, 1.7891003687334023e-05, 1.7891003687334023e-05, 1.7891003687334023e-05, 1.7891003687334023e-05, 1.7891004245325674e-05, 1.789100368730148e-05, 1.7891003687334023e-05, 0.3251661624046825, 0.02868897031812239, 0.15451614678748568, 0.2984171957568425, 0.07906247459463454, 0.04228217621046329, 0.027346430406503915, 0.04439520598670125,
23, 1.4748509762786656e-05, 1.4748509762813485e-05, 1.4748509762813485e-05, 1.4748509762813485e-05, 1.4748510191273624e-05, 1.4748509762786656e-05, 1.4748509762813485e-05, 0.32556467139420264, 0.028493318460922838, 0.15454647714338451, 0.29875192469679573, 0.07892694688972365, 0.042178692080832435, 0.027213017925793826, 0.044221711332151754,
24, 1.2196731494028954e-05, 1.2196731494028954e-05, 1.2196731494028954e-05, 1.2196731494028954e-05, 1.2196731824285665e-05, 1.2196731494006767e-05, 1.2196731494028954e-05, 0.3259082998487668, 0.028313782324083384, 0.15460124258464175, 0.29903483689747923, 0.07881294525661064, 0.04208687085578085, 0.027092244763257948, 0.04406439983965439,
25, 1.0562597218455873e-05, 1.0562597218455873e-05, 1.0562597218455873e-05, 1.0562597218455873e-05, 1.0562597488901618e-05, 1.0562597218455873e-05, 1.0562597218455873e-05, 0.3262235844992573, 0.028143486071169115, 0.1546721845692907, 0.2992910052874976, 0.07871337493577232, 0.04199407767025731, 0.02697150629927916, 0.04391684197659611,
26, 1.1958176251384079e-05, 1.1958176251405831e-05, 1.1958176251405831e-05, 1.1958176251405831e-05, 1.1958176500681413e-05, 1.1958176251384079e-05, 1.1958176251405831e-05, 0.3265384850108933, 0.027944413064881792, 0.15478382658743253, 0.2995483264734486, 0.07864428780876546, 0.041885033331812385, 0.026834821339102796, 0.04373709863952635,
27, 1.475365677688804e-05, 1.475365677688804e-05, 1.475365677688804e-05, 1.475365677688804e-05, 1.4753657022605283e-05, 1.475365677688804e-05, 1.475365677688804e-05, 0.32689304434590677, 0.027751553217492314, 0.15484112218265692, 0.29984290493649957, 0.07853146609569749, 0.041774342277717334, 0.026695861489102406, 0.04356642934833371,
28, 1.6176627273810946e-05, 1.6176627273810946e-05, 1.6176627273810946e-05, 1.6176627273840372e-05, 1.6176627520481676e-05, 1.6176627273810946e-05, 1.6176627273810946e-05, 0.3271159673921534, 0.027601219798708655, 0.15497930738226606, 0.30001440211601615, 0.07848537552402358, 0.0416769278499414, 0.02657165730835787, 0.043441905728393494,
29, 1.65424536636267e-05, 1.65424536636267e-05, 1.65424536636267e-05, 1.65424536636267e-05, 1.6542453917350205e-05, 1.65424536636267e-05, 1.65424536636267e-05, 0.3273014713827134, 0.027463942006706918, 0.15514574835776773, 0.30015049254358783, 0.07846555245057177, 0.041578390359285476, 0.026446471105889085, 0.04333213410813384,
30, 1.5837831364372765e-05, 1.5837831364372765e-05, 1.5837831364372765e-05, 1.5837831364372765e-05, 1.5837831617688962e-05, 1.5837831364372765e-05, 1.5837831364372765e-05, 0.3274881464849118, 0.027304289905850147, 0.1553432661792097, 0.30028695143036005, 0.07846814090537699, 0.0414806911206889, 0.026322156061062887, 0.043195492582930595,
31, 1.520280227316233e-05, 1.520280227316233e-05, 1.520280227316233e-05, 1.520280227316233e-05, 1.5202802513113801e-05, 1.520280227316233e-05, 1.520280227316233e-05, 0.3277300491958605, 0.02715907395596241, 0.15545322248223795, 0.3004756140043528, 0.07840480580440512, 0.0413901208678244, 0.026203656763858635, 0.043077036799720546,
32, 1.6606834127272912e-05, 1.6606834127272912e-05, 1.6606834127272912e-05, 1.6606834127272912e-05, 1.6606834355793826e-05, 1.6606834127272912e-05, 1.6606834127272912e-05, 0.3279394187893226, 0.027023794611506016, 0.15557988718006427, 0.30063421644182703, 0.07835521643875981, 0.041297354731758704, 0.02608494808496779, 0.04296891537403576,
33, 1.3678265584837114e-05, 1.3678265584837114e-05, 1.3678265584861995e-05, 1.3678265584861995e-05, 1.3678265784454331e-05, 1.3678265584837114e-05, 1.3678265584837114e-05, 0.3281856794412458, 0.02691016296026643, 0.15565507065221992, 0.30082755083372287, 0.07827745557484582, 0.04119958273374799, 0.02596658014019869, 0.042882169295913784,
34, 1.3688360963874242e-05, 1.3688360963874242e-05, 1.3688360963874242e-05, 1.3688360963874242e-05, 1.368836115723975e-05, 1.3688360963874242e-05, 1.3688360963874242e-05, 0.32836168830692275, 0.026813448703244962, 0.1557670663154284, 0.30095570386299547, 0.07823113377533744, 0.041107085056072565, 0.025854229457665, 0.04281382548719241,
35, 1.065858187584809e-05, 1.0658581875867478e-05, 1.0658581875867478e-05, 1.0658581875867478e-05, 1.0658582041556023e-05, 1.0658581875828703e-05, 1.0658581875867478e-05, 0.3285194080313425, 0.026719635714825468, 0.1558747390377571, 0.30106633314740183, 0.07818677626014313, 0.04104405413681268, 0.025770302213375566, 0.04274414087637681,
36, 1.4298532147521579e-05, 1.4298532147521579e-05, 1.4298532147521579e-05, 1.4298532147547586e-05, 1.429853233832271e-05, 1.4298532147521579e-05, 1.4298532147521579e-05, 0.32865439737852054, 0.026625300684860763, 0.15598324319354726, 0.3011569905026085, 0.07814265990537882, 0.040979111699822234, 0.025683530971029326, 0.04267467543120825,
37, 1.6428169606594458e-05, 1.6428169606594458e-05, 1.6428169606594458e-05, 1.6428169606594458e-05, 1.642816979602068e-05, 1.6428169606594458e-05, 1.6428169606594458e-05, 0.3286700525745676, 0.02656536878589498, 0.1561727147490648, 0.3011347426389261, 0.07816113351300327, 0.04092654097047782, 0.025609533391647656, 0.04264491568176032,
38, 1.5113695897703014e-05, 1.5113695897703014e-05, 1.5113695897703014e-05, 1.5113695897703014e-05, 1.5113696048054864e-05, 1.5113695897703014e-05, 1.5113695897703014e-05, 0.3287271381532274, 0.026465119654414827, 0.15638735525534275, 0.3011503472648094, 0.07818871928498557, 0.04087406216006283, 0.02552963366731493, 0.042571828180629344,
39, 1.1443495562383003e-05, 1.1443495562403818e-05, 1.1443495562403818e-05, 1.1443495562403818e-05, 1.144349567029106e-05, 1.1443495562383003e-05, 1.1443495562403818e-05, 0.328794900367132, 0.02634427225974648, 0.1566370647512081, 0.30117572701324175, 0.07824417593186318, 0.04081041141697465, 0.025442312208963078, 0.042471031073848864,
40, 6.307703834175851e-06, 6.307703834175851e-06, 6.307703834175851e-06, 6.307703834187325e-06, 6.307703901904786e-06, 6.307703834175851e-06, 6.307703834175851e-06, 0.32883227834388445, 0.026236369234420735, 0.15691141041124526, 0.30117267723143865, 0.07831828549905914, 0.04074513333133294, 0.025356496754145818, 0.042383194759961086,
41, 2.8358599025396644e-06, 2.8358599025396644e-06, 2.8358599025396644e-06, 2.8358599025396644e-06, 2.8358599312513137e-06, 2.8358599025396644e-06, 2.8358599025396644e-06, 0.32888096873356365, 0.026119936405858205, 0.15718729159824732, 0.3011808715038373, 0.07839223917626174, 0.040670510248128455, 0.02526189729259889, 0.042286433513233905,
42, 3.513270485804238e-06, 3.5132704858106286e-06, 3.5132704858106286e-06, 3.5132704858106286e-06, 3.5132705114944573e-06, 3.513270485804238e-06, 3.5132704858106286e-06, 0.3289065693862814, 0.026005480081487408, 0.15746899948009027, 0.30116920201686376, 0.07846985711649718, 0.04059621192267547, 0.02516603230795797, 0.04219305428486581,
43, 4.406896321831775e-06, 4.406896321831775e-06, 4.406896321831775e-06, 4.406896321831775e-06, 4.406896344717734e-06, 4.406896321831775e-06, 4.406896321831775e-06, 0.32891023073971637, 0.025897853945128564, 0.15776670416739214, 0.30113758359947596, 0.07855852829892365, 0.04052103553553229, 0.025070653516138505, 0.042106561413378214,
44, 5.860249176707196e-06, 5.860249176707196e-06, 5.860249176707196e-06, 5.860249176707196e-06, 5.860249202546384e-06, 5.860249176707196e-06, 5.860249176707196e-06, 0.3288483530974031, 0.025806254096068876, 0.15810680989343787, 0.3010441945911999, 0.07867944395001246, 0.04045325526130364, 0.024982798644767334, 0.04203786821177111,
45, 3.9890267442498195e-06, 3.9890267442498195e-06, 3.9890267442498195e-06, 3.9890267442498195e-06, 3.989026761569885e-06, 3.9890267442498195e-06, 3.9890267442498195e-06, 0.3288118597835807, 0.025695742877042984, 0.158460662604778, 0.3009735038754587, 0.0788111611292938, 0.04038159141698239, 0.02489334716717982, 0.04194420744923265,
46, 2.8303440677095444e-06, 2.8303440677095444e-06, 2.8303440677095444e-06, 2.8303440677095444e-06, 2.830344079370593e-06, 2.8303440677095444e-06, 2.8303440677095444e-06, 0.3287563593827901, 0.025586418577304825, 0.15880983362257692, 0.30088536846571534, 0.07894381105609403, 0.04032847369148706, 0.024821194498790555, 0.04184872778922796,
47, 1.2714192576332498e-06, 1.2714192576332498e-06, 1.2714192576332498e-06, 1.2714192576332498e-06, 1.271419264106492e-06, 1.2714192576309372e-06, 1.2714192576332498e-06, 0.32874126802177467, 0.02548511390809698, 0.1591024922154483, 0.30083605114514755, 0.07903563892040834, 0.04027655935194034, 0.024749563055978484, 0.04176441293829077,
48, 1.2964121954714478e-06, 1.2964121954714478e-06, 1.2964121954714478e-06, 1.2964121954714478e-06, 1.2964122050785919e-06, 1.2964121954690895e-06, 1.2964121954714478e-06, 0.32869877630279143, 0.025390165679345007, 0.15941327068475966, 0.30076201816315223, 0.07913816423282978, 0.0402234900918706, 0.024675643532817697, 0.04168939592047164,
49, 2.9654793741444964e-06, 2.9654793741498907e-06, 2.9654793741498907e-06, 2.9654793741498907e-06, 2.965479402555619e-06, 2.965479374139102e-06, 2.9654793741498907e-06, 0.3286285343822916, 0.025301195637763684, 0.15974334915672195, 0.3006628182418236, 0.07925176032756684, 0.04016905418589727, 0.024599159330505063, 0.041623369872949144,
50, 1.5100614233707685e-05, 1.5100614233707685e-05, 1.5100614233707685e-05, 1.5100614233707685e-05, 1.5100614385385194e-05, 1.5100614233680218e-05, 1.5100614233707685e-05, 0.3285391051643721, 0.02520366505777643, 0.16006213859674132, 0.3005483660771824, 0.07935812876316908, 0.04011485085338894, 0.02452039884069754, 0.041547641838317835,
51, 2.250844590277798e-05, 2.250844590277798e-05, 2.250844590277798e-05, 2.250844590277798e-05, 2.2508446142947417e-05, 2.2508445902737038e-05, 2.250844590277798e-05, 0.3284543896058352, 0.025090811383877, 0.16039250755818538, 0.30043749605469144, 0.07947468294516866, 0.0400816806000286, 0.024460710298359528, 0.04145016192294257,
52, 2.516941954836093e-05, 2.516941954836093e-05, 2.516941954836093e-05, 2.516941954836093e-05, 2.5169419854328102e-05, 2.5169419548315146e-05, 2.516941954836093e-05, 0.32842920559260824, 0.024995021558064892, 0.160642569748878, 0.3003826995024535, 0.07953839821298694, 0.0400553253874238, 0.024409185684462507, 0.04137140786686712,
53, 3.0408476035659704e-05, 3.0408476035659704e-05, 3.0408476035659704e-05, 3.0408476035659704e-05, 3.040847640177444e-05, 3.040847603560439e-05, 3.0408476035659704e-05, 0.32845819629843337, 0.024911392185639158, 0.1607989306544454, 0.30037972876612157, 0.07953372068350333, 0.040034468591903793, 0.02436168162782796, 0.04130902134999327,
54, 2.930210378889115e-05, 2.930210378889115e-05, 2.930210378889115e-05, 2.930210378889115e-05, 2.9302104176543624e-05, 2.9302103788837847e-05, 2.930210378889115e-05, 0.32848535590688016, 0.024830739630369088, 0.1609519969405073, 0.3003747602375494, 0.07953296748820379, 0.040037067298971246, 0.024336841571912973, 0.04124515569018233,
55, 3.198268696628291e-05, 3.198268696628291e-05, 3.198268696628291e-05, 3.198268696628291e-05, 3.1982687413832176e-05, 3.1982686966224736e-05, 3.198268696628291e-05, 0.32848983385320624, 0.024749285739888875, 0.16109658267033156, 0.3003489009609947, 0.07953089303963598, 0.04005638481631829, 0.024327528181947836, 0.04117671141983281,
56, 3.0004491856467233e-05, 3.000449185652181e-05, 3.000449185652181e-05, 3.000449185652181e-05, 3.000449232463606e-05, 3.0004491856358078e-05, 3.000449185652181e-05, 0.32849764750941735, 0.024669157706499467, 0.1612378135093128, 0.30032646131782265, 0.07953283267633654, 0.04008874842276495, 0.024331161505577906, 0.0411061454010131,
57, 4.688680492579051e-05, 4.688680492579051e-05, 4.688680492579051e-05, 4.68868049258758e-05, 4.6886805615844405e-05, 4.688680492570522e-05, 4.68868049258758e-05, 0.32845934933157533, 0.024582812121506297, 0.16137087565447042, 0.3002616081302435, 0.07952728536286302, 0.04011356079906153, 0.024327016001132695, 0.04102928445786338,
58, 5.643974660897215e-05, 5.643974660897215e-05, 5.643974660897215e-05, 5.643974660897215e-05, 5.6439747446807355e-05, 5.643974660897215e-05, 5.643974660897215e-05, 0.3284318676010424, 0.02448261969750152, 0.16151761531646108, 0.30020617213419554, 0.07953383608156368, 0.04015927089973895, 0.02434119247735013, 0.04093234705866581,
59, 6.88922350444936e-05, 6.88922350444936e-05, 6.889223504461892e-05, 6.889223504461892e-05, 6.889223608009053e-05, 6.88922350444936e-05, 6.889223504461892e-05, 0.3283473112557642, 0.024394020361129528, 0.16169188481635643, 0.30009568373659357, 0.07956122081862071, 0.040214567460159105, 0.024364835909899116, 0.04084822948866882,
60, 7.287644319330725e-05, 7.28764431934398e-05, 7.28764431934398e-05, 7.28764431934398e-05, 7.287644429847229e-05, 7.287644319330725e-05, 7.28764431934398e-05, 0.3282624303571303, 0.024309462396362322, 0.16186329323331178, 0.29998496005379216, 0.07959433544660575, 0.04029760621702014, 0.024414750228555982, 0.040763026456815725,
61, 6.546749504891106e-05, 6.546749504891106e-05, 6.546749504891106e-05, 6.546749504891106e-05, 6.546749613948857e-05, 6.546749504891106e-05, 6.546749504891106e-05, 0.32820350351981115, 0.024239499844670692, 0.16203099425307427, 0.2998979715074206, 0.0796291526578443, 0.04037987812397268, 0.024464769387458778, 0.04069595773222009,
62, 5.524562954128277e-05, 5.524562954128277e-05, 5.524562954128277e-05, 5.524562954128277e-05, 5.524563054488854e-05, 5.524562954128277e-05, 5.524562954128277e-05, 0.32818497346969033, 0.024184485613435492, 0.16212991872077687, 0.2998485639858731, 0.07961360153517746, 0.040476768405597364, 0.024527499475474213, 0.04064746887899254,
63, 7.017411669693438e-05, 7.017411669693438e-05, 7.017411669693438e-05, 7.017411669706203e-05, 7.0174117783074e-05, 7.017411669693438e-05, 7.017411669693438e-05, 0.3281091228614483, 0.024121683751937708, 0.16221284215007134, 0.29974634061199196, 0.07958596128445458, 0.04056259776167662, 0.02457991237514663, 0.04059031987898649,
64, 7.429711702237196e-05, 7.429711702237196e-05, 7.429711702237196e-05, 7.42971170225071e-05, 7.42971180978612e-05, 7.429711702237196e-05, 7.429711702237196e-05, 0.3280762116089273, 0.024044394568337832, 0.16231878892411017, 0.2996843221921502, 0.079561094414898, 0.04064707494850542, 0.02462135911074376, 0.04052667390636466,
65, 7.341624747052022e-05, 7.341624747052022e-05, 7.341624747065377e-05, 7.341624747065377e-05, 7.341624849920486e-05, 7.341624747052022e-05, 7.341624747052022e-05, 0.32796538569642303, 0.02399047328602226, 0.16248357997505317, 0.29954732232729153, 0.07958059386642574, 0.040749219811518626, 0.024679093685846757, 0.04049041711299761,
66, 6.704291660910196e-05, 6.704291660910196e-05, 6.704291660910196e-05, 6.704291660910196e-05, 6.70429175636074e-05, 6.704291660910196e-05, 6.704291660910196e-05, 0.32788101686694815, 0.023922871014704264, 0.16265579674556288, 0.29943527859033403, 0.07961178314707769, 0.04085129283206039, 0.024739498181978337, 0.040433161698397294,
67, 5.036694953310805e-05, 5.036694953310805e-05, 5.036694953310805e-05, 5.0366949533199666e-05, 5.036695026549393e-05, 5.036694953310805e-05, 5.036694953310805e-05, 0.3277210170844782, 0.02388169987656647, 0.16290279906364266, 0.2992500708000145, 0.07969867658883335, 0.04097024476883812, 0.024814745443975342, 0.04040817722104391,
68, 3.732352732916775e-05, 3.732352732916775e-05, 3.732352732916775e-05, 3.732352732923564e-05, 3.7323527881258184e-05, 3.732352732916775e-05, 3.732352732916775e-05, 0.32752412052373714, 0.023857308675491736, 0.16316282997525888, 0.29902987007510506, 0.07979665542773993, 0.041079931163022367, 0.024883500659194216, 0.04040451830343633,
69, 2.7738294710996534e-05, 2.773829471104699e-05, 2.773829471104699e-05, 2.773829471104699e-05, 2.7738295125792553e-05, 2.7738294710996534e-05, 2.773829471104699e-05, 0.3273509890556574, 0.023797083909656756, 0.16343509711134432, 0.2988317859454081, 0.07990182417910327, 0.0411855619462821, 0.024948110703547296, 0.04035537858148145,
70, 2.6190059943438276e-05, 2.6190059943438276e-05, 2.6190059943438276e-05, 2.6190059943438276e-05, 2.6190060304592888e-05, 2.6190059943438276e-05, 2.6190059943438276e-05, 0.3271848453093377, 0.02370999931065779, 0.16370668116139633, 0.2986408833790551, 0.08000642371409117, 0.0412870627457969, 0.025008218321926713, 0.0402725551345864,
71, 2.3461267351464875e-05, 2.346126735150755e-05, 2.346126735150755e-05, 2.346126735150755e-05, 2.3461267663894387e-05, 2.3461267351464875e-05, 2.346126735150755e-05, 0.3268898447044453, 0.023654175552324987, 0.1640746487548829, 0.2983266294694189, 0.08018038676171574, 0.0414016748563796, 0.02508050363396053, 0.04022790689160688,
72, 2.460510918911528e-05, 2.460510918911528e-05, 2.460510918911528e-05, 2.460510918911528e-05, 2.4605109492474385e-05, 2.460510918911528e-05, 2.460510918911528e-05, 0.32660519396381066, 0.02359827913392599, 0.16442498844848677, 0.2980223198826993, 0.08034158013710295, 0.04150663915116683, 0.025144904023111887, 0.04018385899246462,
73, 3.009273205160445e-05, 3.009273205165919e-05, 3.009273205165919e-05, 3.009273205165919e-05, 3.009273236224465e-05, 3.009273205160445e-05, 3.009273205165919e-05, 0.3263104771810802, 0.023519641520019237, 0.16481558025260923, 0.2977094709531498, 0.0805307121317837, 0.04159601435385583, 0.025195289834854542, 0.04011216414568965,
74, 2.7642108466569847e-05, 2.7642108466569847e-05, 2.7642108466569847e-05, 2.7642108466569847e-05, 2.7642108745426625e-05, 2.7642108466569847e-05, 2.7642108466569847e-05, 0.32597541841383176, 0.023456210781607048, 0.1652613089615901, 0.29735652009361174, 0.08075855993138878, 0.04168924258289998, 0.02524877867230458, 0.040060465300893834,
75, 2.094924716673373e-05, 2.094924716673373e-05, 2.094924716673373e-05, 2.094924716673373e-05, 2.0949247401317093e-05, 2.094924716673373e-05, 2.094924716673373e-05, 0.3256392870824031, 0.023394234667425535, 0.16570185734271387, 0.2970027778977963, 0.08099081633794275, 0.0417996096484457, 0.025320040587111285, 0.04000473120367047,
76, 8.110438814205257e-06, 8.110438814205257e-06, 8.110438814220009e-06, 8.110438814220009e-06, 8.110438926179027e-06, 8.110438814205257e-06, 8.110438814220009e-06, 0.32534339101134513, 0.023341806122945223, 0.16611037152040206, 0.29668678134324644, 0.0812115177744628, 0.04190267612847519, 0.02539108280157827, 0.03995559972288584,
77, 8.377252529283513e-06, 8.377252529283513e-06, 8.377252529283513e-06, 8.377252529283513e-06, 8.377252639333313e-06, 8.377252529283513e-06, 8.377252529283513e-06, 0.32502860838548137, 0.023281972265487994, 0.1664948675612832, 0.29635672654773465, 0.08141856515758995, 0.042004420012569106, 0.025459083228961055, 0.03989711557075908,
78, 9.45953921651735e-06, 9.459539216534557e-06, 9.459539216534557e-06, 9.459539216534557e-06, 9.459539332319126e-06, 9.45953921651735e-06, 9.459539216534557e-06, 0.32472432562467574, 0.023205288956302757, 0.16689179985133493, 0.2960372629275329, 0.08164218419873803, 0.04209737899975148, 0.025523829404832735, 0.03981171275936407,
79, 6.992001927874205e-06, 6.992001927874205e-06, 6.992001927886923e-06, 6.992001927886923e-06, 6.992002016928284e-06, 6.992001927874205e-06, 6.992001927886923e-06, 0.32447474397694254, 0.0231250689369767, 0.16726556454078412, 0.2957694361425784, 0.0818177249855808, 0.04218739981681773, 0.02557320405132906, 0.03973791303275776,
80, 5.914841339459456e-06, 5.914841339459456e-06, 5.914841339459456e-06, 5.914841339470215e-06, 5.914841414622066e-06, 5.914841339459456e-06, 5.914841339459456e-06, 0.32423903634802353, 0.023061550673360288, 0.1676018578809247, 0.29551590057915245, 0.08196867287123562, 0.042269471059953906, 0.025616372828586784, 0.03968573336682141,
81, 3.074453599876057e-06, 3.074453599876057e-06, 3.074453599876057e-06, 3.074453599876057e-06, 3.074453643194776e-06, 3.074453599876057e-06, 3.074453599876057e-06, 0.3238694014906501, 0.023028654192501465, 0.16804198075732585, 0.2951340180665333, 0.08219347272208904, 0.04236638194026956, 0.025673077457391436, 0.03967149169589066,
82, 5.679253177211863e-06, 5.679253177211863e-06, 5.679253177211863e-06, 5.679253177211863e-06, 5.679253241064692e-06, 5.679253177211863e-06, 5.679253177211863e-06, 0.3234890601353308, 0.022990864560269997, 0.16847171096059493, 0.2947456749803236, 0.08241324959347597, 0.04246746894857976, 0.025730846939152875, 0.03965136860878409,
83, 1.1030616765709983e-05, 1.1030616765709983e-05, 1.1030616765709983e-05, 1.1030616765709983e-05, 1.103061687678747e-05, 1.1030616765709983e-05, 1.1030616765709983e-05, 0.32310349253761494, 0.02295035228283178, 0.16889298326476132, 0.29435384587860863, 0.08263122884520036, 0.042572833289834744, 0.02579317353259908, 0.03962487554994368,
84, 1.5287941945024117e-05, 1.5287941945024117e-05, 1.5287941945051927e-05, 1.5287941945051927e-05, 1.528794210976229e-05, 1.5287941945024117e-05, 1.5287941945051927e-05, 0.32267419320451474, 0.022919965681366564, 0.16935352490528224, 0.29391984964161477, 0.08288162109740156, 0.04267769875095448, 0.025854576968772816, 0.039611553654546695,
85, 2.08246003543374e-05, 2.08246003543374e-05, 2.08246003543374e-05, 2.08246003543374e-05, 2.0824600589987183e-05, 2.08246003543374e-05, 2.08246003543374e-05, 0.3221807646189479, 0.022900541770198565, 0.1698540051544479, 0.2934235479736043, 0.08316000646050171, 0.0427958870313945, 0.02592810655620575, 0.03961136772907098,
86, 2.9998549444380042e-05, 2.9998549444380042e-05, 2.9998549444380042e-05, 2.9998549444380042e-05, 2.999854979824732e-05, 2.9998549444325473e-05, 2.9998549444380042e-05, 0.3217132557997184, 0.022889353729311546, 0.17029858964353675, 0.29295299816974374, 0.08341031125901058, 0.042907608146655354, 0.025999928443997063, 0.03961796445843388,
87, 3.677993688662489e-05, 3.677993688662489e-05, 3.677993688662489e-05, 3.677993688662489e-05, 3.6779937306169306e-05, 3.6779936886557987e-05, 3.677993688662489e-05, 0.3212526366926932, 0.022856281047970276, 0.17078660259324518, 0.29248898027901, 0.08369653425824031, 0.043005512454119724, 0.02606328241020135, 0.03959271020265918,
88, 4.743650957463025e-05, 4.743650957463025e-05, 4.743650957463025e-05, 4.743650957463025e-05, 4.74365100878624e-05, 4.743650957454396e-05, 4.743650957463025e-05, 0.3208358798501028, 0.022828601971555208, 0.17120385916045675, 0.29206712848193106, 0.08393071330349389, 0.04310132561738311, 0.02612432838216608, 0.03957610716316248,
89, 6.121445856679372e-05, 6.121445856679372e-05, 6.121445856679372e-05, 6.121445856679372e-05, 6.121445919346281e-05, 6.121445856668238e-05, 6.121445856679372e-05, 0.3203752846389639, 0.02281790781262423, 0.17164279643299463, 0.29160329440015237, 0.08418140367685759, 0.04318925972994125, 0.026179755887800756, 0.03958179570746124,
90, 6.352846542054137e-05, 6.352846542054137e-05, 6.352846542054137e-05, 6.352846542054137e-05, 6.352846604339687e-05, 6.352846542042582e-05, 6.352846542054137e-05, 0.31987292233651565, 0.022824517893463757, 0.17214754864506918, 0.2910981275025861, 0.08447964480460445, 0.043282420062785355, 0.02623914778972121, 0.039610971204526654,
91, 5.423762263818804e-05, 5.4237622638286696e-05, 5.4237622638286696e-05, 5.4237622638286696e-05, 5.423762319422262e-05, 5.4237622638089385e-05, 5.4237622638286696e-05, 0.3194041102658767, 0.022843756629698533, 0.17265236858496968, 0.2906237986462627, 0.0847626855224344, 0.04337612233617953, 0.026297107354875764, 0.03966038679938407,
92, 4.615247737342691e-05, 4.615247737342691e-05, 4.615247737342691e-05, 4.615247737342691e-05, 4.6152477881161754e-05, 4.615247737334296e-05, 4.615247737342691e-05, 0.3189128019811611, 0.02286778789542143, 0.17316784798270124, 0.2901291188698353, 0.08505893682808996, 0.04346964351258397, 0.02635719603735243, 0.03971359905007301,
93, 3.631351744335807e-05, 3.631351744335807e-05, 3.631351744335807e-05, 3.631351744335807e-05, 3.631351790434826e-05, 3.631351744335807e-05, 3.631351744335807e-05, 0.31845744070896453, 0.022910960754139592, 0.17362519070860893, 0.28966921912635823, 0.08532271955824118, 0.04355620447598628, 0.026414634847420033, 0.0397894346966924,
94, 2.1863219586004277e-05, 2.1863219586004277e-05, 2.1863219586004277e-05, 2.1863219586004277e-05, 2.1863219920023812e-05, 2.1863219586004277e-05, 2.1863219586004277e-05, 0.3180171382785212, 0.022942831055095047, 0.1741003469380951, 0.28922356314473524, 0.08560601238335641, 0.04363889905264198, 0.02647304907590075, 0.03984511703349546,
95, 1.664056368767803e-05, 1.664056368767803e-05, 1.664056368767803e-05, 1.664056368767803e-05, 1.664056394705317e-05, 1.664056368767803e-05, 1.664056368767803e-05, 0.31761105608908324, 0.02297657184487569, 0.17449553749305313, 0.2888119830404487, 0.08583242987152674, 0.04372130676554804, 0.026530503599042098, 0.03990412685001008,
96, 1.5555071102436844e-05, 1.5555071102436844e-05, 1.5555071102436844e-05, 1.5555071102436844e-05, 1.5555071340365374e-05, 1.5555071102436844e-05, 1.5555071102436844e-05, 0.3171705970579314, 0.023014161609837103, 0.17490667645222158, 0.2883682970428947, 0.08607440757672713, 0.043802537957978005, 0.02658647740771451, 0.03996795889697037,
97, 1.866641330962838e-05, 1.866641330962838e-05, 1.866641330962838e-05, 1.866641330962838e-05, 1.8666413540345865e-05, 1.866641330962838e-05, 1.866641330962838e-05, 0.31669146725561453, 0.023056218065740024, 0.1753369372306925, 0.2878883863068794, 0.08633447287536813, 0.0438831066890038, 0.02664134475808227, 0.0400374014260587,
98, 1.5595535607202103e-05, 1.5595535607230472e-05, 1.5595535607230472e-05, 1.5595535607230472e-05, 1.55955357894105e-05, 1.5595535607202103e-05, 1.5595535607230472e-05, 0.31616444812643657, 0.023113067967251832, 0.17581723438740088, 0.28736116204503126, 0.0866336394033594, 0.043971896436296384, 0.026704066550262317, 0.04012531583596702,
99, 1.678292598610387e-05, 1.678292598610387e-05, 1.678292598610387e-05, 1.678292598610387e-05, 1.678292615892268e-05, 1.678292598610387e-05, 1.678292598610387e-05, 0.31567444995955607, 0.02317319817273658, 0.1762307465781547, 0.2868704584986693, 0.08688412053113236, 0.044063088154456795, 0.0267678831840095, 0.040218573938720574,
100, 1.5074186113181178e-05, 1.5074186113181178e-05, 1.5074186113181178e-05, 1.5074186113181178e-05, 1.5074186265360984e-05, 1.5074186113181178e-05, 1.5074186113181178e-05, 0.3151928368317514, 0.02321472166669909, 0.17668234878119649, 0.28638746942572746, 0.08716603605331637, 0.04414218938006965, 0.026824009766160666, 0.040284868291360056,
101, 9.787784263036435e-06, 9.787784263036435e-06, 9.787784263036435e-06, 9.787784263036435e-06, 9.787784378993079e-06, 9.787784263036435e-06, 9.787784263036435e-06, 0.31468963228094105, 0.02325870262611094, 0.17713158165368573, 0.28588342208986267, 0.08745232280026545, 0.044255202734663865, 0.026911072779176835, 0.040349548044565677,
102, 1.01097899215271e-05, 1.01097899215271e-05, 1.01097899215271e-05, 1.01097899215271e-05, 1.0109790035156443e-05, 1.01097899215271e-05, 1.01097899215271e-05, 0.3141526399667304, 0.02330616903815458, 0.17759589153604546, 0.2853480994413773, 0.08774735793935286, 0.04436465366280506, 0.026994083583105618, 0.04042033580138673,
103, 7.536339261582769e-06, 7.536339261582769e-06, 7.536339261582769e-06, 7.536339261582769e-06, 7.536339363025827e-06, 7.536339261569061e-06, 7.536339261582769e-06, 0.313622403760659, 0.023348530740867277, 0.17808108409436918, 0.2848186112809658, 0.08806323425897603, 0.04446169448582092, 0.027068128942213793, 0.04048355755950734,
104, 1.2978199441655223e-05, 1.297819944167883e-05, 1.297819944167883e-05, 1.297819944167883e-05, 1.2978199602656377e-05, 1.2978199441655223e-05, 1.297819944167883e-05, 0.31305637232245204, 0.023391246290925816, 0.17857433507874107, 0.284257081308836, 0.0883839802135083, 0.044557850046756615, 0.027139610853332365, 0.040548675987131876,
105, 1.2103575077816692e-05, 1.2103575077816692e-05, 1.2103575077816692e-05, 1.2103575077816692e-05, 1.2103575240957289e-05, 1.2103575077816692e-05, 1.2103575077816692e-05, 0.312430937478045, 0.023452221702205636, 0.17913457028308954, 0.28363708108522695, 0.0887516276611699, 0.04465677850877987, 0.02721552495187188, 0.04063653280256864,
106, 1.8729967231608364e-05, 1.8729967231608364e-05, 1.8729967231608364e-05, 1.8729967231608364e-05, 1.8729967460147323e-05, 1.8729967231608364e-05, 1.8729967231608364e-05, 0.3117599895491818, 0.023517106130651704, 0.17971530863173127, 0.282974582285787, 0.0891314993058519, 0.04475200635699784, 0.027287135505811497, 0.04073126196128376,
107, 2.467600741267164e-05, 2.4676007412716527e-05, 2.4676007412716527e-05, 2.4676007412716527e-05, 2.4676007709453883e-05, 2.467600741267164e-05, 2.4676007412716527e-05, 0.31106705026081205, 0.02358716091154164, 0.18031173552848365, 0.28229104599833243, 0.08952872915706536, 0.044849262917180846, 0.0273628416230697, 0.04082944104895888,
108, 2.473353883727853e-05, 2.473353883727853e-05, 2.473353883727853e-05, 2.473353883727853e-05, 2.4733539138351915e-05, 2.4733538837233542e-05, 2.473353883727853e-05, 0.3103660527420131, 0.023664377393537956, 0.18093760530973185, 0.281598662989003, 0.0899502510120012, 0.044939481609394226, 0.027437864421139106, 0.04093256924879291,
109, 2.0695994757923394e-05, 2.0695994757923394e-05, 2.0695994757923394e-05, 2.0695994757923394e-05, 2.0695995012070158e-05, 2.0695994757923394e-05, 2.0695994757923394e-05, 0.3095830844307571, 0.02375733884787503, 0.18161262125911615, 0.28082668047724024, 0.090412557567869, 0.04506530535465495, 0.027545778498022127, 0.041051761099240906,
