Optimize time:20.205094923244584
Begin Prob:-13142.448042185466
End Prob:-12891.693964533002
Substitution parameters:[0.21017684526682684, 0.2774504989449699, 0.2750466982715645, 0.23732595751663868, 1.5158432028768083]
Trees:
(1:539.1059188958262,(5:539.1227717485227,(3:876.0732394862423,(2:616.7746556952443,4:619.6803994202003):534.266041293422):530.108674853343):661.3751764128315);
(1:867.1916880120094,(4:610.8965019414244,(5:545.085426789765,(2:779.007239715116,3:858.3575004469918):661.1169352887468):614.219946688005):530.0722675950273);
(1:546.8725898053962,(4:546.8647869448665,(2:612.6919539818232,(3:611.9271266401373,5:576.2359976562166):661.3684865638006):545.0934463122791):545.085426789765);
(1:518.8388729279641,(4:580.7484903627002,(3:619.6803994202003,(2:545.085426789765,5:545.0851492773035):661.6345466612877):576.2356551817192):764.0005221210411);
(1:545.085426789765,(3:661.3751764128315,(4:854.0949056072463,(2:545.9587560393784,5:846.9054440001912):545.0838674640239):545.085426789765):577.9064056942683);
(1:545.9450441257616,((2:539.1059188958262,5:572.2258268528509):616.7910935489605,(3:545.1019535135763,4:577.9249918428403):534.2660000356432):576.2359976562166);
(1:575.3293151085202,((4:530.2700507907999,5:545.085426789765):576.2382612506847,(2:539.1227717485227,3:546.8725898053962):519.0388282435881):882.7858010361348);
(1:612.6919539818232,(2:555.9413222575362,(4:546.8647869448665,(3:545.9587560393784,5:534.2660000356432):782.112802452494):545.0838674640239):433.0221226852594);
(1:545.0851492773035,(2:614.219946688005,(5:579.6875972236945,(3:545.085426789765,4:576.2382612506847):603.3259579203377):616.7910935489605):545.085426789765);
(1:999.9903551339665,(5:876.1214638164101,(4:619.6798391407433,(2:896.159693715377,3:867.1938864372986):661.3684865638006):575.3293151085202):545.085426789765);
(1:545.0854682080218,(5:866.0714763851247,(2:878.9879037320451,(3:576.2359976562166,4:763.9985315569653):568.021199336857):545.0851492773035):545.085426789765);
(1:763.9985315569653,(3:876.1214638164101,(5:619.6803994202003,(2:546.8725898053962,4:529.2988140488563):576.2382612506847):624.628699610121):546.8743903661081);
(1:546.8743903661081,(3:876.0732394862423,(2:876.0732394862423,(4:876.1214638164101,5:530.2700507907999):619.6803994202003):611.8037870715905):582.6602872846453);
(1:576.2359976562166,((2:576.2122645772924,4:619.6798391407433):867.1938864372986,(3:546.8725898053962,5:619.6798391407433):545.085426789765):513.3052048773184);
(1:590.437548034352,(2:522.513012978015,(3:585.1511897078752,(4:0.572235,5:0.677617):1e-06):1e-06):0.910865);

Position, Posteriors1, Posteriors2, Posteriors3, Posteriors4, Posteriors5, Posteriors6, Posteriors7, Posteriors8, Posteriors9, Posteriors10, Posteriors11, Posteriors12, Posteriors13, Posteriors14, Posteriors15,
0, 0.00027524544461963367, 0.000275245444619133, 0.0002752454446186323, 0.2518615689439357, 0.13749506802238606, 0.14295086728961265, 0.026176060640355797, 0.02607038468019051, 0.1235172751243964, 0.030336487490765396, 0.16820925440952866, 0.02112601492428405, 0.019260280214, 0.026284654615880813, 0.02588634674013831,
1, 0.00019202246219372096, 0.00019202246219337168, 0.00019202246219302238, 0.25248155927577004, 0.13768534459126744, 0.14316373270414046, 0.026007185297954483, 0.025901267100007157, 0.12367118502262223, 0.03017854260609727, 0.16850346442314004, 0.020935335370547842, 0.01906420379632595, 0.02611549869399517, 0.025716613160424447,
2, 5.7384704233069325e-05, 5.7384704232964944e-05, 5.7384704232964944e-05, 0.2531120357705692, 0.13787609779209478, 0.14337122144233821, 0.025868662465919987, 0.025763596253304877, 0.12379889061937764, 0.0300472578074788, 0.1687506787423412, 0.020780761211839943, 0.018902524299629724, 0.025979052976433804, 0.025577065934624985,
3, 5.07684867676145e-05, 5.07684867676145e-05, 5.0768486767522156e-05, 0.2536290717897731, 0.13800820155727048, 0.14351787619014833, 0.025726332239590567, 0.025621651292787085, 0.12387096919522983, 0.02991156492126445, 0.16892621511134215, 0.020624027906302717, 0.018740055371479727, 0.025837832517464444, 0.025433895875632176,
4, 3.158271759208238e-05, 3.158271759202493e-05, 3.158271759202493e-05, 0.25426851450642596, 0.13818189342287845, 0.14371750776682551, 0.025548010383229135, 0.025445563725315104, 0.12397202064774743, 0.029741315603649756, 0.16914823900214618, 0.020428299571482306, 0.018534712250590866, 0.025664447836801017, 0.025254726559546557,
5, 1.8896795718189513e-05, 1.889679571815514e-05, 1.889679571815514e-05, 0.25474532645156506, 0.1382632922677716, 0.14381697657088036, 0.02544199545224503, 0.025342528095202998, 0.1239954392881475, 0.029646800942899024, 0.16927239430200614, 0.020305407772224764, 0.018400055884094664, 0.02556541742198166, 0.02514767459421727,
6, 1.5357943217878922e-05, 1.5357943217850987e-05, 1.5357943217850987e-05, 0.2552224510880659, 0.13835447763096642, 0.14392272466477196, 0.025330259842904178, 0.025233736320610045, 0.12401257471570609, 0.02954770433853894, 0.16939251715436776, 0.020179450959059587, 0.01826225096647432, 0.025460868004393008, 0.02503490991464557,
7, 3.0107712580913137e-06, 3.0107712580858372e-06, 3.0107712580803603e-06, 0.2557857011470404, 0.1384959949058668, 0.1440751637675683, 0.02519109181993801, 0.025095441964301017, 0.12403838722538588, 0.02942230030996746, 0.16953213575652865, 0.020030458794936236, 0.018103577256110292, 0.025326025676677407, 0.024894688491172427,
8, 3.5930593749902783e-06, 3.5930593749837425e-06, 3.5930593749837425e-06, 0.25630335742651367, 0.13861550889143756, 0.144209071953469, 0.025060124982443817, 0.02496492820037097, 0.12406759696843511, 0.029303345749268343, 0.16967077475884532, 0.01988439156976475, 0.017949267286017163, 0.02519805686548162, 0.024762795598783683,
9, 1.8847631379424554e-06, 1.884763137939027e-06, 1.884763137939027e-06, 0.2567934415565687, 0.1387170937458248, 0.14432051064779275, 0.024949016373115005, 0.024855315007538445, 0.12407248960908854, 0.029200089205895213, 0.1697638865366249, 0.019762099471406763, 0.01781805633590204, 0.025091665617890196, 0.024650681031657844,
10, 1.427984626700373e-06, 1.4279846266977756e-06, 1.4279846266977756e-06, 0.25730608090493207, 0.1388213208880382, 0.144439540969743, 0.02483359412445416, 0.02474194360961446, 0.12407353914758532, 0.029093790069365147, 0.16985610177362015, 0.01963392947898632, 0.017679431343454923, 0.02498218322420977, 0.02453425994026895,
11, 3.9168692087066975e-07, 3.9168692087066975e-07, 3.9168692087066975e-07, 0.25783150656265535, 0.1389658337756877, 0.14458655727039554, 0.024696409760467594, 0.024602417767388026, 0.12409899556075862, 0.02896741885631664, 0.16998779394039584, 0.019489766257027957, 0.01753133569976917, 0.02484465788913222, 0.024396131027114555,
12, 8.698761935956557e-07, 8.698761935956557e-07, 8.698761935956557e-07, 0.2583271162904452, 0.13909577520615293, 0.14472194996715382, 0.0245667101623949, 0.02447009615803533, 0.12413018296804415, 0.028847362164505886, 0.1701229093014625, 0.01934869796002658, 0.017387376203676537, 0.024713629701093642, 0.024265583716730533,
13, 6.02725470167633e-07, 6.027254701665368e-07, 6.027254701665368e-07, 0.25891528266180364, 0.13924106900328498, 0.14488714566101799, 0.024410249675464978, 0.02431212724750316, 0.12418491005405416, 0.028702368444113186, 0.17029843197217118, 0.01917351768730042, 0.017206686959204683, 0.024558070977001176, 0.02410833090777058,
14, 1.7765649205584438e-07, 1.7765649205584438e-07, 1.7765649205584438e-07, 0.25941110050392036, 0.13939659968673565, 0.14505604220075988, 0.024258410159856858, 0.024158580479935153, 0.12425803727474487, 0.028562800288718566, 0.17049731226549392, 0.01900475448366675, 0.017032860282578555, 0.024407271745670443, 0.023955697085535292,
15, 3.504466049926047e-07, 3.504466049926047e-07, 3.504466049926047e-07, 0.2598776206605369, 0.13953741223837338, 0.1452131635830512, 0.0241144020124078, 0.024012566405433047, 0.12433706627806396, 0.02842979063225458, 0.17069971053861355, 0.01883939949787406, 0.01686356235141432, 0.024263262828247773, 0.023810991061104615,
16, 3.6883916828580185e-07, 3.6883916828580185e-07, 3.6883916828580185e-07, 0.26036149228259486, 0.13968683055813008, 0.14537666576391822, 0.023967191282000914, 0.02386367009949963, 0.1244083241475311, 0.02829330812144823, 0.17089121142062044, 0.018675236792640913, 0.01669508251984459, 0.024116783050551416, 0.02366309687090219,
17, 1.5455557830725586e-06, 1.5455557830725586e-06, 1.5455557830725586e-06, 0.2608359245959908, 0.1398307808402844, 0.14553461176562071, 0.02382513950168252, 0.023719625796033456, 0.12447088745675358, 0.028162563839658147, 0.17107264426339033, 0.018516010767207887, 0.01653190103476505, 0.023974863472904943, 0.023520409425734374,
18, 1.4859830668844487e-06, 1.4859830668844487e-06, 1.4859830668844487e-06, 0.2613735226626104, 0.14001336836531222, 0.14573136693019267, 0.023656999120448757, 0.02355061886718685, 0.12454743843280931, 0.02800554666599076, 0.17127473970284604, 0.01833513348175963, 0.016345599599322948, 0.023809561985413636, 0.023351645663926262,
19, 8.244349820584562e-07, 8.244349820569566e-07, 8.244349820569566e-07, 0.26198826418715787, 0.14023813362799772, 0.14596603942539815, 0.02346616753741086, 0.02335883337194193, 0.12461099682090485, 0.027828047568961917, 0.1714727031160594, 0.018139930561159034, 0.016145224525404442, 0.02362294646342541, 0.023160238915996986,
20, 3.755559018359905e-07, 3.755559018353074e-07, 3.755559018353074e-07, 0.26262184259051996, 0.14047267614070996, 0.14620922469612535, 0.023274175024035035, 0.02316622287621567, 0.12467057903252975, 0.027642302297951647, 0.171646010676265, 0.017946211176720503, 0.015946683863543212, 0.02343525095712906, 0.02296769342719854,
21, 6.74214484625911e-07, 6.74214484625911e-07, 6.742144846246846e-07, 0.26325463966190976, 0.14070562369107317, 0.14644859433444524, 0.023086526951113767, 0.022977612519893956, 0.12471420835417929, 0.027462767083072347, 0.17180322974109288, 0.01775900804004021, 0.015754808427697435, 0.02325143239221918, 0.02277952558580718,
22, 3.689372890604731e-07, 3.6893728905980204e-07, 3.689372890584598e-07, 0.2639288216901847, 0.1409600782609026, 0.14670650835369947, 0.022894106294415434, 0.02278486268165669, 0.12475106900384271, 0.027266766661006563, 0.17192006437749693, 0.017572732406392292, 0.015563577333621336, 0.023063716052977738, 0.02258658949690338,
23, 2.5735377397625285e-06, 2.5735377397625285e-06, 2.5735377397578474e-06, 0.2645610759459434, 0.14119413325037866, 0.14694808281313412, 0.022712283827188352, 0.02260228515159856, 0.12479498296073678, 0.02707996771284609, 0.17204087866189818, 0.017390908920530714, 0.01537815319181814, 0.022885157757411005, 0.02240436861872029,
24, 1.0594267626427988e-05, 1.0594267626408718e-05, 1.0594267626389446e-05, 0.2651942946572111, 0.14143211800356087, 0.14719940889684482, 0.022517657850593623, 0.022407091918825325, 0.12487121189063256, 0.02687727547878542, 0.172196491513486, 0.017192542920621574, 0.01517708837400008, 0.022693560904002725, 0.022209474213812086,
25, 9.235942392205935e-06, 9.235942392189135e-06, 9.235942392172335e-06, 0.2657752506304645, 0.14171073928642813, 0.14747236154957064, 0.022311812144046962, 0.02220129602865745, 0.12497980179467255, 0.026661364346028286, 0.1723866719058392, 0.01699664056834237, 0.014980213127316174, 0.022492836679464303, 0.02200330353748688,
26, 9.521802464290149e-06, 9.521802464272829e-06, 9.521802464255509e-06, 0.26637460255921064, 0.14200938807712551, 0.14775529917697913, 0.02209480443777199, 0.021985319688450203, 0.12508927463932973, 0.026433743436393216, 0.17257903656937895, 0.016798473146863606, 0.014782390117057516, 0.022283088624894632, 0.021786013545095035,
27, 4.693861933905999e-06, 4.693861933897461e-06, 4.693861933897461e-06, 0.2668314128980677, 0.1422164076545879, 0.1479465133347932, 0.02193664276296516, 0.021829176592345904, 0.12516930528891074, 0.026271832521477148, 0.17273823340694924, 0.016652406689453596, 0.014632711270108721, 0.022133936212587826, 0.021627339207761668,
28, 3.2424249095665415e-06, 3.2424249095606436e-06, 3.2424249095606436e-06, 0.2673028492437381, 0.14243074190368493, 0.14814265610126418, 0.021775041177669822, 0.021669901074900196, 0.12524027053924913, 0.0261061375438173, 0.172885059516309, 0.016506992809993803, 0.014483340365419808, 0.021982043388015942, 0.02146523848829919,
29, 2.6869422412147486e-06, 2.6869422412147486e-06, 2.6869422412147486e-06, 0.26781636426946004, 0.14266957112511114, 0.1483599114607819, 0.021599419928459863, 0.021496663372053602, 0.1253056223909357, 0.02592761020853258, 0.17303100496326212, 0.016353603063976818, 0.014326051665660568, 0.02181696194018723, 0.021289154211805522,
30, 3.566981426547229e-06, 3.566981426540741e-06, 3.566981426540741e-06, 0.26834718564152366, 0.14291794532797064, 0.14858524793366318, 0.021422430167709908, 0.021322370784367276, 0.12536685352723873, 0.025740902165259, 0.1731528612515746, 0.01620117985569553, 0.014170001597982637, 0.021650598064315154, 0.021111722166803168,
31, 1.8235830766120338e-06, 1.8235830766087166e-06, 1.8235830766087166e-06, 0.26886019554632484, 0.14315052954972288, 0.14878854412004225, 0.02127243726278341, 0.021175952881984712, 0.1253833629829144, 0.02557414520107458, 0.17319447648008887, 0.016078672693314106, 0.014042534932830343, 0.021512534707679873, 0.020961142320285554,
32, 1.3772878418920828e-06, 1.3772878418895777e-06, 1.3772878418895777e-06, 0.26934726749112964, 0.14336979268995592, 0.14898330255853856, 0.021118422308258184, 0.021026021730666984, 0.12541917599274377, 0.025411365037202326, 0.17328390345925254, 0.015949805094595548, 0.013908836359816696, 0.02137134318062999, 0.02080663166210182,
33, 2.841318145181842e-07, 2.841318145181842e-07, 2.841318145181842e-07, 0.26984111744484407, 0.1436359768678973, 0.14921357835749427, 0.020941302859784194, 0.020854435903399193, 0.1254837987653058, 0.025219695572724223, 0.17339790315851641, 0.015808505383775144, 0.013763756200716116, 0.0212099927928981, 0.02062908372480058,
34, 2.8866879487251257e-07, 2.8866879487251257e-07, 2.8866879487251257e-07, 0.27033254146060465, 0.14389925654137486, 0.1494388735758128, 0.020769391066082908, 0.020687580476395007, 0.1255318375460607, 0.025035511255729257, 0.17349564276701518, 0.015673508300283193, 0.013625104309942692, 0.021053107970336583, 0.020456778151641205,
35, 8.424519505300805e-07, 8.424519505300805e-07, 8.424519505300805e-07, 0.27082467815545813, 0.14416156925574322, 0.14966119866965674, 0.020601390578537188, 0.02052425722196888, 0.12556497437912476, 0.02485724660976816, 0.17357892329141703, 0.015543637813118873, 0.013491593599364643, 0.020899594181350425, 0.020288408315599842,
36, 5.878528286647558e-07, 5.878528286647558e-07, 5.878528286647558e-07, 0.27119462034337294, 0.14433953754175094, 0.14979735538241626, 0.020496519106654103, 0.020424291126476535, 0.1255377250728033, 0.024748242650901333, 0.17358990410887717, 0.015468283374258101, 0.013409219096054942, 0.020809656755316385, 0.020182881307921896,
37, 1.855849837725144e-07, 1.855849837725144e-07, 1.855849837721768e-07, 0.27157058637750797, 0.14453034912789195, 0.14994265834038698, 0.020387586782647023, 0.020320251077701787, 0.12550671238307368, 0.024636167422466364, 0.1735998398423147, 0.015391153902147627, 0.013324946068388377, 0.020715898298902836, 0.020073293048710843,
38, 5.378235303722372e-07, 5.378235303722372e-07, 5.378235303712589e-07, 0.27193776733661473, 0.14471548054328784, 0.15008248753286452, 0.02028391394081089, 0.020221069334759225, 0.12546755512279026, 0.02453024046254917, 0.17360095828883276, 0.01531820251235424, 0.013245089215831176, 0.02062662131251659, 0.01996900035319529,
39, 5.710240989926803e-07, 5.710240989926803e-07, 5.710240989926803e-07, 0.27233210660175855, 0.14491641661369795, 0.1502351370835546, 0.020175784471746897, 0.020117968892029228, 0.12542265346054762, 0.02441474298143874, 0.173579487971833, 0.015245133446966519, 0.01316473439192223, 0.02053385555515557, 0.019860264884931284,
40, 1.5306919295271152e-07, 1.5306919295271152e-07, 1.5306919295271152e-07, 0.27266521851272896, 0.14506888439665827, 0.15033118330256026, 0.02011694495866217, 0.02006454163040792, 0.1253013144943601, 0.02435043439809837, 0.1734601689490481, 0.01521914832517944, 0.013129936841484594, 0.020491204755373894, 0.019800559655076412,
41, 6.132086327362242e-07, 6.132086327362242e-07, 6.132086327362242e-07, 0.2729902610178613, 0.14521607849477397, 0.1504220602176181, 0.02006306754676009, 0.020015699185322235, 0.1251717237689675, 0.024292049344709243, 0.17333214733599867, 0.0151971441394324, 0.013099263196732871, 0.020452823698455996, 0.01974584185446322,
42, 3.8919407039696834e-07, 3.891940703962604e-07, 3.891940703962604e-07, 0.2733858320136759, 0.1453751119610688, 0.15054214267421315, 0.019991971199825837, 0.019947091159653103, 0.12506621248446032, 0.024211544822335247, 0.1732221309845203, 0.015148387286474057, 0.013045007976963096, 0.020389408909444816, 0.019673990372645788,
43, 3.281845569727986e-07, 3.281845569727986e-07, 3.281845569727986e-07, 0.2737634658709942, 0.14555324577919151, 0.1506602953454391, 0.019916615202602916, 0.019874612909015064, 0.12496605641820623, 0.024124530090612762, 0.17311415745701994, 0.015105806932159535, 0.012999755033896228, 0.020322513539298606, 0.019597960295898064,
44, 4.919528977853647e-07, 4.919528977844699e-07, 4.919528977844699e-07, 0.27411541092828395, 0.14571773203691535, 0.1507695056761175, 0.01984097748528398, 0.01980203856945305, 0.12488284517142118, 0.024041154111276483, 0.17303966776277213, 0.015060172605785035, 0.01295173340462767, 0.020255569493392554, 0.01952171632300603,
45, 5.178597904688068e-07, 5.178597904688068e-07, 5.178597904688068e-07, 0.27446428781686716, 0.14588361579898343, 0.15088361372225148, 0.0197589747986321, 0.019723234500928614, 0.1248217626979445, 0.023949680641698657, 0.1729883003874798, 0.015006928405294306, 0.01289674850369556, 0.02018211125564593, 0.0194391873169032,
46, 6.216484438217815e-07, 6.216484438217815e-07, 6.216484438217815e-07, 0.2747991099099214, 0.1460664029248161, 0.15099684908112498, 0.019673125672999257, 0.01964092629866664, 0.12476481153054193, 0.023852439949884396, 0.17293829122961915, 0.014958690637099382, 0.0128490809241085, 0.0201055292393536, 0.019352877082814655,
47, 5.568052986296651e-07, 5.568052986296651e-07, 5.568052986296651e-07, 0.2752336260606333, 0.14624570987322946, 0.15111092819769648, 0.019574742838364034, 0.01954642453147561, 0.12470818550950463, 0.02373939548861703, 0.17288490258589218, 0.014895947459033845, 0.012787983012131762, 0.02001634612560577, 0.01925413732777986,
48, 1.3906547840707172e-07, 1.3906547840707172e-07, 1.3906547840681878e-07, 0.2757142359832616, 0.14643665985511997, 0.15123479804828982, 0.019466558178874944, 0.01944233132924713, 0.12465054951486383, 0.023615730779898952, 0.17283139824387117, 0.014824970269038994, 0.012718986641985994, 0.01991772090867936, 0.01914564247595088,
49, 2.959371534453977e-07, 2.959371534453977e-07, 2.9593715344485936e-07, 0.2761942064811267, 0.14662600036882975, 0.151355052144611, 0.019362777094453616, 0.01934224392947595, 0.12457782732001146, 0.023498557466274744, 0.17276362086291594, 0.014759206705679909, 0.012655108390934006, 0.01982294252871956, 0.01904156832049405,
50, 3.212719362499326e-06, 3.212719362487638e-06, 3.212719362487638e-06, 0.2766415824250394, 0.14679853874603987, 0.1514630000265976, 0.01926632760291145, 0.019249098255977246, 0.12451304318454771, 0.02338799490256665, 0.17270166273243964, 0.014695670101969037, 0.01259416063101443, 0.019734394424635017, 0.01894488823259013,
51, 3.031132499698067e-06, 3.031132499692553e-06, 3.031132499692553e-06, 0.2771475442848682, 0.14699897451948268, 0.1515986349537636, 0.01915595418181759, 0.019141371092194298, 0.12445258790212817, 0.0232575496890126, 0.17263081170436964, 0.01462042451663576, 0.01252288418819353, 0.019629868650393838, 0.018834300344259862,
52, 3.844116766900879e-06, 3.844116766893887e-06, 3.844116766893887e-06, 0.2776705486344949, 0.1472075951157894, 0.15173987932768984, 0.01904258660635326, 0.019030882982474635, 0.12438384210017815, 0.023123745696291487, 0.17254886231744132, 0.01454541195770903, 0.012451505264343805, 0.01952288297923939, 0.018720724093017973,
53, 2.3342993455204055e-06, 2.3342993455119136e-06, 2.3342993455119136e-06, 0.2781588646641591, 0.14744158102679564, 0.1518997399741878, 0.018916751903705443, 0.01890876023144091, 0.1243426186787343, 0.022979218550662307, 0.17250905846772016, 0.014463234616622807, 0.012372988661821075, 0.01940546545317094, 0.018594714297919694,
54, 5.3777768698766455e-06, 5.377776869866864e-06, 5.3777768698570816e-06, 0.27863758295669655, 0.14766940805498652, 0.1520538162652772, 0.01879480518316099, 0.01879020595086581, 0.12429297604671181, 0.022839484962312792, 0.1724601302958174, 0.01438399640932874, 0.012297471018708792, 0.019291368509254433, 0.01847262044062391,
55, 4.309713014601656e-06, 4.309713014585978e-06, 4.309713014585978e-06, 0.2790530086681994, 0.1479385004696125, 0.152236778559841, 0.01866180262956603, 0.018658911834565365, 0.1242746350436951, 0.022689535683770086, 0.1724534913064572, 0.014298831642270618, 0.012217908203972038, 0.019164202174233622, 0.01833946406988558,
56, 3.5010423168460747e-06, 3.5010423168397063e-06, 3.5010423168397063e-06, 0.2793670737724575, 0.1482332227545466, 0.15243666510347803, 0.01852986639504971, 0.018528602859474552, 0.12427486391365573, 0.022542477600640966, 0.17247275617381772, 0.014216857602255729, 0.012141178230356108, 0.019038584030331505, 0.018207347860945543,
57, 3.903978795081252e-06, 3.903978795081252e-06, 3.903978795081252e-06, 0.27969597852347183, 0.1485368026776978, 0.1526424575333558, 0.018394892703885488, 0.018395491189635002, 0.12426709768858712, 0.02239205465968777, 0.17248133161319856, 0.014135138395044676, 0.012064362301769584, 0.018910480705725298, 0.018072199495717662,
58, 1.728386945797005e-06, 1.728386945793861e-06, 1.728386945793861e-06, 0.2800753499359998, 0.14888912294989018, 0.1528796478271096, 0.018239999735660296, 0.01824170347098096, 0.12426665538388143, 0.022214395345210917, 0.17248402604212712, 0.014044330696241464, 0.011982135802576926, 0.01876025674841219, 0.017917190324263838,
59, 1.020259310831072e-06, 1.0202593108292162e-06, 1.0202593108292162e-06, 0.2804714526419177, 0.14921500335966562, 0.15312043316270327, 0.018085852767656674, 0.01808915521809679, 0.1242778887489991, 0.022038237323665506, 0.17250195187711864, 0.01393961224304186, 0.01188312563990046, 0.018611289746700323, 0.017762935914830004,
60, 2.336212948764784e-07, 2.3362129487605347e-07, 2.3362129487605347e-07, 0.28080760812251804, 0.14948491059614416, 0.15329811017610648, 0.017984936806783074, 0.017990589542703633, 0.12420588935484071, 0.02191838444965192, 0.17241299738036323, 0.01388508457234241, 0.011831906917209332, 0.018517254572906126, 0.017661626067223817,
61, 5.724936104047038e-07, 5.724936104047038e-07, 5.724936104036624e-07, 0.28114353269521575, 0.14975313225674633, 0.15347209837670275, 0.01788812204213633, 0.017895770001842018, 0.1241190206788544, 0.021804680042214423, 0.17230998309085044, 0.013835342846139548, 0.011785336458859152, 0.018426832132870483, 0.017564431319718923,
62, 8.253909470845684e-07, 8.25390947083067e-07, 8.253909470815656e-07, 0.2814019908782172, 0.1500316509926998, 0.15365006179199586, 0.01779420320547818, 0.017803658415363553, 0.1240503933261718, 0.021694948983589726, 0.17223038284303493, 0.013788789682218043, 0.01174195294515364, 0.01833937413759461, 0.017470116048660347,
63, 1.4285369942396099e-06, 1.4285369942370114e-06, 1.4285369942370114e-06, 0.2816771811114875, 0.15032158500578824, 0.15383701968168517, 0.01769924065114388, 0.017710748534753774, 0.12397774065429389, 0.021578086773941883, 0.172125928285533, 0.0137430146969563, 0.011699484865146116, 0.018250914492930665, 0.01737476905782496,
64, 1.6141636349156968e-06, 1.6141636349127607e-06, 1.6141636349127607e-06, 0.2819856881519533, 0.15063444471077445, 0.15404169934003242, 0.017600870518572693, 0.017614882916227394, 0.12389750051911427, 0.021448086951928444, 0.17198089700045605, 0.013697953163234744, 0.011657527862137241, 0.01815959125438247, 0.01727601454162063,
65, 2.262086670841313e-06, 2.262086670841313e-06, 2.262086670841313e-06, 0.2823095149836933, 0.15095687100736954, 0.154252728267103, 0.017499698939581476, 0.017516434569462797, 0.12380923530430397, 0.021314862764460922, 0.17182477375235897, 0.013653148851916338, 0.011615506361876145, 0.018065975381721527, 0.01717446297839272,
66, 1.5144728023521161e-06, 1.5144728023521161e-06, 1.5144728023521161e-06, 0.2825416598260446, 0.15121341420026033, 0.15441045630998113, 0.017417551752982683, 0.017437729227039074, 0.12375839625743253, 0.02120757153771078, 0.171723397328525, 0.013618936157064138, 0.011581810802808947, 0.017992695215031693, 0.01709183738862368,
67, 3.9272526483899415e-07, 3.9272526483899415e-07, 3.9272526483899415e-07, 0.28282253704712484, 0.1515054671897021, 0.15459679515944091, 0.017319249521996042, 0.017343045375079205, 0.12369825326719149, 0.021083790619898242, 0.17161691549797264, 0.013575738385773353, 0.011539640565257388, 0.01790424152152022, 0.016993147095508677,
68, 5.177403110180663e-07, 5.177403110180663e-07, 5.177403110171245e-07, 0.28309725272987285, 0.15179268823714348, 0.15477884823906757, 0.017224832602420585, 0.01725196158724118, 0.12363138189400347, 0.020964884917737396, 0.1715033330419703, 0.013535400440317924, 0.01150033859612056, 0.017819163873146776, 0.016898360042182668,
69, 2.523440767533741e-06, 2.523440767533741e-06, 2.523440767533741e-06, 0.2833659478387726, 0.15207531340722694, 0.15495668159756257, 0.017134039504782032, 0.017164228449601485, 0.12355744781298512, 0.020850534560978316, 0.17138221603896206, 0.013497794684283972, 0.011463782428234365, 0.017737228635962582, 0.016807214142132196,
70, 5.509035286985465e-06, 5.5090352869754436e-06, 5.509035286965423e-06, 0.2836226137577172, 0.15239508945807292, 0.15513544604261623, 0.017034017831777833, 0.01706790124092687, 0.12348490606671336, 0.020724135627062552, 0.17125896030170376, 0.013467762584771285, 0.011438266445499034, 0.017647438784830723, 0.016706934175375027,
71, 4.329323047746516e-06, 4.329323047730766e-06, 4.329323047730766e-06, 0.2839336153838437, 0.1527232423486712, 0.15534154060543978, 0.016918957840599904, 0.01695754439379355, 0.12342775413172345, 0.020582012903985883, 0.1711575701244168, 0.013417733493041355, 0.01139092437954076, 0.017544469988550096, 0.016591645860899184,
72, 5.945359812333564e-06, 5.945359812333564e-06, 5.945359812333564e-06, 0.28425913947866543, 0.15306055016899867, 0.15555325126781025, 0.016800485402869755, 0.016844065506123128, 0.1233618046998356, 0.020435955260576816, 0.17104402655606385, 0.013367803064938916, 0.011343388148398763, 0.01743872955526292, 0.016472964233666513,
73, 5.0474178627228155e-06, 5.0474178627136345e-06, 5.0474178627136345e-06, 0.2846265093313896, 0.15339215156334382, 0.15578372449168934, 0.016669008050444294, 0.016716889623196843, 0.12332120248372622, 0.02027816410928648, 0.17096964554383776, 0.013295426515210047, 0.011273157035366002, 0.01731765793339592, 0.01634132048852804,
74, 1.2594161805249097e-06, 1.259416180522619e-06, 1.259416180522619e-06, 0.2851280700732391, 0.15373675873762774, 0.15604707915435745, 0.016503979611354365, 0.016557999057306486, 0.12330044201142353, 0.020088671575911998, 0.17093896377343318, 0.01318657102948809, 0.011165051113694483, 0.017166342487064102, 0.016176292549571106,
75, 9.968947916821332e-07, 9.968947916821332e-07, 9.968947916821332e-07, 0.28562878721351936, 0.15407908452239358, 0.15630629571053423, 0.016342274004314167, 0.0164020733918394, 0.12326470043533097, 0.019904530878991324, 0.17089388392550042, 0.013081889736755569, 0.011061010222911043, 0.017017876859471065, 0.016014601837656454,
76, 1.789909666670075e-07, 1.789909666670075e-07, 1.789909666670075e-07, 0.28600737365467405, 0.15432989968262975, 0.15647694718388377, 0.01624296108019815, 0.016308584394544398, 0.12317543754327055, 0.019791003539526238, 0.17078713484648486, 0.013028653450519876, 0.011004024342041254, 0.016932549893135796, 0.015914892840601675,
77, 8.70132036208407e-07, 8.70132036208407e-07, 8.701320362052414e-07, 0.28635269908009203, 0.15456161408692368, 0.15663429875473112, 0.016151580198301603, 0.016222581733383732, 0.12309633008737285, 0.01968469005704096, 0.17068836690252548, 0.012977880633873569, 0.010950232188329476, 0.01685394852016276, 0.015823166785720145,
78, 8.935662962842461e-07, 8.935662962842461e-07, 8.935662962826207e-07, 0.286696456022729, 0.15483515662980035, 0.15682082719710935, 0.016042563619361298, 0.01612004659434439, 0.12303990551361031, 0.01955568794434757, 0.17060675632153882, 0.012917932613017043, 0.01088832205708966, 0.016759750128172775, 0.015713914083512193,
79, 9.048762139434216e-07, 9.048762139417757e-07, 9.048762139417757e-07, 0.2870558186975668, 0.15511787094047189, 0.15701358273903526, 0.01593086530520758, 0.016015061129543314, 0.12297574274477217, 0.019423676704036216, 0.1705146581920117, 0.012858262500278174, 0.010826364860301614, 0.0166633957050847, 0.015601985276519195,
80, 2.7336153640266737e-06, 2.7336153640266737e-06, 2.7336153640266737e-06, 0.2873858925277049, 0.1553833981120363, 0.15719539596453994, 0.015818927154935433, 0.015910012809520792, 0.12292951713702982, 0.019295861057889586, 0.170459324268485, 0.012795217277259416, 0.010761372259396614, 0.016566991227218032, 0.015489888781541578,
81, 3.5634895256097556e-06, 3.5634895256097556e-06, 3.5634895256032737e-06, 0.28777198193443665, 0.15568639032467535, 0.15741303250374117, 0.015686452292434674, 0.015781706417448853, 0.12289228613452444, 0.01914570063781382, 0.17041564302664186, 0.012713300936873718, 0.010681008375442582, 0.016444468447558667, 0.015357337924200397,
82, 3.853246942507042e-06, 3.853246942507042e-06, 3.853246942500032e-06, 0.28819380711788445, 0.15601562103101818, 0.157653918801709, 0.015538139644538826, 0.01563790402602893, 0.12286199189873598, 0.018978591256680534, 0.17038191379005743, 0.012620403893967918, 0.010590178824509902, 0.016306926221575445, 0.015209043177576678,
83, 2.3032413307484337e-06, 2.3032413307484337e-06, 2.3032413307484337e-06, 0.2886069394349792, 0.15638024614200577, 0.15790745328059363, 0.015371256968015005, 0.015474456406304942, 0.12285144000756944, 0.0187975697587152, 0.17039315735943242, 0.012521173137756286, 0.01049677985887765, 0.016150324156133034, 0.015042293190349934,
84, 1.4815221393846623e-06, 1.4815221393819675e-06, 1.4815221393819675e-06, 0.289035762767473, 0.15676609114171308, 0.15817031988641655, 0.01519477031313637, 0.015302280899641627, 0.1228407736486703, 0.018606310278363587, 0.1704051374743531, 0.012419899736068003, 0.010402258412063726, 0.015985947168093043, 0.014866003132712247,
85, 1.5211303790088842e-06, 1.5211303790088842e-06, 1.5211303790061174e-06, 0.2894457940277161, 0.15720059740780848, 0.15843252772710875, 0.01500581463623588, 0.01511856093660403, 0.12283475423623787, 0.01839886116069851, 0.17041770801007608, 0.012329307531026014, 0.010323122314024973, 0.015810999778712344, 0.014677388268243503,
86, 9.78196821647916e-07, 9.78196821647916e-07, 9.78196821647916e-07, 0.28974584585460017, 0.15753700618652894, 0.15860865785551997, 0.014879988225134207, 0.014998080640528084, 0.12277608760384066, 0.01826179999206079, 0.1703684239711686, 0.012285217417277845, 0.010284808140545974, 0.015699684274793662, 0.014551464675031435,
87, 4.950105667629296e-07, 4.950105667629296e-07, 4.950105667629296e-07, 0.28988792419367865, 0.1577508470723779, 0.1586836548014043, 0.01481353414368414, 0.014937103283986806, 0.12271741652472874, 0.01819191088298316, 0.17032163147982074, 0.01228105230438268, 0.010280744108923953, 0.015648214212524582, 0.014484481386708962,
88, 2.9735258398361304e-07, 2.9735258398307215e-07, 2.9735258398253127e-07, 0.29004191975629684, 0.1579729021797998, 0.15876518169387224, 0.014746147901268975, 0.014875412740871357, 0.12265599051518421, 0.018117271180206524, 0.17025707811978136, 0.012277422976663179, 0.010277218832033641, 0.015595979515896748, 0.014416581958009786,
89, 9.322780572973368e-07, 9.322780572973368e-07, 9.322780572973368e-07, 0.2901914190248189, 0.15819149520285813, 0.15884361040727973, 0.014681977648487957, 0.014816697012814711, 0.12258843986543147, 0.01804654502226452, 0.17018604281238667, 0.012276327897923421, 0.010276191314127192, 0.015546551900300016, 0.014351904485071934,
90, 1.2760774799504598e-06, 1.2760774799481387e-06, 1.2760774799481387e-06, 0.29036748911849314, 0.15842892501648567, 0.158936178126078, 0.014609896157688231, 0.014750110398054272, 0.12251334472043961, 0.0179684095997122, 0.1701101715273794, 0.012271274704935518, 0.010271385596964798, 0.015489622094502446, 0.014279364135271744,
91, 1.875957469124614e-07, 1.875957469124614e-07, 1.875957469124614e-07, 0.29059763332053623, 0.1586644541343821, 0.1590353950883416, 0.014522220190348009, 0.014668788302331958, 0.12245229701921417, 0.017878219363442496, 0.17007104538343343, 0.012249513149845629, 0.010250008488964575, 0.015418514545124388, 0.014191347655449342,
92, 3.416815768577467e-07, 3.416815768577467e-07, 3.416815768577467e-07, 0.2908202091089796, 0.15889429680138273, 0.15912961735916048, 0.014439194698826393, 0.014591757351989258, 0.12238370159155743, 0.01779351376621574, 0.17002388438964233, 0.012231261156104307, 0.01023213697418167, 0.015351409966585659, 0.014107991218974318,
93, 1.1118407192218261e-07, 1.1118407192198037e-07, 1.1118407192198037e-07, 0.291057066749896, 0.15913285155824294, 0.15922954422840863, 0.01435387052356447, 0.01451262585784336, 0.12230785940148896, 0.017706308218028877, 0.1699670636029891, 0.012213359707839377, 0.010214308962922435, 0.015282465431129138, 0.01402234163326701,
94, 1.7542370207281487e-07, 1.7542370207249578e-07, 1.7542370207217668e-07, 0.29127270039752773, 0.15935840159223197, 0.15932087866884648, 0.014273790425903345, 0.014438447167855539, 0.12223961348327882, 0.017623836477403784, 0.16991644601279166, 0.012196989120055811, 0.010198440072655846, 0.01521796593884328, 0.0139419637995622,
95, 1.2816629609149439e-06, 1.2816629609149439e-06, 1.2816629609149439e-06, 0.29148938259279267, 0.1595833397697609, 0.1594095612747084, 0.014197081839442563, 0.014367329202199039, 0.12215759824283913, 0.017546322205612048, 0.16985292016486614, 0.012184730065249118, 0.010186508760365288, 0.0151564238786769, 0.01386495644279652,
96, 4.175025650380473e-07, 4.175025650380473e-07, 4.175025650380473e-07, 0.29169168120598515, 0.1597302077845013, 0.15946752817140059, 0.014141398374877153, 0.014317799642870005, 0.12208784680684169, 0.01749324218364253, 0.16980710834357887, 0.012170013775142192, 0.01016648349868168, 0.015116702034604626, 0.013808735099361579,
97, 1.3801166722146954e-06, 1.3801166722146954e-06, 1.3801166722146954e-06, 0.29189473142373507, 0.15987629996859348, 0.15952271841740395, 0.014088765714264036, 0.014271041155262362, 0.12200436942259853, 0.017444697097705603, 0.16974839355550034, 0.012159292227186286, 0.010150308056704282, 0.015079680709300313, 0.013755561331330022,
98, 6.536400375621609e-07, 6.536400375621609e-07, 6.536400375621609e-07, 0.2919642546360408, 0.15992974670002616, 0.1594952886236024, 0.014070826482969874, 0.014259681087394702, 0.1219539035365402, 0.017438443912329793, 0.16973950879779057, 0.012174493103967036, 0.01015584257458108, 0.015079331046755204, 0.01373671800754449,
99, 6.415504168291717e-07, 6.415504168291717e-07, 6.415504168291717e-07, 0.2920268852831831, 0.15998271625308905, 0.15947201269210246, 0.01404655792819054, 0.01424207804920474, 0.12192829385148986, 0.017423989793091593, 0.16975615638157296, 0.012181383144473687, 0.010154013573550247, 0.015072330092584952, 0.01371165773595568,
100, 4.966252665709327e-07, 4.966252665709327e-07, 4.966252665709327e-07, 0.2921106517782429, 0.16004894766294955, 0.15945936128066948, 0.014019216743906633, 0.014221749773821853, 0.12189729717915779, 0.01740283240162149, 0.16975195156547665, 0.012188250402218055, 0.01015186564999136, 0.015062836821075386, 0.013683548293597202,
101, 4.0039245634049307e-07, 4.0039245634049307e-07, 4.0039245633976473e-07, 0.29221082081245103, 0.16011719289253679, 0.15945305082751718, 0.013989118694693815, 0.01419900099703059, 0.12186268154738437, 0.01737963560881047, 0.16974639184038323, 0.0121914831458022, 0.010145408553631951, 0.015051312245932492, 0.01365270108628458,
102, 9.083743970828516e-08, 9.083743970828516e-08, 9.083743970828516e-08, 0.29233934076836976, 0.16020422982548835, 0.15946213888874605, 0.013950436175638785, 0.014167678295513528, 0.12182130610603897, 0.017348359790289928, 0.1697374530060233, 0.012189722990639761, 0.010134250203558423, 0.015031460816042915, 0.013613350050537494,
103, 2.6656164729906406e-07, 2.6656164729906406e-07, 2.6656164729906406e-07, 0.2924448990205076, 0.16027815009188265, 0.1594620919956325, 0.013917015784130226, 0.014141365508312282, 0.12178821540399878, 0.017321769284186005, 0.16973507147938974, 0.012189758033594615, 0.010125390754209011, 0.015016196057135795, 0.013579276331614001,
104, 3.9413429835632286e-07, 3.9413429835632286e-07, 3.9413429835632286e-07, 0.2925653936930927, 0.16033039918353417, 0.1594660930685325, 0.013883776861360109, 0.014115584254808853, 0.12176575801522918, 0.01729581265794632, 0.169746502055686, 0.012178963943619961, 0.010103602824560588, 0.015001544638918741, 0.013545385829950787,
105, 4.814392450744245e-07, 4.814392450744245e-07, 4.814392450744245e-07, 0.2926652499350919, 0.16037098677340852, 0.15946264644107935, 0.013847615525455857, 0.01408718111041842, 0.12175975342202301, 0.017271816956132956, 0.1697990664080039, 0.012163620030638507, 0.010077504070720274, 0.014984473186406869, 0.013508641254346896,
106, 5.00946931957535e-07, 5.009469319566237e-07, 5.009469319566237e-07, 0.29277071451231784, 0.1604150856153945, 0.15946253041010452, 0.013807821706563491, 0.014055486346144164, 0.12175448545857107, 0.017245472296405842, 0.1698588080276733, 0.012146210123674754, 0.010049173643050559, 0.014964401401826727, 0.013468307048555804,
107, 3.2550450090582695e-07, 3.2550450090523487e-07, 3.2550450090523487e-07, 0.29273353267483604, 0.1603602976032169, 0.15937100993667613, 0.013812769591912084, 0.014069472816110113, 0.12176161829649604, 0.017271170427640557, 0.16993870874204467, 0.012164639672269951, 0.010051565528355342, 0.014992047942076448, 0.013472189685676792,
108, 1.5847709062795556e-06, 1.5847709062795556e-06, 1.5847709062795556e-06, 0.2926770880709354, 0.16029431463190602, 0.15927114551345992, 0.013821682687416495, 0.014087322570325094, 0.12177538223623756, 0.017300558743517547, 0.1700242277439868, 0.012184443512286754, 0.010055680147543747, 0.015023359833625663, 0.013480039427868542,
109, 9.995177325874153e-07, 9.995177325874153e-07, 9.995177325874153e-07, 0.29261905550861966, 0.16022361451563774, 0.1591626142696259, 0.013839556688972729, 0.014114906507101605, 0.12177500373547334, 0.017336604302705942, 0.17007815834655854, 0.012215676545793416, 0.010069921927270704, 0.015065188650314967, 0.013496699879987062,
110, 8.08615129120422e-07, 8.086151291189512e-07, 8.086151291189512e-07, 0.29256627166176447, 0.16015626421900803, 0.15905738230891464, 0.013853806723920834, 0.014139144702355295, 0.12177519167139196, 0.01737020937851585, 0.1701389681064291, 0.012244756285503299, 0.010081907600110018, 0.015103885101285706, 0.013509785826804729,
111, 3.81048929311193e-06, 3.81048929311193e-06, 3.81048929311193e-06, 0.2924931296784334, 0.16007684916190734, 0.15894282851707675, 0.013871888988935452, 0.014167146659415345, 0.12178119979647128, 0.017407411190922067, 0.1702045467005037, 0.012275147219901509, 0.010095528646779319, 0.015146186238021943, 0.013526705166514627,
