Optimize time:20.294076663851737
Begin Prob:-13634.722026450036
End Prob:-13579.169410064567
Substitution parameters:[0.2111091800185874, 0.27830257951523707, 0.2805969808805681, 0.22999125958560732, 1.397198872746155]
Trees:
((3:855.3273665537673,(2:854.0486305460197,5:855.3292869779999):855.3292869779999):855.3292085592713,(1:855.3292869779999,4:855.2883522511191):854.1044632710219);
(1:854.1117103884654,((3:855.3273665537673,5:854.0486305460197):855.3292085592713,(2:855.3292869779999,4:855.3292085592713):855.2883522511191):854.1044632710219);
((2:855.3287494880376,(3:854.0468451910684,5:854.0486305460197):293.0328564939165):854.048464452487,(1:853.5940369315824,4:238.18666845928473):854.048464452487);
((5:855.2883522511191,(2:855.3273665537673,3:854.059238390085):855.3292085592713):852.3355985151891,(1:854.1021121477182,4:854.0486305460197):854.1027820370492);
(1:819.0617517539904,(2:854.1021121477182,(4:854.1007714390962,(3:274.83341177437586,5:855.3292869779999):855.2883522511191):854.1020565205442):854.0998353037004);
(1:854.1007714390962,((4:854.0998353037004,5:855.3292869779999):163.89937249599748,(2:855.3292085592713,3:235.2465161605117):855.3292869779999):855.3273665537673);
(1:855.3273665537673,(2:854.048464452487,(5:854.0485278945712,(3:854.0485278945712,4:854.048464452487):854.0485278945712):854.0485278945712):854.048464452487);
(1:853.5924900605329,(5:855.3287494880376,(4:855.3292869779999,(2:855.3292869779999,3:855.3292869779999):855.3292869779999):854.1010001535145):855.2883522511191);
((2:855.3292869779999,5:854.1021121477182):855.3273665537673,(4:852.1667358960259,(1:854.098530341994,3:854.0486305460197):855.3287494880376):854.0468451910684);
((2:854.1010001535145,(3:854.048464452487,4:854.048464452487):854.0468451910684):855.3292869779999,(1:855.3292869779999,5:854.048464452487):854.0486305460197);
(1:853.5924900605329,(3:846.1623515348243,(5:821.2835957854477,(2:846.1623515348243,4:821.2835957854477):846.1623515348243):821.2835957854477):846.1623515348243);
((3:853.6324766922503,(2:822.9613071203083,4:854.048464452487):854.0468911919643):853.6324766922503,(1:854.1021121477182,5:854.1021121477182):854.048464452487);
((2:855.3292085592713,5:854.048464452487):854.048464452487,(1:855.3292869779999,(3:854.048464452487,4:854.048464452487):854.048464452487):853.6324766922503);
(1:855.3292869779999,(3:852.5605960987996,(2:855.3292869779999,(4:855.3292869779999,5:852.5605960987996):855.3292869779999):855.3273665537673):854.1044632710219);
(1:227.95524704545244,(2:855.3292085592713,(3:216.1258382515446,(4:1.08902,5:0.933831):1e-06):1e-06):0.59327);

Position, Posteriors1, Posteriors2, Posteriors3, Posteriors4, Posteriors5, Posteriors6, Posteriors7, Posteriors8, Posteriors9, Posteriors10, Posteriors11, Posteriors12, Posteriors13, Posteriors14, Posteriors15,
0, 0.0010766905769724582, 0.0010766905769724582, 0.0010766905769724582, 0.0010766905769724582, 0.0010766905769783338, 0.0010766905832650827, 0.0010766905832650827, 0.0010766905769783338, 0.3624306088888323, 0.08176433348719747, 0.04793017849870735, 0.04665697385718548, 0.3633911819143223, 0.046430788226036385, 0.042782410323998266,
1, 0.0008739256616009141, 0.0008739256616009141, 0.0008739256616009141, 0.0008739256616009141, 0.0008739256616056831, 0.0008739256677529042, 0.0008739256677529042, 0.0008739256616056831, 0.3634851620388179, 0.08178522783134913, 0.04780600354964915, 0.046537955148801796, 0.36444925498548064, 0.046301289053892955, 0.0426437019126024,
2, 0.0006677207494973658, 0.0006677207494961511, 0.0006677207494973658, 0.0006677207494961511, 0.0006677207494985803, 0.0006677207547054717, 0.0006677207547054717, 0.0006677207495010094, 0.36460595332993934, 0.08178977435350172, 0.047659773393197706, 0.04639690370312736, 0.3655737543771682, 0.046149892354998216, 0.04248218230869649,
3, 0.0003665549834241384, 0.0003665549834241384, 0.0003665549834241384, 0.0003665549834241384, 0.0003665549834254719, 0.0003665549870239737, 0.0003665549870239737, 0.0003665549834254719, 0.36601566671353447, 0.08179663542183961, 0.047567247904300815, 0.04628392746010208, 0.36698799451502756, 0.046050768626406044, 0.04236531931101281,
4, 0.000257184604417606, 0.0002571846044171382, 0.0002571846044171382, 0.0002571846044171382, 0.0002571846044180738, 0.0002571846074387622, 0.00025718460743829436, 0.0002571846044185416, 0.36685763341455263, 0.08167909199037998, 0.04740283479526156, 0.046104641469799035, 0.36783290583021694, 0.04588250900203895, 0.04218290648407369,
5, 0.00015472592185993846, 0.00015472592185993846, 0.00015472592185993846, 0.00015472592185993846, 0.00015472592186050135, 0.00015472592395163632, 0.00015472592395163632, 0.00015472592186050135, 0.3676040685429312, 0.08159381513137243, 0.04726291931007613, 0.045956116258325796, 0.36858206491321144, 0.04573855330341214, 0.042024654988762164,
6, 3.9554391404588835e-05, 3.9554391404516885e-05, 3.9554391404588835e-05, 3.9554391404588835e-05, 3.955439140487663e-05, 3.955439203047335e-05, 3.955439203047335e-05, 3.955439140487663e-05, 0.368447622446629, 0.08148340109193293, 0.04711201230531895, 0.04577571364548481, 0.36942859928995175, 0.04558349434759903, 0.04185272156830586,
7, 2.335277138984335e-05, 2.3352771389758394e-05, 2.335277138980087e-05, 2.335277138980087e-05, 2.3352771389970786e-05, 2.335277180587723e-05, 2.3352771805962188e-05, 2.3352771390055743e-05, 0.36897075684713204, 0.08132099245629751, 0.046934135486407125, 0.04557017375146501, 0.36995377172809374, 0.04540310357168264, 0.04166024381501149,
8, 1.808648333471745e-05, 1.8086483334684548e-05, 1.808648333471745e-05, 1.808648333471745e-05, 1.8086483334881944e-05, 1.8086483664596942e-05, 1.808648366469564e-05, 1.8086483334914842e-05, 0.36946184393182546, 0.08115384565785902, 0.046752290606484975, 0.04535822452159341, 0.3704467713060094, 0.04521914026794909, 0.04146319166945789,
9, 1.2507722477237364e-05, 1.2507722477214613e-05, 1.2507722477237364e-05, 1.2507722477237364e-05, 1.2507722477396625e-05, 1.2507722715990712e-05, 1.2507722716036214e-05, 1.2507722477419376e-05, 0.3698700987704328, 0.0810287024044635, 0.04659921198094504, 0.04518569995535879, 0.3708567382906174, 0.04506376252773388, 0.04129572411884313,
10, 1.7145158057849275e-05, 1.71451580577869e-05, 1.7145158057818088e-05, 1.7145158057818088e-05, 1.7145158058005207e-05, 1.7145158316045297e-05, 1.714515831610767e-05, 1.714515805809877e-05, 0.3702374586132275, 0.08089800053828809, 0.046447292822438535, 0.045013015713334624, 0.3712256439964841, 0.04491005771222597, 0.04113136916731898,
11, 1.8100182296505087e-05, 1.8100182296406316e-05, 1.8100182296472164e-05, 1.8100182296472164e-05, 1.810018229666971e-05, 1.8100182556012373e-05, 1.8100182556045296e-05, 1.810018229676848e-05, 0.3706730484114595, 0.08073552432585702, 0.04628402803767913, 0.04480288490457116, 0.3716629454096047, 0.044744989671780616, 0.04095177760877141,
12, 2.2743129137393394e-05, 2.2743129137310656e-05, 2.2743129137352025e-05, 2.2743129137352025e-05, 2.2743129137600243e-05, 2.274312941696855e-05, 2.274312941696855e-05, 2.274312913768298e-05, 0.37108113908390344, 0.0805826748646917, 0.04612428049851925, 0.044598842681073475, 0.3720726817336344, 0.04458356726267848, 0.040774868671126334,
13, 2.369460478126763e-05, 2.369460478122453e-05, 2.369460478126763e-05, 2.369460478126763e-05, 2.3694604781483134e-05, 2.3694605059652054e-05, 2.3694605059652054e-05, 2.3694604781526234e-05, 0.37148671603729067, 0.08044925523319559, 0.045967889950415, 0.04440282380970718, 0.3724799209596472, 0.044425409580296574, 0.04059842741966981,
14, 2.4893940806816265e-05, 2.4893940806770983e-05, 2.4893940806816265e-05, 2.4893940806816265e-05, 2.489394080699739e-05, 2.489394109163888e-05, 2.4893941091684162e-05, 2.4893940807087956e-05, 0.3718777264794066, 0.08032829229308183, 0.04581463297927597, 0.044213699528211435, 0.37287256983779776, 0.04427047332049444, 0.040423453864555044,
15, 2.3896928187477453e-05, 2.3896928187390517e-05, 2.3896928187477453e-05, 2.3896928187477453e-05, 2.3896928187607855e-05, 2.3896928466369803e-05, 2.3896928466413273e-05, 2.3896928187694795e-05, 0.37226676891258753, 0.0802282710462386, 0.0456572843481838, 0.04403255044296088, 0.37326325218534284, 0.04411128500640896, 0.04024941246224842,
16, 1.812201203609701e-05, 1.8122012036031084e-05, 1.812201203609701e-05, 1.812201203609701e-05, 1.812201203616294e-05, 1.8122012254646662e-05, 1.812201225471259e-05, 1.8122012036228866e-05, 0.37271523897030595, 0.0801207803296032, 0.04548190088086403, 0.043832206213964435, 0.37371351836477773, 0.04393401379828745, 0.04005736517696298,
17, 1.1514945935469769e-05, 1.1514945935406932e-05, 1.1514945935448823e-05, 1.1514945935448823e-05, 1.1514945935490714e-05, 1.1514946079742819e-05, 1.151494607978471e-05, 1.1514945935574497e-05, 0.37316466305396284, 0.0800189685025464, 0.04530591071004149, 0.043633990009791804, 0.37416475571804975, 0.043756191316145936, 0.039863400953323615,
18, 8.984322622564639e-06, 8.98432262251561e-06, 8.984322622548296e-06, 8.984322622548296e-06, 8.984322622580981e-06, 8.984322731829842e-06, 8.984322731862528e-06, 8.98432262264635e-06, 0.37363200321824264, 0.07988020067502909, 0.04512864786802214, 0.04341015592242413, 0.37463392797125356, 0.043577321988954414, 0.03966586760653605,
19, 8.018945173136957e-06, 8.018945173093197e-06, 8.01894517312237e-06, 8.01894517312237e-06, 8.01894517316613e-06, 8.018945266402247e-06, 8.018945266416834e-06, 8.018945173224475e-06, 0.3741280017115224, 0.07972891317792348, 0.04494124539860152, 0.04316222963057731, 0.3751318010976603, 0.04338857051761523, 0.03945508673602585,
20, 8.765637633597723e-06, 8.76563763354989e-06, 8.765637633597723e-06, 8.765637633597723e-06, 8.765637633629612e-06, 8.765637727495484e-06, 8.765637727511429e-06, 8.765637633677446e-06, 0.3744947110218564, 0.07962495943727765, 0.04479844983706629, 0.04297468969744798, 0.37550008565453935, 0.04324404227962902, 0.03929293680240358,
21, 1.2307032160988566e-05, 1.2307032160943794e-05, 1.2307032160966179e-05, 1.2307032160966179e-05, 1.2307032161010953e-05, 1.2307032275651508e-05, 1.2307032275673895e-05, 1.2307032161078111e-05, 0.3748426811024539, 0.07952725858368453, 0.044657471133745276, 0.04279107362259638, 0.3758495816141213, 0.04310148937677359, 0.039131988140629986,
22, 1.2393199936140945e-05, 1.2393199936095859e-05, 1.2393199936140945e-05, 1.2393199936140945e-05, 1.2393199936140945e-05, 1.2393200055055795e-05, 1.2393200055100881e-05, 1.2393199936208573e-05, 0.37512352192359605, 0.0794694255944208, 0.044544683527318815, 0.04264530140573256, 0.3761318346825143, 0.04298663947254414, 0.03899944762589072,
23, 1.1096102270418603e-05, 1.109610227039842e-05, 1.1096102270418603e-05, 1.1096102270418603e-05, 1.1096102270438786e-05, 1.1096102373012313e-05, 1.1096102373032496e-05, 1.1096102270479154e-05, 0.3754496486344247, 0.07938972799641188, 0.04442215799589164, 0.042472825563952966, 0.37645947593219603, 0.04286207775879281, 0.0388553171318061,
24, 1.0166115705452996e-05, 1.0166115705434504e-05, 1.0166115705452996e-05, 1.0166115705452996e-05, 1.0166115705452996e-05, 1.0166115794621695e-05, 1.0166115794621695e-05, 1.0166115705489981e-05, 0.3757887025239701, 0.0793061675017023, 0.04429319794686729, 0.04229433550110904, 0.3768000764691502, 0.04273117921121589, 0.03870501175080456,
25, 6.317885336025996e-06, 6.317885336025996e-06, 6.317885336025996e-06, 6.317885336025996e-06, 6.3178853360604725e-06, 6.317885402025509e-06, 6.317885402025509e-06, 6.317885336071965e-06, 0.37614823114247886, 0.0792235053619858, 0.044160946591789804, 0.04210931516628817, 0.3771612302629435, 0.04259688488695025, 0.038549343334978135,
26, 4.1742586247203505e-06, 4.174258624712758e-06, 4.174258624712758e-06, 4.174258624712758e-06, 4.174258624735536e-06, 4.174258681826794e-06, 4.174258681819201e-06, 4.174258624750722e-06, 0.3765008872246325, 0.0791446394352441, 0.04402758256263725, 0.0419239659168887, 0.37751544036694423, 0.0424618011389436, 0.03839228911651623,
27, 4.263411234834525e-06, 4.263411234834525e-06, 4.263411234834525e-06, 4.263411234834525e-06, 4.263411234857791e-06, 4.263411291873285e-06, 4.263411291881041e-06, 4.263411234865546e-06, 0.3768700458092051, 0.07905717193385452, 0.04388347857815522, 0.041725569590658526, 0.37788614915663976, 0.042316254624036875, 0.03822722284772951,
28, 6.490744659948014e-06, 6.490744659948014e-06, 6.490744659948014e-06, 6.490744659948014e-06, 6.490744659971627e-06, 6.490744735734553e-06, 6.490744735746359e-06, 6.490744659983434e-06, 0.3772353286741749, 0.07896928470792759, 0.043737999304796875, 0.04152311307895054, 0.37825293711476254, 0.042169584474444584, 0.038059826518824634,
29, 9.644973128386718e-06, 9.644973128386718e-06, 9.644973128386718e-06, 9.644973128386718e-06, 9.64497312843935e-06, 9.644973236791738e-06, 9.644973236809281e-06, 9.64497312843935e-06, 0.37761075468474786, 0.07887558454337261, 0.04358688566157114, 0.04131649600529805, 0.37862989171094097, 0.04201748660944229, 0.03788574083090341,
30, 1.2569994969812636e-05, 1.2569994969812636e-05, 1.2569994969812636e-05, 1.2569994969812636e-05, 1.2569994969858366e-05, 1.2569995095797066e-05, 1.2569995095842796e-05, 1.2569994969858366e-05, 0.3779856076548512, 0.07879673514116362, 0.0434316400803291, 0.041112912689245704, 0.37900626877474053, 0.04186134099861059, 0.03770493453228662,
31, 1.2612230258330187e-05, 1.2612230258330187e-05, 1.2612230258330187e-05, 1.2612230258330187e-05, 1.2612230258353128e-05, 1.261223038815621e-05, 1.2612230388225035e-05, 1.2612230258353128e-05, 0.3784239723136426, 0.0786802644006863, 0.04326787829440323, 0.040870450147736825, 0.3794463160850042, 0.04169661235452625, 0.037513608391466925,
32, 1.0929029512275448e-05, 1.0929029512255568e-05, 1.0929029512255568e-05, 1.0929029512255568e-05, 1.0929029512275448e-05, 1.0929029623045633e-05, 1.0929029623105272e-05, 1.0929029512295328e-05, 0.3787239204900554, 0.07860607384946376, 0.0431615512484033, 0.0407021550703036, 0.3797476743034637, 0.04158852328750248, 0.03738266934431226,
33, 7.44196668616249e-06, 7.44196668616249e-06, 7.44196668616249e-06, 7.44196668616249e-06, 7.441966686189564e-06, 7.441966773042049e-06, 7.441966773069123e-06, 7.441966686203101e-06, 0.37896289388735865, 0.07857324422058387, 0.04307150651921471, 0.040570489970910825, 0.37998795916948197, 0.041496138106839976, 0.03727823222077914,
34, 7.720462738737885e-06, 7.720462738737885e-06, 7.720462738737885e-06, 7.720462738737885e-06, 7.720462738780015e-06, 7.720462815148241e-06, 7.720462815176329e-06, 7.720462738794059e-06, 0.3791987657567393, 0.07852790298225508, 0.04297839091818738, 0.04043713928712744, 0.38022509657975534, 0.04140112491235781, 0.037169815689603966,
35, 7.722012123982365e-06, 7.722012123982365e-06, 7.722012123982365e-06, 7.722012123982365e-06, 7.722012124024503e-06, 7.72201219303377e-06, 7.722012193047817e-06, 7.722012124038549e-06, 0.37944141334664594, 0.0784747615038829, 0.04288596189526163, 0.040299610380897015, 0.3804690262714554, 0.04130682879375234, 0.03706062153876403,
36, 8.096538841267826e-06, 8.096538841267826e-06, 8.096538841267826e-06, 8.096538841267826e-06, 8.09653884129728e-06, 8.096538901577014e-06, 8.09653890159174e-06, 8.096538841312009e-06, 0.3796918398172349, 0.07840982132651231, 0.042793985759079556, 0.04015566834663043, 0.3807207464217406, 0.041213083165518076, 0.03695008268035173,
37, 6.2780557788024515e-06, 6.278055778791032e-06, 6.2780557788024515e-06, 6.2780557788024515e-06, 6.2780557788024515e-06, 6.278055825063724e-06, 6.278055825075144e-06, 6.278055778825291e-06, 0.3799863512522632, 0.0783399789011662, 0.042685112789223836, 0.03999570493254041, 0.381016663450363, 0.041102496453105306, 0.036823467601440986,
38, 3.97880942004542e-06, 3.97880942004542e-06, 3.97880942004542e-06, 3.97880942004542e-06, 3.978809420052657e-06, 3.978809447272565e-06, 3.978809447279802e-06, 3.978809420052657e-06, 0.38023565014446326, 0.07827392103440056, 0.042598304130729965, 0.039861161161518534, 0.3812672882523104, 0.04101368355266496, 0.036718161075303735,
39, 2.0381574139501133e-06, 2.038157413946406e-06, 2.0381574139501133e-06, 2.0381574139501133e-06, 2.0381574139538203e-06, 2.0381574284571174e-06, 2.0381574284645323e-06, 2.0381574139575278e-06, 0.38048548392881104, 0.07821185377650977, 0.04250716533732221, 0.03972903566734689, 0.38151844344887686, 0.04092064955782695, 0.03661106285082514,
40, 1.5144829463843086e-06, 1.5144829463815537e-06, 1.5144829463843086e-06, 1.5144829463843086e-06, 1.5144829463870634e-06, 1.5144829580262136e-06, 1.5144829580289684e-06, 1.5144829463870634e-06, 0.38072387436922883, 0.07815346090984175, 0.04241788145518835, 0.03959884473379398, 0.3817580793496113, 0.040829724566063666, 0.03650601857892681,
41, 1.3016417478021687e-06, 1.3016417478021687e-06, 1.3016417478021687e-06, 1.3016417478021687e-06, 1.3016417478045363e-06, 1.301641754935966e-06, 1.3016417549383336e-06, 1.3016417478045363e-06, 0.3808676147308089, 0.07813472535535256, 0.04236269403947266, 0.03951252633999364, 0.3819028768547025, 0.04077239910651062, 0.03643675026480556,
42, 5.564999452222095e-07, 5.564999452211971e-07, 5.564999452211971e-07, 5.564999452211971e-07, 5.564999452232217e-07, 5.564999476779704e-07, 5.564999476789827e-07, 5.56499945224234e-07, 0.38101477505108244, 0.07812244584781443, 0.04230393673482359, 0.039426365104165355, 0.3820510979231705, 0.04071155813651731, 0.03636536902744174,
43, 1.1261959751097056e-06, 1.1261959751097056e-06, 1.1261959751097056e-06, 1.1261959751097056e-06, 1.1261959751138027e-06, 1.1261959778567959e-06, 1.1261959778629415e-06, 1.1261959751138027e-06, 0.38114535282715156, 0.07811154671686281, 0.042250441109942374, 0.03934436568655261, 0.38218263608451264, 0.040656282679509236, 0.03630036515380627,
44, 1.4737815991481916e-06, 1.4737815991481916e-06, 1.4737815991481916e-06, 1.4737815991481916e-06, 1.4737815991535531e-06, 1.4737816029710025e-06, 1.4737816029790449e-06, 1.4737815991535531e-06, 0.38128485173269133, 0.07809688952902688, 0.042193602031976626, 0.03926056404655125, 0.3823231104589944, 0.04059783576673909, 0.03623135600720705,
45, 2.353712196532583e-06, 2.353712196528302e-06, 2.353712196528302e-06, 2.353712196528302e-06, 2.3537121965411463e-06, 2.353712203579731e-06, 2.353712203592575e-06, 2.3537121965454276e-06, 0.38141274689854426, 0.07808947855557649, 0.0421394690148579, 0.03918094591824875, 0.38245194989132103, 0.04054218927668395, 0.0361643905731754,
46, 2.285951176506189e-06, 2.285951176506189e-06, 2.285951176506189e-06, 2.285951176506189e-06, 2.2859511765186634e-06, 2.2859511849887557e-06, 2.2859511850053885e-06, 2.2859511765186634e-06, 0.38157291230318435, 0.07807238603902057, 0.042072970982860766, 0.03909178941923499, 0.38261312703612865, 0.040474313264181834, 0.03608421317213191,
47, 3.4239457798180895e-06, 3.4239457798180895e-06, 3.4239457798180895e-06, 3.4239457798180895e-06, 3.423945779843002e-06, 3.423945792093716e-06, 3.4239457921124005e-06, 3.423945779843002e-06, 0.3817305309012149, 0.07805566854124098, 0.04200590194233801, 0.03900002901684526, 0.38277171912589353, 0.040406070044870054, 0.03600268868679421,
48, 4.209181397732494e-06, 4.209181397732494e-06, 4.209181397732494e-06, 4.209181397732494e-06, 4.20918139776312e-06, 4.209181412723836e-06, 4.2091814127468054e-06, 4.20918139776312e-06, 0.38190001509441157, 0.07802503604887095, 0.041938191363161854, 0.038903692172818895, 0.38294219997249895, 0.04033716039089472, 0.035920031331232186,
49, 3.0358837691725308e-06, 3.0358837691614863e-06, 3.0358837691670085e-06, 3.0358837691614863e-06, 3.0358837691835752e-06, 3.0358837849937493e-06, 3.035883785010316e-06, 3.0358837691835752e-06, 0.3820860092158821, 0.0779978076911722, 0.041865061721074855, 0.038804379840976004, 0.3831292460304788, 0.0402628359179095, 0.03583037233724701,
50, 3.838508899433074e-06, 3.83850889941911e-06, 3.838508899433074e-06, 3.838508899426092e-06, 3.8385088994400564e-06, 3.838508923193525e-06, 3.838508923207489e-06, 3.838508899447039e-06, 0.38226708136291204, 0.07797083541037567, 0.041791212880180256, 0.038701748979041994, 0.3833113160743758, 0.04018806574601742, 0.03573903130131698,
51, 3.6215570004330893e-06, 3.621557000419914e-06, 3.6215570004330893e-06, 3.6215570004265015e-06, 3.621557000452852e-06, 3.621557026855848e-06, 3.621557026869023e-06, 3.621557000452852e-06, 0.3824376155783602, 0.07793966641195361, 0.041725857039871576, 0.03860971395831449, 0.38348284090924045, 0.0401216088434901, 0.035653724627830424,
52, 4.3231747327373386e-06, 4.323174732729475e-06, 4.3231747327373386e-06, 4.323174732729475e-06, 4.323174732753066e-06, 4.323174766480943e-06, 4.323174766504535e-06, 4.32317473276093e-06, 0.3826225325570737, 0.07790189045964234, 0.04165282536902318, 0.038509069778564387, 0.38366875261473576, 0.04004767082163622, 0.035562672826215856,
53, 3.658078799038212e-06, 3.6580787990315575e-06, 3.658078799038212e-06, 3.6580787990315575e-06, 3.6580787990648277e-06, 3.6580788331133795e-06, 3.6580788331399954e-06, 3.658078799078136e-06, 0.3828067087516074, 0.0778804182605427, 0.04157569290557856, 0.038413231957645476, 0.3838539283914748, 0.03996953348482623, 0.03547122144367901,
54, 5.804734744667147e-06, 5.804734744667147e-06, 5.804734744667147e-06, 5.804734744667147e-06, 5.804734744719941e-06, 5.804734797967722e-06, 5.804734798009958e-06, 5.804734744730499e-06, 0.3829854075998088, 0.07785044959267315, 0.04149769819904049, 0.03831673913692801, 0.38403357812007405, 0.039890877189350506, 0.03537881210907471,
55, 7.312644783432554e-06, 7.312644783432554e-06, 7.312644783432554e-06, 7.312644783432554e-06, 7.31264478348576e-06, 7.312644854503128e-06, 7.312644854556334e-06, 7.312644783499061e-06, 0.38319130272510227, 0.07781411685265058, 0.04140892480905241, 0.03820750293528085, 0.3842404725628296, 0.03980152989978983, 0.03527764888306211,
56, 8.37135151011702e-06, 8.37135151011702e-06, 8.37135151011702e-06, 8.37135151011702e-06, 8.371351510177929e-06, 8.371351586863115e-06, 8.371351586924025e-06, 8.371351510193157e-06, 0.3832400964419084, 0.0778505076481951, 0.04137840507127459, 0.03816908415793833, 0.38429000550579256, 0.039769310172973193, 0.03523562001466878,
57, 8.532324444326603e-06, 8.532324444326603e-06, 8.532324444326603e-06, 8.532324444326603e-06, 8.532324444404205e-06, 8.532324526475063e-06, 8.532324526537144e-06, 8.532324444419724e-06, 0.38330752876841917, 0.0778953064538648, 0.04133504456317923, 0.03812753221153856, 0.38435821238936335, 0.039724334891745816, 0.035183781951703144,
58, 1.0638326007110578e-05, 1.0638326007071875e-05, 1.0638326007091227e-05, 1.0638326007091227e-05, 1.063832600716863e-05, 1.063832610100164e-05, 1.0638326101059695e-05, 1.0638326007207333e-05, 0.383356872747683, 0.07794865302189721, 0.04129457828827883, 0.03809020569216207, 0.3844082955125343, 0.03968230559730374, 0.03513398235654051,
59, 1.0633894980366572e-05, 1.063389498034723e-05, 1.0633894980366572e-05, 1.0633894980366572e-05, 1.06338949804246e-05, 1.0633895080137468e-05, 1.0633895080195497e-05, 1.0633894980443943e-05, 0.3834564903145937, 0.07796358044574159, 0.04124952022799221, 0.038023623698553694, 0.38450875026707854, 0.03963571293463537, 0.035077250777016365,
60, 1.3197089626932868e-05, 1.3197089626884859e-05, 1.3197089626932868e-05, 1.3197089626932868e-05, 1.3197089626956873e-05, 1.3197089750392467e-05, 1.3197089750488489e-05, 1.3197089627004885e-05, 0.3835342894534826, 0.07799348061833024, 0.041202742983753815, 0.0379646417801415, 0.3845873400390417, 0.03958738226429365, 0.0350245459705683,
61, 1.5281667636856303e-05, 1.5281667636828504e-05, 1.5281667636856303e-05, 1.5281667636856303e-05, 1.5281667636939692e-05, 1.5281667786127222e-05, 1.5281667786210614e-05, 1.528166763696749e-05, 0.3835780320322081, 0.07804483561248533, 0.041165846661551334, 0.03792315043808325, 0.384631835569702, 0.039548542474948316, 0.034985503693807256,
62, 1.6276187528372975e-05, 1.6276187528313764e-05, 1.627618752834337e-05, 1.627618752834337e-05, 1.627618752840258e-05, 1.6276187692450606e-05, 1.627618769256903e-05, 1.6276187528461795e-05, 0.3835161875222563, 0.07815582005980379, 0.04116714445216952, 0.03792932364787806, 0.3845705992518427, 0.03954704803478253, 0.03498366735461076,
63, 1.4231407225200289e-05, 1.4231407225148515e-05, 1.4231407225200289e-05, 1.4231407225200289e-05, 1.4231407225277948e-05, 1.4231407389011826e-05, 1.4231407389089487e-05, 1.4231407225303835e-05, 0.38346962331422363, 0.07827221223887644, 0.04116530043135479, 0.03793456985323722, 0.384524690813911, 0.039542380831795176, 0.034977371083902274,
64, 1.2237534357846007e-05, 1.2237534357823746e-05, 1.2237534357846007e-05, 1.2237534357846007e-05, 1.2237534357890527e-05, 1.2237534506386622e-05, 1.2237534506475662e-05, 1.2237534357935047e-05, 0.3834156033526366, 0.07834903547843496, 0.041180383914502655, 0.03794717226178576, 0.3844713143942844, 0.03955434735843468, 0.03498424279013634,
65, 1.0679341146206987e-05, 1.0679341146187561e-05, 1.0679341146206987e-05, 1.0679341146206987e-05, 1.0679341146304115e-05, 1.067934128354604e-05, 1.0679341283604315e-05, 1.067934114632354e-05, 0.38336244043151513, 0.07842834362025448, 0.04119181349633203, 0.0379610748593255, 0.38441879631600906, 0.03956274202707157, 0.03498935434565275,
66, 1.1171014554179665e-05, 1.1171014554179665e-05, 1.1171014554179665e-05, 1.1171014554179665e-05, 1.1171014554260944e-05, 1.1171014690831376e-05, 1.1171014690912656e-05, 1.1171014554281264e-05, 0.3832857061452166, 0.07852540998918184, 0.04120280230230296, 0.03798375263845212, 0.38434266643039594, 0.03957061227489006, 0.03499968192810169,
67, 1.2127626833119208e-05, 1.2127626833097148e-05, 1.2127626833119208e-05, 1.2127626833119208e-05, 1.2127626833207449e-05, 1.212762697695057e-05, 1.212762697701675e-05, 1.2127626833229507e-05, 0.3832195057304749, 0.07860520464643375, 0.04121311093614226, 0.038001502986707056, 0.3842770804411426, 0.03957782031960735, 0.035008753749845155,
68, 1.0184381714049052e-05, 1.0184381714012001e-05, 1.0184381714049052e-05, 1.0184381714049052e-05, 1.0184381714141679e-05, 1.018438184435589e-05, 1.018438184439294e-05, 1.0184381714160203e-05, 0.3831548487651285, 0.0787056023425099, 0.041219604567184015, 0.03802588822461086, 0.38421306714008235, 0.039580969760484745, 0.03501854397001265,
69, 9.92515257041283e-06, 9.925152570394777e-06, 9.92515257041283e-06, 9.92515257041283e-06, 9.925152570485045e-06, 9.92515270314398e-06, 9.925152703162034e-06, 9.925152570503099e-06, 0.3831092018154149, 0.07879685425672103, 0.041215473513804425, 0.03803662635715743, 0.38416807033184874, 0.03957372033195378, 0.035020651996866506,
70, 1.047030055746478e-05, 1.0470300557426691e-05, 1.047030055746478e-05, 1.047030055746478e-05, 1.0470300557502871e-05, 1.0470300700209798e-05, 1.047030070024789e-05, 1.0470300557540962e-05, 0.3830761523468157, 0.07886883570731472, 0.04121060883949878, 0.03803893603067197, 0.3841356833638536, 0.039565894598799306, 0.03502012653306055,
71, 1.2770492800968116e-05, 1.2770492800921657e-05, 1.2770492800944886e-05, 1.2770492800944886e-05, 1.2770492800991345e-05, 1.2770492973190823e-05, 1.277049297323728e-05, 1.2770492801037803e-05, 0.38303773767119537, 0.07894381782070684, 0.041204051901528295, 0.038040033478301885, 0.38409787885943003, 0.03955663040810622, 0.03501768574168968,
72, 1.53478576873984e-05, 1.534785768737048e-05, 1.53478576873984e-05, 1.53478576873984e-05, 1.5347857687426317e-05, 1.5347857877740533e-05, 1.534785787776845e-05, 1.5347857687454232e-05, 0.3830005441253941, 0.07902181679965671, 0.04119521569285291, 0.03804098863910412, 0.38406130453198245, 0.0395452050612663, 0.03501214211068757,
73, 1.5720809322470076e-05, 1.572080932241288e-05, 1.5720809322470076e-05, 1.5720809322470076e-05, 1.5720809322498672e-05, 1.5720809518066616e-05, 1.5720809518095212e-05, 1.5720809322527268e-05, 0.3829674105015526, 0.07910886639572702, 0.041187604652972575, 0.03804109109736639, 0.38402881796068616, 0.03953492337163554, 0.035005519367949385,
74, 1.2364150509941254e-05, 1.2364150509918763e-05, 1.2364150509941254e-05, 1.2364150509941254e-05, 1.2364150509986233e-05, 1.2364150682801383e-05, 1.2364150682823873e-05, 1.2364150509986233e-05, 0.38297314495320633, 0.07917924178876208, 0.04117575932456295, 0.03802463505285577, 0.38403527652344505, 0.039520382877917315, 0.03499264609788821,
75, 7.576728802091776e-06, 7.576728802077994e-06, 7.576728802091776e-06, 7.576728802091776e-06, 7.576728802146903e-06, 7.576728924613663e-06, 7.576728924627445e-06, 7.576728802146903e-06, 0.3830056979880058, 0.07924609043620363, 0.04115348557065337, 0.0380012397105989, 0.3840686005592569, 0.0394955722534495, 0.03496869947271371,
76, 5.017850301284851e-06, 5.017850301284851e-06, 5.017850301284851e-06, 5.017850301284851e-06, 5.017850301321361e-06, 5.017850393471759e-06, 5.017850393480887e-06, 5.017850301321361e-06, 0.3830414338508867, 0.07931646275084152, 0.04112374617632958, 0.03797364635701626, 0.3841050932004746, 0.039463555408864204, 0.03493591927426454,
77, 5.718378000624858e-06, 5.718378000614456e-06, 5.718378000624858e-06, 5.718378000624858e-06, 5.718378000645662e-06, 5.7183780892470784e-06, 5.71837808925748e-06, 5.7183780006560634e-06, 0.38306933588696457, 0.07938580254896685, 0.04109248995182546, 0.037941911458099546, 0.38413369122225544, 0.03943032288700738, 0.034900698842672086,
78, 7.615577891221516e-06, 7.615577891207664e-06, 7.615577891221516e-06, 7.615577891221516e-06, 7.615577891249222e-06, 7.615577987455914e-06, 7.615577987455914e-06, 7.615577891263074e-06, 0.3831000255329104, 0.07945591436227338, 0.04105826179510183, 0.037904706934368135, 0.38416505311643695, 0.039394346919485866, 0.034860766538792144,
79, 7.78787878260121e-06, 7.78787878260121e-06, 7.78787878260121e-06, 7.78787878260121e-06, 7.787878782643709e-06, 7.787878878038018e-06, 7.787878878052183e-06, 7.787878782643709e-06, 0.38309080565510467, 0.07955967694356147, 0.041034351724906555, 0.037890465559447695, 0.3841564721891876, 0.03936814503457626, 0.03483777968617455,
80, 6.891119142231047e-06, 6.891119142218512e-06, 6.891119142231047e-06, 6.891119142231047e-06, 6.8911191422435814e-06, 6.891119221777349e-06, 6.891119221789885e-06, 6.891119142256117e-06, 0.3831232248195185, 0.07965193002768826, 0.04099456874930705, 0.037856011029874764, 0.3841895858133276, 0.03932626046782219, 0.03480328996354296,
81, 3.844534678825978e-06, 3.844534678825978e-06, 3.844534678825978e-06, 3.844534678825978e-06, 3.8445346788399645e-06, 3.844534725610271e-06, 3.844534725617264e-06, 3.8445346788399645e-06, 0.38320052152942036, 0.07971210708685234, 0.04094981908475803, 0.03779659770307225, 0.3842676654062387, 0.03927939890253768, 0.03476313383439018,
82, 3.3909547828298817e-06, 3.3909547828298817e-06, 3.3909547828298817e-06, 3.3909547828298817e-06, 3.3909547828360498e-06, 3.390954820467694e-06, 3.3909548204738622e-06, 3.3909547828360498e-06, 0.38327268922892416, 0.07976449979406856, 0.04090428572505063, 0.037736624027485455, 0.38434057399397337, 0.03923203147602983, 0.03472216794200387,
83, 3.4499385736486183e-06, 3.4499385736423426e-06, 3.4499385736486183e-06, 3.4499385736423426e-06, 3.4499385736486183e-06, 3.449938609826309e-06, 3.449938609826309e-06, 3.4499385736548935e-06, 0.38336397637086217, 0.07980828388008808, 0.04085280354280872, 0.03766214576661108, 0.3844326145618115, 0.03917894534545879, 0.034673630848086834,
84, 2.5050329863846815e-06, 2.505032986380125e-06, 2.5050329863846815e-06, 2.505032986380125e-06, 2.5050329863846815e-06, 2.5050330157339254e-06, 2.5050330157339254e-06, 2.5050329863937947e-06, 0.3834861548038759, 0.07984292997570723, 0.04078954438072414, 0.03757860007780716, 0.3845556090048677, 0.0391142256888014, 0.03461289562806711,
85, 2.0009246833970095e-06, 2.0009246833970095e-06, 2.0009246833970095e-06, 2.0009246833970095e-06, 2.0009246833970095e-06, 2.0009247055479853e-06, 2.0009247055479853e-06, 2.000924683400649e-06, 0.3836213015981413, 0.07988072358407727, 0.04071587820513192, 0.03749087689761621, 0.38469158391595976, 0.03903926014818807, 0.03454436807653368,
86, 1.9660654260028154e-06, 1.966065425999239e-06, 1.9660654260028154e-06, 1.9660654260028154e-06, 1.9660654260063916e-06, 1.966065446945348e-06, 1.966065446948924e-06, 1.966065426013544e-06, 0.3837711508078897, 0.07991259204065668, 0.04063500866927333, 0.03739520807863536, 0.3848422641770936, 0.03895728293506571, 0.034470764591335794,
87, 1.3702818603703136e-06, 1.3702818603703136e-06, 1.3702818603703136e-06, 1.3702818603703136e-06, 1.3702818603752986e-06, 1.3702818747422312e-06, 1.3702818747497088e-06, 1.3702818603802838e-06, 0.38393833448079534, 0.07993636951599521, 0.040548303213965436, 0.03729630684248987, 0.38501028960434536, 0.03886975026825751, 0.034389683643417865,
88, 1.485007146490156e-06, 1.4850071464874548e-06, 1.485007146490156e-06, 1.485007146490156e-06, 1.4850071464955586e-06, 1.4850071613792383e-06, 1.485007161390043e-06, 1.485007146500961e-06, 0.3841037284826778, 0.07996101263274276, 0.04046150922008031, 0.03719532409673874, 0.38517648690116163, 0.03878232839552002, 0.03430773003725975,
89, 2.557556846391822e-06, 2.5575568463825178e-06, 2.557556846391822e-06, 2.557556846391822e-06, 2.5575568463964743e-06, 2.557556867661538e-06, 2.5575568676754946e-06, 2.5575568464057786e-06, 0.38427455655264614, 0.07998114909405848, 0.040370965187907025, 0.0370896450817095, 0.38534809804506664, 0.038691348129840125, 0.03422377727734926,
90, 2.7665072220577294e-06, 2.766507222047665e-06, 2.7665072220577294e-06, 2.7665072220577294e-06, 2.7665072220577294e-06, 2.766507245734453e-06, 2.766507245744518e-06, 2.766507222067794e-06, 0.38447722116367783, 0.07999121187461647, 0.04026913641803795, 0.03697108756815349, 0.38555161426608475, 0.038589264066290645, 0.03412833240977857,
91, 3.498345982045107e-06, 3.49834598203238e-06, 3.498345982045107e-06, 3.498345982045107e-06, 3.49834598205147e-06, 3.498346014613266e-06, 3.498346014625993e-06, 3.498345982057834e-06, 0.3846954145668936, 0.07998853912678425, 0.04016126016651879, 0.03684949067819864, 0.3857706661299343, 0.038481417812805986, 0.03402522457574213,
92, 3.929213927189766e-06, 3.929213927182618e-06, 3.929213927189766e-06, 3.929213927189766e-06, 3.929213927196913e-06, 3.929213961896562e-06, 3.929213961910857e-06, 3.9292139272112075e-06, 0.3849290551844574, 0.07997017418028093, 0.04005231917108011, 0.03671990442177189, 0.386005195423641, 0.03837260835847049, 0.03391930937421951,
93, 5.4476507973204415e-06, 5.447650797310532e-06, 5.4476507973204415e-06, 5.4476507973204415e-06, 5.44765079734026e-06, 5.447650837413142e-06, 5.447650837432961e-06, 5.4476507973600785e-06, 0.3851783177289584, 0.07994487010424126, 0.039934752717736645, 0.03658067759656921, 0.3862553518315081, 0.03825539617694564, 0.03380705246306327,
94, 6.2711480915443746e-06, 6.2711480915329676e-06, 6.2711480915443746e-06, 6.2711480915443746e-06, 6.271148091567189e-06, 6.271148135028438e-06, 6.271148135039845e-06, 6.271148091567189e-06, 0.3852758269560305, 0.07998988757933966, 0.03987421860644027, 0.03651131139445876, 0.38635350117782535, 0.038194059726288525, 0.03375102520013524,
95, 7.25764127442288e-06, 7.257641274409678e-06, 7.25764127442288e-06, 7.25764127442288e-06, 7.2576412744360816e-06, 7.257641324984903e-06, 7.257641325011306e-06, 7.2576412744492826e-06, 0.38538459956308074, 0.08001826296924323, 0.039813114538429055, 0.0364370351376485, 0.3864629287268139, 0.03813216219663713, 0.03369383556331411,
96, 7.369927989154232e-06, 7.369927989140826e-06, 7.369927989154232e-06, 7.369927989154232e-06, 7.369927989154232e-06, 7.369928043836575e-06, 7.369928043863387e-06, 7.369927989167637e-06, 0.385533702405897, 0.0800236597697586, 0.03974258277702073, 0.036340624950800274, 0.38661276585831694, 0.038060948777250574, 0.03362675586197129,
97, 7.197748972297904e-06, 7.197748972297904e-06, 7.197748972297904e-06, 7.197748972297904e-06, 7.1977489723109965e-06, 7.197749019876518e-06, 7.1977490198896105e-06, 7.1977489723109965e-06, 0.38569946848954456, 0.08002058013615769, 0.03966611538334887, 0.03624076595266389, 0.3867792752894396, 0.03798408604992806, 0.03355212653130746,
98, 4.771740566192624e-06, 4.771740566192624e-06, 4.771740566192624e-06, 4.771740566192624e-06, 4.771740566201304e-06, 4.771740601371633e-06, 4.771740601388992e-06, 4.771740566209983e-06, 0.38590247602924, 0.08001495702703074, 0.0395749903265684, 0.03612911085844533, 0.38698311310318906, 0.03789267016356309, 0.03346450839189903,
99, 2.4903913340703957e-06, 2.4903913340703957e-06, 2.4903913340703957e-06, 2.4903913340703957e-06, 2.4903913340749256e-06, 2.490391354627515e-06, 2.490391354627515e-06, 2.4903913340839855e-06, 0.3861164755329054, 0.08000609106417941, 0.03947853903521261, 0.03601287590855314, 0.38719796525289, 0.0377960482565684, 0.03337208164309694,
100, 2.565051034430245e-06, 2.565051034430245e-06, 2.565051034430245e-06, 2.565051034430245e-06, 2.565051034434911e-06, 2.5650510550017604e-06, 2.565051055006426e-06, 2.5650510344442424e-06, 0.38632486138382954, 0.07998916814636602, 0.03938207728560428, 0.035896941528504436, 0.38740715110524276, 0.0376997531683427, 0.03327952679743509,
101, 2.349430840523209e-06, 2.349430840523209e-06, 2.349430840523209e-06, 2.349430840523209e-06, 2.3494308405274825e-06, 2.3494308595620514e-06, 2.349430859566325e-06, 2.3494308405317562e-06, 0.386545581369381, 0.07996936886155959, 0.039280407720680116, 0.03577651476163087, 0.3876286961472793, 0.037598367809878776, 0.03318226770782646,
102, 3.423771676671152e-06, 3.423771676664924e-06, 3.423771676671152e-06, 3.423771676671152e-06, 3.423771676671152e-06, 3.4237717032078264e-06, 3.4237717032015986e-06, 3.4237716766773793e-06, 0.3867563232444002, 0.07995302537840783, 0.03918028619656034, 0.0356574490915266, 0.3878401955786087, 0.037498753433625735, 0.03308657672810142,
103, 3.405055925595492e-06, 3.4050559255831046e-06, 3.405055925595492e-06, 3.405055925595492e-06, 3.405055925595492e-06, 3.405055949354758e-06, 3.405055949354758e-06, 3.4050559256078795e-06, 0.38695999687979427, 0.07995459970315753, 0.039078548938080326, 0.03554443610170968, 0.3880446297153285, 0.03739733306156878, 0.03299321497667436,
104, 2.4766847376468943e-06, 2.476684737637884e-06, 2.4766847376423893e-06, 2.4766847376423893e-06, 2.4766847376423893e-06, 2.4766847565411297e-06, 2.4766847565366247e-06, 2.4766847376559046e-06, 0.3871835584261308, 0.0799542829632974, 0.03897111951574366, 0.03542008287732735, 0.38826897937543076, 0.03729037084960858, 0.032891792338953486,
105, 2.2391019209652784e-06, 2.2391019209652784e-06, 2.2391019209652784e-06, 2.2391019209652784e-06, 2.2391019209652784e-06, 2.2391019370980458e-06, 2.2391019370980458e-06, 2.2391019209693513e-06, 0.3873111000154513, 0.07999530273644061, 0.03889827844027947, 0.03533817776020962, 0.38839713406331056, 0.03721734038655831, 0.032824753606812564,
106, 1.679970225917812e-06, 1.6799702259117002e-06, 1.679970225917812e-06, 1.679970225914756e-06, 1.679970225914756e-06, 1.6799702396263463e-06, 1.6799702396263463e-06, 1.6799702259208676e-06, 0.3874411542097929, 0.08003963782369398, 0.03882225504649546, 0.03525810388297938, 0.3885278063667861, 0.03714119538717854, 0.032756407345544795,
107, 5.819430699662031e-07, 5.819430699640861e-07, 5.819430699651446e-07, 5.819430699651446e-07, 5.819430699662031e-07, 5.819430755881531e-07, 5.819430755881531e-07, 5.819430699683203e-07, 0.3875309483074307, 0.08008981304437483, 0.03876602021914032, 0.03519954293817269, 0.3886181665818825, 0.03708441939725549, 0.03270643379159895,
108, 1.1354484157012551e-06, 1.1354484157012551e-06, 1.1354484157012551e-06, 1.1354484157012551e-06, 1.1354484157033204e-06, 1.1354484202347394e-06, 1.1354484202347394e-06, 1.1354484157033204e-06, 0.387602988005556, 0.08014113306110278, 0.03871516469691199, 0.03514491283663519, 0.3886906699933578, 0.037033291665799606, 0.032662755977173656,
109, 8.695789640504022e-07, 8.695789640504022e-07, 8.695789640504022e-07, 8.695789640504022e-07, 8.695789640519839e-07, 8.695789675033732e-07, 8.695789675049549e-07, 8.695789640519839e-07, 0.3876921527183773, 0.08019116371875028, 0.038659213366904525, 0.03508080139432826, 0.38878030933533375, 0.03697725573283039, 0.032612146926423,
