Optimize time:21.75283614218235
Begin Prob:-13405.698428449925
End Prob:-13308.608146684322
Substitution parameters:[0.21200080849343317, 0.281987616204399, 0.2753760311841405, 0.23063554411802745, 1.6727547323890763]
Trees:
((3:763.9389405101848,5:763.9229270555118):759.9917990240796,(4:762.6057330687861,(1:765.850765697281,2:765.850765697281):763.9322585681878):765.850765697281);
((3:750.1941998356293,5:765.850765697281):765.850765697281,(2:762.6057330687861,(1:765.850765697281,4:755.8720397813227):765.850765697281):765.850765697281);
(3:762.6057330687861,((4:765.850765697281,5:760.0070145126833):765.850765697281,(1:760.0070145126833,2:759.9883837580528):759.9917990240796):826.5789537043763);
(3:765.850765697281,(4:762.6057330687861,(5:759.9883837580528,(1:759.9883837580528,2:770.7239871453854):763.9322585681878):759.9883837580528):765.850765697281);
((3:765.850765697281,5:765.850765697281):762.6057330687861,(1:760.0070145126833,(2:765.850765697281,4:763.9322585681878):759.2660303433754):760.0070145126833);
(3:759.9883837580528,((2:765.850765697281,5:759.9883837580528):755.8720397813227,(1:765.850765697281,4:762.6057330687861):765.850765697281):763.6342083285812);
(3:765.850765697281,(2:763.9322585681878,(1:759.9883837580528,(4:765.850765697281,5:765.850765697281):826.5789537043763):765.850765697281):759.9883837580528);
(3:765.850765697281,(2:763.9583329251849,(5:760.0070145126833,(1:765.850765697281,4:762.6057330687861):762.6057330687861):826.5789537043763):755.8720397813227);
(3:800.5758432458734,(2:759.9917990240796,(4:759.9883837580528,(1:760.0070145126833,5:798.6869835544514):755.8720397813227):792.6567253460275):969.3559511131424);
(3:755.8677548382682,(1:762.6057330687861,(4:762.6057330687861,(2:763.9322585681878,5:750.7766542273804):765.850765697281):750.1941998356293):759.264994572815);
((3:969.3559511131424,4:762.6057330687861):763.9322585681878,(2:763.9322585681878,(1:792.6567253460275,5:765.850765697281):759.2660303433754):765.850765697281);
(3:762.6057330687861,(1:760.0070145126833,(5:750.1941998356293,(2:765.850765697281,4:765.850765697281):765.850765697281):826.5789537043763):798.6851957349563);
(3:765.850765697281,((2:759.9883837580528,4:826.5789537043763):750.1941998356293,(1:765.850765697281,5:750.1941998356293):826.5789537043763):750.1941998356293);
((3:800.9904156478599,4:762.6057330687861):755.8720397813227,(1:798.6869835544514,(2:765.850765697281,5:826.5789537043763):760.0070145126833):759.9883837580528);
(3:726.0568487446626,(1:723.2331352942115,(2:763.9322585681878,(4:0.581657,5:1.49582):0.116556):1e-06):0.868404);

Position, Posteriors1, Posteriors2, Posteriors3, Posteriors4, Posteriors5, Posteriors6, Posteriors7, Posteriors8, Posteriors9, Posteriors10, Posteriors11, Posteriors12, Posteriors13, Posteriors14, Posteriors15,
0, 0.0004215205108930006, 0.0006730887021663965, 0.3609644189968939, 0.3558014731859794, 0.07112239668119157, 0.01948624884744231, 0.023199220789503344, 0.019488727819207644, 0.01829249991156177, 0.019486338645466342, 0.025597763827373256, 0.016550407961336753, 0.01654995443679869, 0.029044636536959743, 0.0233213035543788,
1, 0.0003095257405010785, 0.0004958516410317939, 0.3618042693476703, 0.3566266756641268, 0.0711146951920348, 0.01934952778357923, 0.023062771165047277, 0.01935201516823136, 0.018154204150465238, 0.019349618127372594, 0.025464213288548476, 0.016406559440672104, 0.016406106490946305, 0.02891972186563951, 0.023184245339657704,
2, 0.00024244221631703015, 0.00035951002432877267, 0.36265950096628885, 0.357466651145349, 0.0710388551185419, 0.019203443542680804, 0.022921753750721918, 0.01920593865267287, 0.018011099038161206, 0.0192035348392772, 0.025333163445137873, 0.016259341031687954, 0.01625889886768205, 0.02879271500723245, 0.023043152760455713,
3, 0.00018183809698269935, 0.0002579295644181652, 0.3635441982026094, 0.3583354643458157, 0.07098698835899941, 0.019041420984941396, 0.02276856092159182, 0.01904392372725087, 0.017856507563187598, 0.019041513455597518, 0.025194943885383254, 0.01610168560669267, 0.01610124755202852, 0.02865364996358129, 0.022890128177051005,
4, 7.802415102288217e-05, 0.00011028271188470593, 0.36456132009113956, 0.35933409953977946, 0.07091560945981959, 0.01885654731427699, 0.022603552660876963, 0.01885905811697202, 0.017683908230999815, 0.018856641466357967, 0.025061407120662828, 0.01591893694435597, 0.015918505313007248, 0.028515983118483895, 0.022726124167478157,
5, 1.3551716014124876e-05, 3.613059023796952e-05, 0.365549332976509, 0.36030382670808403, 0.07088899032352514, 0.018658372178211053, 0.022422605578663088, 0.018660889537674797, 0.0175000738021553, 0.018658468393312935, 0.024932168306130455, 0.015724580017243067, 0.015724162375439023, 0.028380947344821657, 0.022545900558461927,
6, 7.659420361624916e-06, 2.3604905601986897e-05, 0.3664531541112454, 0.3611901411915393, 0.0708042747904353, 0.01847390743036219, 0.022252539635304002, 0.018476427493306344, 0.017328436152634515, 0.018474005149987892, 0.024807158150717455, 0.015540175148807869, 0.015539799194404168, 0.028251327653608747, 0.022377389977254025,
7, 4.384160922881594e-06, 1.5319804868569783e-05, 0.36734229909235067, 0.36206180665888715, 0.0707367747461085, 0.018288459084839358, 0.022075393716521882, 0.01829098242000879, 0.01716337749170506, 0.018288557646398633, 0.024694859758971885, 0.015353832690334638, 0.015353518211762111, 0.028128687413316325, 0.022201747507931392,
8, 5.439729963852113e-06, 1.7793311509960134e-05, 0.3682024392085644, 0.362904698398001, 0.07073239131406482, 0.01810169198848622, 0.02190078612230723, 0.018104216976919076, 0.01699750243995828, 0.01810179097227286, 0.024573046560699037, 0.015167094620124793, 0.015166856476352386, 0.02799515031801878, 0.022029101969714644,
9, 3.074312348339436e-06, 1.0997024271052678e-05, 0.36884335081228237, 0.3635326104097358, 0.07072478184325641, 0.017967040128097068, 0.021762945402178806, 0.017969569789982275, 0.016886708127643, 0.017967139615470612, 0.024479082518803583, 0.015038092112413217, 0.015037931693577228, 0.027884990600631956, 0.0218916860148351,
10, 1.91410472756712e-06, 7.234546326886668e-06, 0.3694451873027815, 0.36412201414377804, 0.07074142699750921, 0.017836647083290143, 0.021617002788023344, 0.017839180317406087, 0.016781683576053346, 0.017836747281414007, 0.02440459422622868, 0.01491375300577601, 0.01491367811269627, 0.027793641984788967, 0.021745294935102858,
11, 1.2471775866128522e-06, 3.791197037912677e-06, 0.3699324098572194, 0.36459900334138057, 0.07074724345159115, 0.01773494930299163, 0.021491478440709224, 0.017737486574777098, 0.016704867795093784, 0.017735050380195263, 0.02434262793580784, 0.014818853958282092, 0.014818858355318399, 0.027713640435060364, 0.021618492202003313,
12, 1.291095023348959e-06, 3.4253000166533746e-06, 0.3704564328963055, 0.36511248959048864, 0.07070810509673695, 0.017629052434774223, 0.021362939342434797, 0.017631593136791412, 0.016623758996607438, 0.01762915408758201, 0.02427953173896962, 0.014720540079962822, 0.014720608921049087, 0.02763251633816781, 0.02148856135102066,
13, 1.3341737528083072e-06, 2.1570465009721435e-06, 0.3708553022669698, 0.36550305012676143, 0.07065635673859882, 0.017554147237567798, 0.021257436664761185, 0.017556692327581117, 0.016573872862818445, 0.01755424955458366, 0.0242315336624358, 0.014653972732397555, 0.014654106701610473, 0.027564864932262192, 0.021380923377097447,
14, 2.6774265946115308e-06, 3.234058074339508e-06, 0.3712648726233464, 0.36590423396800975, 0.07062545149074247, 0.017474407107242136, 0.021148444428352287, 0.017476955718244605, 0.016519244511553347, 0.017474509792526637, 0.024177929264959257, 0.014583476309915197, 0.014583668930941672, 0.027491077953782285, 0.021269816822064875,
15, 2.478956867585218e-06, 2.150788839702807e-06, 0.3715938726707812, 0.36622656012049926, 0.07056304517196497, 0.01741788676177277, 0.02105583585598945, 0.017420440330304904, 0.016487711755705924, 0.017417990156793715, 0.024136032659330925, 0.01453688070043898, 0.014537118596907346, 0.027427907577113993, 0.02117408830426946,
16, 4.147213986909476e-06, 3.1033966786672983e-06, 0.3719377496163476, 0.36656366522010664, 0.07051493651416253, 0.01735633639755025, 0.020957123540120352, 0.01735889397810729, 0.01645065065464869, 0.017356440228192, 0.02409111930861578, 0.01448563782593523, 0.014485909657728328, 0.027362149548237086, 0.021072137308363246,
17, 4.916735346503864e-06, 3.6855123536645515e-06, 0.3723056546998507, 0.36692445102981397, 0.07048652038146637, 0.017288214280042426, 0.02085297577388097, 0.01729077684891411, 0.01640648555847324, 0.01728831819027607, 0.024042929914032236, 0.01442278579233514, 0.014423089657607741, 0.027294503640503908, 0.02096469239311189,
18, 4.024072487327604e-06, 3.0307643879534452e-06, 0.37266982629978945, 0.3672814842140853, 0.07051149001366207, 0.01721866709071697, 0.020752177701740482, 0.01722123626864887, 0.016352400470133564, 0.01721877082047621, 0.023972338852423388, 0.014359822316319562, 0.014360175661156676, 0.027213575672934278, 0.020860980189626517,
19, 1.8441640985434498e-06, 1.2933490006362688e-06, 0.3730344761663473, 0.36763879803745475, 0.07057814202086762, 0.0171449166921773, 0.020641681000060353, 0.01714749137786573, 0.01629207911460617, 0.017145020261287044, 0.023903189060060052, 0.014293496946580393, 0.014293892437476821, 0.027136389294370636, 0.020747290485672223,
20, 1.3941865980299263e-06, 1.1378145414045707e-06, 0.37341529349027786, 0.36801216100808226, 0.0706601986104289, 0.017065845254156234, 0.020524697406142652, 0.017068424495125554, 0.016225828815343016, 0.017065948369141215, 0.023830767443251227, 0.014222221095420432, 0.014222646962514022, 0.02705645029875852, 0.02062698516026247,
21, 1.5849014157319186e-06, 1.3372711329445019e-06, 0.3738417634446703, 0.36843085745830045, 0.07063722884991144, 0.01698705349308692, 0.020409674339024676, 0.016989637010012153, 0.016159495839236072, 0.016987155891074482, 0.023761870059388953, 0.014151472099821932, 0.014151914355135008, 0.026980393208619974, 0.020508562189559664,
22, 2.5203187448995423e-06, 2.549250699623446e-06, 0.37428438781344076, 0.3688655989389146, 0.07063023814565829, 0.016903059332806173, 0.020288213859573388, 0.016905646326935978, 0.01608738762495983, 0.01690316076444511, 0.023689802085255514, 0.014075900179376977, 0.014076346949687452, 0.02690165053021944, 0.020383538288650555,
23, 2.4436274117561724e-06, 2.714326341211134e-06, 0.37475754484477974, 0.36933053890364287, 0.07055855432881068, 0.016817211377434745, 0.02016770796312476, 0.01681980130888005, 0.01601380565721094, 0.016817312233502225, 0.023624827449776446, 0.013998871520670744, 0.013999314182660375, 0.0268298102732502, 0.02025954241327822,
24, 1.4385860623969005e-06, 1.5283942740949283e-06, 0.3752012772196878, 0.3697663223084402, 0.07052197311724491, 0.01673344535695417, 0.020051885131056754, 0.01673603991457085, 0.015944283119684387, 0.016733545223315542, 0.02355460163931369, 0.013930780689716564, 0.013931253064559177, 0.026751015286269973, 0.020140611362531147,
25, 2.73145771666742e-06, 2.3630982946202477e-06, 0.37562620672298724, 0.37018333439005574, 0.07050677134513389, 0.016651769595053267, 0.01994005559647206, 0.016654367436205967, 0.015876710646538988, 0.01665186819770687, 0.023480616918110566, 0.01386421237232849, 0.013864726104481962, 0.02666813236124718, 0.0200261341723973,
26, 2.1900438875535473e-06, 1.893487877311006e-06, 0.37607683789280744, 0.37062554602058906, 0.0705197641399144, 0.016560109139754916, 0.01982321641724654, 0.016562710253183083, 0.01580377300223712, 0.016560206745995548, 0.02339881679291665, 0.013793026346884384, 0.013793580112282816, 0.026571397835096395, 0.019906932184295716,
27, 4.0962018018677615e-06, 4.015278446679151e-06, 0.37650904114219386, 0.371049386793807, 0.07058761032821134, 0.01646677161268277, 0.019707698195479604, 0.01646937483257994, 0.015729586181915514, 0.01646686792223658, 0.023308754483270654, 0.013720807190804409, 0.013721411173516393, 0.02646514404911122, 0.01978943502977252,
28, 1.016893949288605e-05, 8.584480274916133e-06, 0.37699576014824465, 0.3715264258685091, 0.07057831054101758, 0.016365361440439756, 0.01959234108121369, 0.016367964099433637, 0.015647053525786624, 0.01636545667090148, 0.023224884317031846, 0.013638543665898978, 0.013639209837489499, 0.026366651299881003, 0.01967328450102183,
29, 1.2202152227969135e-05, 1.0288691081164417e-05, 0.37755837946314247, 0.3720778845323364, 0.07054924928545592, 0.016247879196871946, 0.01946849450012595, 0.016250480660016713, 0.015543874835295474, 0.016247973741100624, 0.023135824657256675, 0.013539274820117535, 0.013540004815863994, 0.02626889834689399, 0.019549290720477695,
30, 1.694881621478918e-05, 1.386338725308183e-05, 0.3782308474308561, 0.3727366480583522, 0.07041778488793156, 0.01610945789485912, 0.01933891042183552, 0.016112054445687637, 0.015420165210029875, 0.016109552128620856, 0.02305484130991941, 0.013418022170815655, 0.013418830814784455, 0.026180775815930993, 0.019421297626686294,
31, 3.0544248833692845e-05, 2.7091877770461e-05, 0.3789221533958823, 0.3734140470564977, 0.0703015802186542, 0.01596332135500696, 0.019200966499417056, 0.01596591188176818, 0.015288184845603937, 0.0159634149885284, 0.02296917381702007, 0.013289733348384193, 0.01329060813346615, 0.026088408714903425, 0.019284860037389686,
32, 4.0940320211147905e-05, 3.984557920565094e-05, 0.37960366033085663, 0.37408180998692914, 0.070233252653088, 0.015812333409585298, 0.0190446560913604, 0.015814917254505602, 0.015153630968906555, 0.015812426847179956, 0.022902328633709813, 0.013158331986796588, 0.013159274738413369, 0.026013688512585332, 0.01912890310556659,
33, 5.8515436588176355e-05, 5.4807637900029395e-05, 0.3803688520581622, 0.3748316296413248, 0.07005458147351701, 0.015656222922258337, 0.018889594916783856, 0.01565879994667791, 0.015005536571738315, 0.015656315869421216, 0.022833129248887904, 0.013004873435457913, 0.013005879096372639, 0.02594635999343832, 0.018974902170718157,
34, 6.570770600736085e-05, 6.002218929328435e-05, 0.381213086009121, 0.3756591694305673, 0.06977608866042864, 0.015491010805774866, 0.018730908254318324, 0.015493581445164788, 0.014852659487118558, 0.015491103703486336, 0.022769966473358928, 0.012848375937412681, 0.012849441050949286, 0.02588144246525372, 0.018817436802170313,
35, 7.260556023878727e-05, 6.254318862306068e-05, 0.3820120419844401, 0.3764420277363347, 0.06954539361543184, 0.015329987926776097, 0.01857864854920916, 0.015332554424058467, 0.014706368886400121, 0.015330080251254187, 0.022701315203930733, 0.012704677127134476, 0.012705841244023349, 0.025809191851170938, 0.018666722873060943,
36, 7.98074202204715e-05, 6.761065571595214e-05, 0.3828764191000864, 0.3772892074874501, 0.06932179779658681, 0.015156877507899477, 0.018418038649019412, 0.015159440246572467, 0.014537574009085263, 0.015156968860073587, 0.02261649719581132, 0.01253973622509412, 0.012540986330434833, 0.02573112275568419, 0.018507916181240664,
37, 7.488088897820273e-05, 6.406314770960172e-05, 0.38373882564483663, 0.3781345092006882, 0.06914884428851455, 0.014978682569435398, 0.018241764946451702, 0.014981242835423366, 0.014365765868200157, 0.014978773354525042, 0.022545419278652987, 0.012373938143870193, 0.01237527859035452, 0.025665627980166826, 0.018332383686472036,
38, 7.954623877938121e-05, 6.864911027284573e-05, 0.3846703522904104, 0.37904811868641414, 0.06884418467138577, 0.0147965942866664, 0.018063449056483823, 0.014799151819390054, 0.014189782029428468, 0.014796684216337773, 0.022475761085584068, 0.012204860234114838, 0.012206274251097812, 0.025601921238430556, 0.01815467121239712,
39, 7.559883797947176e-05, 6.776965488431146e-05, 0.3856417246233955, 0.3800010144309754, 0.06856027038285827, 0.0146045155247943, 0.01787333594213467, 0.014607072543711916, 0.01400690227434712, 0.01460460395557745, 0.022408023095901366, 0.012022150442467738, 0.012023637260747622, 0.025538553121407025, 0.017964828337696165,
40, 5.765657302309884e-05, 5.716149177615026e-05, 0.3866227424403056, 0.38096352957974666, 0.06833196652423654, 0.01441421974878803, 0.017692974702112247, 0.014416778124218469, 0.013809677032514426, 0.014414306881649117, 0.02230585731838551, 0.011836312186401795, 0.011837865900333307, 0.025453823340164824, 0.01778512858318696,
41, 3.8465298438316396e-05, 3.604280801459877e-05, 0.3873381772722418, 0.38166586458069657, 0.06812972285569786, 0.014285133745737897, 0.017555649749702106, 0.014287695883404547, 0.01367841325191695, 0.014285220136533347, 0.02223170051744728, 0.011713682637158798, 0.011715288619619731, 0.025392283332044324, 0.0176466597375894,
42, 2.967756217384316e-05, 2.5824457565911195e-05, 0.3881102862375054, 0.382424318189752, 0.06781064836267424, 0.014153165032848553, 0.01741686744836694, 0.014155730771961113, 0.013543891101761856, 0.014153250433546502, 0.02215862556809493, 0.011588627108301632, 0.011590270686616914, 0.025332229212963825, 0.017506588250250806,
43, 1.9707166172669103e-05, 1.6019413446049742e-05, 0.38887972832956685, 0.3831803649884714, 0.06755208187582043, 0.014022306899565552, 0.017290830969800348, 0.014024875431337482, 0.013407246785192157, 0.014022391697063, 0.022043224657812912, 0.011464458981767008, 0.01146612908769608, 0.025230426527434395, 0.017380207613649754,
44, 6.2394394523226055e-06, 4.4487543739916164e-06, 0.38958571881165793, 0.38387446033448175, 0.0673621138349486, 0.013904927582644994, 0.017181838420697777, 0.013907499611671422, 0.013283146210030917, 0.013905012164461838, 0.021901278872280622, 0.011354827214095474, 0.011356512568067655, 0.02510107961784196, 0.01727089698704432,
45, 2.3961941237092368e-06, 1.8490369186049652e-06, 0.3902994415173222, 0.3845762521688833, 0.0671941879221758, 0.013781789454760041, 0.017068734510622074, 0.013784364002161258, 0.013153031681790958, 0.013781873499528259, 0.0217519499872539, 0.011240425194497755, 0.011242118359272687, 0.02496407910035014, 0.01715750779438686,
46, 1.5012619803009799e-06, 1.521290391044775e-06, 0.3910142002090115, 0.38527897638099073, 0.06706489029330898, 0.013654320925448, 0.016948130165917327, 0.01365689621333773, 0.01301715054603572, 0.01365440413997826, 0.02160103548770435, 0.011120784800897543, 0.011122477575088066, 0.02482703733752011, 0.017036673798100224,
47, 1.2834353228643095e-06, 2.1542809818558796e-06, 0.391775404614991, 0.38602773458660417, 0.06688460498164096, 0.01352163722342564, 0.016823756905617222, 0.01352421269412294, 0.01287547042666126, 0.01352171929126172, 0.02144735882334516, 0.010996746155276519, 0.010998422934064783, 0.02468753136284903, 0.01691196271018831,
48, 1.724047555607082e-06, 2.568462649074326e-06, 0.3925001608789952, 0.3867401264387281, 0.06666149687608601, 0.013401975301072637, 0.016711191151066854, 0.01340454981493239, 0.012746982121554886, 0.013402056191029956, 0.02130320604830534, 0.010882546721580535, 0.010884222087956665, 0.024557654530486535, 0.016799539754235267,
49, 3.7958957963580674e-06, 5.855177417949843e-06, 0.3932039409684797, 0.3874316902497535, 0.066496836106327, 0.013280791928399885, 0.01659962684182562, 0.013283364546529574, 0.012617381182772894, 0.013280871390827844, 0.02115141741366906, 0.010767568758705088, 0.01076925098293946, 0.024419221017317045, 0.016688387963624686,
50, 4.073765492475062e-06, 7.81753274054106e-06, 0.39395330830540487, 0.3881682980542609, 0.06628826539330288, 0.013153238686885227, 0.01648404130515691, 0.013155809830124083, 0.012482431123165659, 0.013153316816265628, 0.020998652615655148, 0.010648850975410285, 0.010650527896456742, 0.024278283799393525, 0.01657308432437073,
51, 4.750492575530268e-06, 9.862605208807038e-06, 0.39475083728440163, 0.3889520362769808, 0.06601305619032966, 0.013018865946891233, 0.01636592731253367, 0.013021435044938374, 0.012344180077625604, 0.01301894304252455, 0.020849466481456067, 0.010528085619812885, 0.010529765109457434, 0.024137098898530596, 0.016455690043085797,
52, 4.8479388396687644e-06, 1.055779159842279e-05, 0.3955309819490733, 0.38971834348617823, 0.06575761537661991, 0.012886535013615301, 0.01624618692297912, 0.01288910061904785, 0.01220674298544157, 0.01288661105043677, 0.020705101110927493, 0.010408469385281609, 0.010410148263196823, 0.024002047440351518, 0.016336711092994245,
53, 3.836049070577817e-06, 7.462312232687593e-06, 0.3960713554461754, 0.3902494669395253, 0.06553072413861039, 0.012806429548846003, 0.016162994257028704, 0.012808995426300158, 0.01212515236649987, 0.012806505009367291, 0.020595070453356124, 0.010340232784680702, 0.010341912091112977, 0.02389715612481579, 0.01625270748028581,
54, 1.594346489102282e-06, 2.677516008481189e-06, 0.3966368254424117, 0.3908058092897517, 0.0651963718264827, 0.012732006130132832, 0.016084972797693775, 0.012734573220614845, 0.012049566927594667, 0.012732081240521947, 0.020492843927475766, 0.010277941426458971, 0.010279609435254577, 0.023799666368681718, 0.016173460531442956,
55, 9.362994489462811e-07, 1.671471893416193e-06, 0.39720935528500056, 0.3913691926987093, 0.06488767427624959, 0.012652994498308957, 0.016003593905097528, 0.01265556199269162, 0.011969263167905671, 0.012653068999262489, 0.020384549468878313, 0.010211935024603868, 0.010213585503843589, 0.023695746411419784, 0.01609087142235424,
56, 2.9387457648338073e-06, 2.9129055057758327e-06, 0.3977671503041512, 0.3919176581878083, 0.06453339098685087, 0.012582038019379257, 0.015929778383874233, 0.012584604433781494, 0.011896484994238942, 0.012582111674512765, 0.020281854937134185, 0.010151302079439907, 0.01015295078349132, 0.023598407263955228, 0.016016416724813926,
57, 3.307609635317729e-06, 2.7699394194313247e-06, 0.3983197194784046, 0.39246080678770806, 0.06422925632373083, 0.012507107338114562, 0.01584775571677894, 0.01250967170783283, 0.011817844700387565, 0.012507180215395668, 0.02018015387553686, 0.010087563626824909, 0.010089203690349111, 0.023504139200256558, 0.01593352021476989,
58, 3.3979429943726e-06, 2.7971862037421886e-06, 0.3988683163680336, 0.39299996443829927, 0.06397243057678188, 0.012426675315702457, 0.015758637687367117, 0.012429236912399924, 0.011734563595125837, 0.012426747596739007, 0.020081591664760687, 0.010019371401542623, 0.010021004550473289, 0.02341195638225438, 0.01584330880607233,
59, 4.65266677197418e-06, 3.1247125753980423e-06, 0.39946921871629193, 0.39359026617554116, 0.06364420768286515, 0.012340235134312743, 0.015668608628880552, 0.012342792146853703, 0.011644643857207624, 0.012340307006972685, 0.019985864237990068, 0.009943842890403506, 0.009945474550453989, 0.023323865955207104, 0.015752896064831726,
60, 6.259196698059424e-06, 4.050752933979832e-06, 0.40006722807685996, 0.39417758396279334, 0.06336644820149871, 0.012247223486707327, 0.015570105409999492, 0.012249774844617598, 0.011549177430474065, 0.012247295145638411, 0.01989455711767002, 0.009862892295596063, 0.009864525652401725, 0.023239076253765076, 0.015653802600588997,
61, 1.0123592044509148e-05, 6.998235073594425e-06, 0.4007081106300365, 0.39480740134566145, 0.06303255776492812, 0.012150064307781445, 0.015468424729039983, 0.012152609594649446, 0.011449216989895263, 0.012150135542638513, 0.019801486358185263, 0.009778557904715511, 0.009780180372983414, 0.023152733379388685, 0.015551399681767284,
62, 9.045606931732801e-06, 5.640467074445027e-06, 0.40142695186498945, 0.39551379143004567, 0.06260027159929117, 0.012041615639907619, 0.01536181035869269, 0.012044155112831365, 0.011343707247573647, 0.012041686903234228, 0.019716045706708867, 0.009690159345357389, 0.009691782286804135, 0.023068849856582894, 0.01544448700151844,
63, 8.74734829287459e-06, 5.468173123262751e-06, 0.4021404361236974, 0.39621475629546016, 0.06222653639109221, 0.011926060495919044, 0.015246145638572735, 0.011928593004935489, 0.011232259598964811, 0.011926132004209472, 0.019634852774044857, 0.00959597122600129, 0.009597598032610859, 0.022988136828973046, 0.015328306492312442,
64, 4.479093652129483e-06, 2.536779694911291e-06, 0.40295914367620256, 0.3970193245085632, 0.06176212312537234, 0.011800149781927304, 0.015124055321752046, 0.011802676246691662, 0.01110455098013116, 0.011800221175009706, 0.019549523448347064, 0.00947627305969325, 0.00947788388908353, 0.022911248238346574, 0.015205811105647362,
65, 3.3919320952832187e-06, 1.9996408091323896e-06, 0.40383830731364745, 0.3978837157831209, 0.061217989961866066, 0.011668490917550964, 0.014997674070201004, 0.0116710105441247, 0.01097063545527998, 0.011668561888778932, 0.019461978246676396, 0.009351637649430266, 0.00935321692711381, 0.022832466440314156, 0.015078923656133614,
66, 1.6885913863479553e-06, 9.817226969130372e-07, 0.4046841899752774, 0.3987151190545798, 0.060759898823726295, 0.011535348655229719, 0.014873192971471794, 0.011537861457209734, 0.01083706922254089, 0.011535419206675274, 0.019366462442264032, 0.009227138041116335, 0.009228690890935785, 0.02274278470527452, 0.014954154666283028,
67, 1.1708260843826554e-06, 7.506869611439944e-07, 0.40559274686697505, 0.3996085355271752, 0.060222762030473706, 0.011396268770853235, 0.014744366478414424, 0.01139877392885127, 0.01069713375222848, 0.01139633858491811, 0.01926855434739162, 0.00909757699909024, 0.009099087434258388, 0.022650992845078634, 0.014824941345916767,
68, 1.4960138940355328e-06, 1.151218702983224e-06, 0.406465937683973, 0.40046693611861894, 0.0597720371746528, 0.011256103057928186, 0.014616890812644142, 0.011258599630502278, 0.010556514615886428, 0.011256171882312866, 0.01916330373160584, 0.008967653840775337, 0.008969130703727717, 0.02255071388518779, 0.014697360052176419,
69, 1.0723316728276058e-06, 8.135033422177461e-07, 0.4072379169737305, 0.4012261826371468, 0.059410170244048564, 0.011129492550236209, 0.01448925072379978, 0.011131981613444997, 0.01043105732367886, 0.011129560576341326, 0.01907370077851565, 0.008852221084497314, 0.008853658426424556, 0.02246453244371145, 0.014568389212345066,
70, 2.194131630604226e-06, 1.777493951478535e-06, 0.4080048054598687, 0.40198027213765164, 0.05909760960528439, 0.010999122381565571, 0.01435407248495394, 0.01100160183685293, 0.010300380071752135, 0.01099918928343598, 0.018982981613525535, 0.008731896655429727, 0.00873328682118341, 0.022378843579420795, 0.014431966867303215,
71, 2.786090585030202e-06, 2.3171390179759723e-06, 0.4087678213525249, 0.4027304238478286, 0.05883020697385644, 0.010865196795196621, 0.014211483279373124, 0.01086766573636915, 0.01016456853637124, 0.010865262552728999, 0.01889227170678082, 0.008607986706171985, 0.008609319979675836, 0.02229474141768944, 0.014287948309919005,
72, 2.5631630111157984e-06, 2.514942452529532e-06, 0.4095523194212448, 0.4035015753012789, 0.05859466973431117, 0.010721606468369456, 0.014061330163443513, 0.010724064270536359, 0.010020373710370583, 0.010721671263594218, 0.01879720973429608, 0.008479005987956133, 0.00848028112370812, 0.0222044346240853, 0.014136380516765693,
73, 2.870681512991231e-06, 3.691529904100818e-06, 0.4103855010181985, 0.40432096414853036, 0.05830476291302357, 0.010572589155486412, 0.01390683033202721, 0.010575035224926446, 0.009870396638843149, 0.010572652734642744, 0.018700036564904453, 0.008345486567017654, 0.008346687977132953, 0.022112192833237312, 0.01398030210624922,
74, 1.4065341963618277e-06, 3.04040911139449e-06, 0.4112935901257978, 0.4052143305010464, 0.057898571096803145, 0.010418160246942703, 0.013749482150757865, 0.010420594956920303, 0.009716278742501312, 0.010418222721527962, 0.01860493594779083, 0.008209114224368876, 0.00821022873341829, 0.022020819759106598, 0.013821224275645454,
75, 4.151033000975494e-06, 6.9254382926123695e-06, 0.4121774756964015, 0.4060833456992075, 0.0574352977653035, 0.010275233180888022, 0.013602786869648317, 0.01027765490642461, 0.009572950460153088, 0.010275294271044441, 0.01851613050774528, 0.008080612223504945, 0.00808166263225585, 0.021936937500645008, 0.013673542241740081,
76, 5.01050278318876e-06, 6.814843794462791e-06, 0.41283968656756, 0.40673501403941786, 0.057020543434468746, 0.010178781024579614, 0.013491414192163455, 0.01018119498193714, 0.009478580521731571, 0.010178841210683905, 0.01845255777951763, 0.007997567987909954, 0.00799856624508183, 0.021875465234901796, 0.013559961859359213,
77, 4.9772656318586645e-06, 6.678170167836154e-06, 0.41351449920663275, 0.40739894162475543, 0.05664625808357272, 0.010073906757823632, 0.013372819032635316, 0.010076312479507372, 0.009376791200220433, 0.010073966179475381, 0.018385358638677504, 0.007910247760896468, 0.007911195046764343, 0.02180891746266937, 0.013439131515017763,
78, 1.2019322018834148e-06, 1.6113520065121355e-06, 0.4140848568427708, 0.4079604186315395, 0.05632489040534509, 0.009989136453849398, 0.013272447560487104, 0.009991537276854789, 0.00929642675478681, 0.009989195353200794, 0.01832125516982175, 0.00784345790475602, 0.007844361765670202, 0.02174308837005369, 0.013336114650231852,
79, 6.030319928368838e-07, 8.871430676098874e-07, 0.41464613568410097, 0.40851279831767906, 0.056049482782513475, 0.009901275053532487, 0.013165431292790224, 0.009903669144729569, 0.009211768614581957, 0.009901333156255967, 0.01825614500640147, 0.007772652457259625, 0.007773507286905065, 0.021677785899338026, 0.01322652555472115,
80, 1.1011940222877598e-06, 1.4333515824136634e-06, 0.4151859713933814, 0.40904380026095244, 0.05580041888705379, 0.009815611960844179, 0.0130623067275142, 0.009817998463100677, 0.009129238516642518, 0.009815669051701528, 0.018188244171636093, 0.007703401483098211, 0.0077042173349314725, 0.021609365559531035, 0.013121222069720103,
81, 1.0927398383446304e-06, 1.75924016556959e-06, 0.4157021128315628, 0.40955134374537666, 0.055613879799611105, 0.009729588003081826, 0.012961954422773836, 0.009731968001712945, 0.009044770495214731, 0.009729643786295553, 0.018109081067120145, 0.0076358524888448425, 0.007636645348343757, 0.02153134939075415, 0.0130189590660019,
82, 1.394840669445532e-06, 2.497452702512052e-06, 0.41622364822403557, 0.410064162274226, 0.05543987978866418, 0.009643835579109842, 0.012868124275839964, 0.009646208015188484, 0.008958816195253275, 0.009643890228596986, 0.01801180649194195, 0.007567638602753432, 0.007568406811514939, 0.02143576322735313, 0.01292392842073272,
83, 1.4921425821277482e-06, 3.279756057906628e-06, 0.4168451184123317, 0.41067472677477646, 0.05516666733638804, 0.009541999709427219, 0.01276824273242084, 0.009544361135297814, 0.008856454902970382, 0.009542053465989565, 0.01791839921018061, 0.007483442482021686, 0.007484189707447445, 0.021345545611369067, 0.01282402704860317,
84, 1.860871143586839e-06, 5.076705734496211e-06, 0.41753531187892984, 0.4113533259634798, 0.05476566100176417, 0.009438066695369384, 0.012667698544839163, 0.009440416850687687, 0.008751692393356042, 0.009438119360195583, 0.01782628500246547, 0.00739766856063555, 0.0073983831781268845, 0.02125706964023306, 0.012723363783630625,
85, 2.7437856180598484e-06, 6.893787150223436e-06, 0.4182076218510426, 0.41201399628815805, 0.05433010968225542, 0.009342066722575962, 0.012574731600721659, 0.009344405604881268, 0.008654600675666799, 0.009342118278180113, 0.01773986718932255, 0.007317389942427841, 0.00731808016287958, 0.021174824650560323, 0.012630550209241103,
86, 5.056206722462823e-06, 9.048554380449284e-06, 0.4188428326682166, 0.4126378775838668, 0.053872408387088906, 0.00925453842784156, 0.012489072132403453, 0.009256867329539202, 0.008570890604922058, 0.009254588636267925, 0.017664386187625593, 0.00724878590351145, 0.007249480539730674, 0.021098849316330662, 0.012545317953193717,
87, 8.360361196008576e-06, 1.134361597905634e-05, 0.41956287177466733, 0.4133451617874576, 0.05328626969065144, 0.00916364889513464, 0.012403627691485083, 0.009165967909059361, 0.00847866590080841, 0.009163697457921699, 0.01758561081407058, 0.007168150277448691, 0.007168844629115007, 0.021027111350053095, 0.012460668275783529,
88, 1.0167918116283335e-05, 1.2916732227326154e-05, 0.42034416563299687, 0.41411288556304593, 0.05262089535138204, 0.009066716150417941, 0.012314297575900229, 0.009069025099104552, 0.008381477407582176, 0.009066763160458756, 0.01750631794939744, 0.007084086133032204, 0.007084770365816688, 0.02095344207317886, 0.012372073318778166,
89, 1.1008167269097751e-05, 1.4801031443370497e-05, 0.42113200924708627, 0.4148868813873009, 0.05200979868978585, 0.008961303770030652, 0.012217907069846616, 0.008963602104107977, 0.008276777585220373, 0.008961349394070218, 0.017422615359968925, 0.0069955213900429235, 0.006996196667791987, 0.020873797657851478, 0.012276430911590258,
90, 9.161553751014504e-06, 1.2380180061290244e-05, 0.42183921598776314, 0.41558229487062076, 0.05136735479681023, 0.00887858892181578, 0.012138006498154526, 0.008880879802929904, 0.008195773860641716, 0.008878633570833822, 0.017354566681331722, 0.006928823984628587, 0.00692948506214774, 0.02080845297885295, 0.012196381683492272,
91, 5.043998723271827e-06, 7.437637469570919e-06, 0.4226537184514065, 0.4163837951162885, 0.050525269952484776, 0.008793961475362813, 0.0120584791053718, 0.008796246311525134, 0.008111633471885652, 0.008794004929609432, 0.017288662693273255, 0.006858296058733611, 0.006858935470706888, 0.02074792947639303, 0.01211658628659114,
92, 3.4167437956458757e-06, 4.9085593168766835e-06, 0.4234137503226797, 0.41713154379722384, 0.04975089668020661, 0.008711927342041959, 0.011972378021922785, 0.008714205624109989, 0.008031468117067501, 0.008711969811593357, 0.01723946497775611, 0.006790249405556592, 0.006790874415753087, 0.02070336097861401, 0.012029585637709894,
93, 5.430978347346417e-06, 7.26949523032228e-06, 0.4241518406912033, 0.4178574997456993, 0.04905604470439638, 0.008625981466870006, 0.011878954153936123, 0.008628251356664573, 0.0079462952661265, 0.008626022693169425, 0.017187808748763914, 0.006717524460617822, 0.0067181294332789195, 0.020657605512933868, 0.011935341727747937,
94, 7.136476319291728e-06, 1.0037071775908871e-05, 0.42479683695636294, 0.41849212283860254, 0.04848910548238653, 0.008549456036594424, 0.011795649145430536, 0.00855171888724372, 0.007870588273790682, 0.008549496241365731, 0.017126512631563666, 0.006654760938341681, 0.0066553457208993125, 0.020600202232993182, 0.011851031502320593,
95, 6.014928370364209e-06, 8.789484487524152e-06, 0.42541280809369214, 0.4190981653061069, 0.0479613920510186, 0.008479207626772471, 0.011722453148698091, 0.008481464513857359, 0.007797253874167198, 0.00847924697106614, 0.017051571660241602, 0.0065955012083350984, 0.006596065318121492, 0.02053295401924869, 0.011777112231436269,
96, 3.5445317668199113e-06, 5.172589346994184e-06, 0.42587710447961463, 0.4195554570616229, 0.04752080811356737, 0.008433591781913203, 0.01166256623536438, 0.008435845865929286, 0.007750191857894535, 0.008433630577218887, 0.01699948670913169, 0.006560123107017166, 0.00656066477053943, 0.020486580950225777, 0.011715231802327364,
97, 5.1465339339123535e-06, 6.22454257933254e-06, 0.4263184261670051, 0.4199898498570279, 0.047112641748317176, 0.008389107907244888, 0.011605179951546788, 0.008391358463662105, 0.007704261907189526, 0.008389145976250184, 0.01694435347351384, 0.006525429269028369, 0.006525956327048998, 0.02043675039602881, 0.011656167913457294,
98, 5.41154524465931e-06, 6.348001730476897e-06, 0.426743002592184, 0.4204074348373056, 0.04677302526999285, 0.008341537806914488, 0.011548803160258726, 0.008343784664036975, 0.007658031695596262, 0.008341575192062856, 0.016879989703807163, 0.006489790179005085, 0.006490307681675397, 0.02037247081885827, 0.011598487283757411,
99, 4.231594053440359e-06, 4.160216698158872e-06, 0.4271069987613171, 0.42076590189939045, 0.04640985596249174, 0.008310433781223018, 0.011504985104931845, 0.008312679270739533, 0.007628717999044337, 0.008310470746842399, 0.016828335569225018, 0.006470026763261443, 0.006470529749958737, 0.020319981747617927, 0.011552691267105859,
100, 4.857968432160041e-06, 4.334320406170974e-06, 0.4275085968444356, 0.4211617180023815, 0.045987246808276774, 0.00827687246364154, 0.011459249879259588, 0.00827911619361233, 0.007596773592866224, 0.008276908832479017, 0.016775604409870824, 0.0064484105172219145, 0.006448890371833528, 0.020266543228538037, 0.011504877000615678,
101, 3.0096701737529075e-06, 2.5276754294711147e-06, 0.4279681927656058, 0.4216144151558099, 0.045527824695852676, 0.00823274449203185, 0.01140665570677516, 0.008234985523128737, 0.007556407852307315, 0.008232780417705091, 0.016724332101651997, 0.0064163211068546, 0.006416777335649921, 0.02021247620936406, 0.0114505497256436,
102, 1.3733603134270812e-06, 1.1399456402972303e-06, 0.4283970929337771, 0.4220365784295386, 0.04514687945616513, 0.008187373996826465, 0.011355609959422181, 0.008189612090967878, 0.007516051445164233, 0.008187409505679049, 0.01666606570596772, 0.006383887502179468, 0.006384324896190951, 0.020148573337201887, 0.011398027870401537,
103, 6.27435407756248e-07, 7.247770708790809e-07, 0.4288353995580689, 0.42246812545726803, 0.04478319474594964, 0.008138153740642752, 0.011299924988895128, 0.008140388139638237, 0.007471489911329008, 0.00813818867812693, 0.016604703597947273, 0.006348005791840527, 0.006348416943677011, 0.020081874257982135, 0.011340782410613821,
104, 1.120738769455451e-06, 1.400974999650417e-06, 0.42926703096246954, 0.4228929148826737, 0.04443365673842198, 0.008089051344165519, 0.011242522723137338, 0.008091280881836414, 0.0074262442246248025, 0.008089085518679928, 0.016544023647376116, 0.006311091228980901, 0.0063114763152895634, 0.020017105741489377, 0.011281994509054623,
105, 2.507262685610082e-06, 3.765892214916859e-06, 0.42973956856045537, 0.4233582973557871, 0.044025428166180325, 0.008036848851653811, 0.011182668579688424, 0.00803907296488705, 0.007377761998537928, 0.008036882061794296, 0.016481793428599126, 0.006271773151723256, 0.006272122856101517, 0.019950843868812847, 0.011220665433436968,
106, 2.1316976891448895e-06, 3.3205563424449975e-06, 0.43028308710036867, 0.42389340411519594, 0.04348689817030528, 0.007983316796888287, 0.011125803386079318, 0.007985535092843324, 0.007325210887996231, 0.007983349141947323, 0.016422400916678896, 0.006225043396399983, 0.006225351827769811, 0.019892401332092156, 0.011162746013035466,
107, 1.873730668184895e-06, 2.827431788170228e-06, 0.4308202743755649, 0.42442200772301547, 0.042970531701607424, 0.007928429695407663, 0.011065308851438778, 0.007930641534863486, 0.007270299285163762, 0.007928461251512788, 0.016365208276478443, 0.006177491773530701, 0.006177761152053491, 0.0198376883922712, 0.011101195257180294,
108, 1.5323206276309907e-06, 2.3685589701343103e-06, 0.4314816763825037, 0.4250723173233701, 0.042280001316792916, 0.00786081188387866, 0.011000785235788088, 0.0078630141963861, 0.007202446016866377, 0.007860842871354292, 0.016313551268636515, 0.006116741924964696, 0.006116974023462002, 0.019790295882947593, 0.011036641225990877,
109, 8.351191313565759e-07, 1.8740978535681062e-06, 0.4321216044890596, 0.42570127919220807, 0.04166508635938564, 0.007790140277361336, 0.010929742979060974, 0.007792332098904016, 0.007130377225628366, 0.007790170665703142, 0.016261328592092793, 0.0060529237733498754, 0.006053112357567791, 0.019743723098079508, 0.010965470107908343,
110, 3.4781043930217095e-07, 1.011580057049585e-06, 0.43273235372874974, 0.42630126420908804, 0.04102462331541394, 0.007726799979819845, 0.010865386822446753, 0.007728982615663855, 0.007069769097125364, 0.00772682954580721, 0.01621922566246698, 0.005999399513585097, 0.005999570423413876, 0.019703201563590417, 0.010901234564953075,
111, 1.247434349885695e-06, 1.9081745206069005e-06, 0.43334297190602594, 0.4269007171454715, 0.040312537242749934, 0.0076710128105524295, 0.010808651452111523, 0.0076731856396444215, 0.007016037018073487, 0.007671041361345856, 0.0161832974203061, 0.005950975142322316, 0.00595114118956216, 0.019670190495495673, 0.010845086000227091,
