Optimize time:20.493611892329323
Begin Prob:-13563.243295668557
End Prob:-13497.347505203721
Substitution parameters:[0.2070962165529045, 0.2811262183799802, 0.28301881504158205, 0.22875875002553328, 1.5568036606078814]
Trees:
(5:356.9785987347018,((3:438.8809036602459,4:349.9562615888836):351.5677368922967,(1:457.86074531466096,2:438.8809036602459):325.06099644321245):297.0079153141761);
(5:368.5895145996161,(4:329.1998104557673,(2:458.0799720882473,(1:375.41211019422684,3:438.8809036602459):438.8809036602459):354.0111559587296):284.51768467080797);
(5:236.06880487389634,(2:236.06880487389634,(4:464.7794523741628,(1:237.98818168001722,3:540.123301064236):236.06880487389634):236.06880487389634):472.095357810491);
(5:285.0274259965741,(4:284.51768467080797,(3:284.51768467080797,(1:237.98818168001722,2:236.06880487389634):536.8887318133685):284.51768467080797):470.1329168597764);
(5:236.06880487389634,(3:413.1213406707936,(1:411.86505154650644,(2:341.0809420408618,4:236.06880487389634):236.06880487389634):236.06880487389634):285.0274259965741);
(5:236.06880487389634,(1:469.6239457068202,(2:352.68102420712654,(3:342.4681213375749,4:420.47375390345536):236.06880487389634):236.06880487389634):330.28753525212);
(5:236.06880487389634,(1:356.5105020204725,(4:236.06880487389634,(2:356.8380199328085,3:236.06880487389634):236.06880487389634):236.06880487389634):236.06880487389634);
(5:281.1534861439982,(2:340.79925506541827,(3:280.97374675114895,(1:364.5356416592435,4:356.8380199328085):402.80434643928857):420.47375390345536):339.3933409676997);
(5:284.5241771738406,(4:370.7467314151022,(1:281.30194823450245,(2:361.76920154551584,3:420.47375390345536):420.47375390345536):348.1486152737487):420.47375390345536);
(5:284.51768467080797,((2:284.51768467080797,3:473.328478519154):469.3274259799527,(1:472.13449849470163,4:284.51768467080797):381.840308691081):284.51768467080797);
(5:336.801717148318,(3:400.0812987478035,(4:346.0577750269749,(1:321.6461790657193,2:281.15217800782096):377.13555437246714):287.8302593384187):236.06880487389634);
(5:287.81134100278126,((2:445.044451574459,4:367.19000188302897):281.7839158391811,(1:335.2582079359322,3:451.4530098618246):237.98925665994196):284.94975711328584);
(5:421.72996080898287,(1:321.0733814064944,(3:383.01208627281926,(2:369.98130526542786,4:287.82640923387817):356.51343081850564):438.88085671826184):284.4842586697464);
((2:236.06880487389634,5:854.1020661460033):468.02845245901335,(1:236.06880487389634,(3:236.06880487389634,4:236.06880487389634):340.5494423138441):469.3274259799527);
(5:0.686715,(3:355.0331574746179,(2:298.51875820031574,(1:530.8340888073496,4:1.10921):1e-06):1e-06):0.686715);

Position, Posteriors1, Posteriors2, Posteriors3, Posteriors4, Posteriors5, Posteriors6, Posteriors7, Posteriors8, Posteriors9, Posteriors10, Posteriors11, Posteriors12, Posteriors13, Posteriors14, Posteriors15,
0, 0.0008197719762706177, 0.0008197719762706177, 0.000819771976282547, 0.0008197719762676354, 0.0008197719762661443, 0.34763025542277703, 0.005811988795751993, 0.005964961735122172, 0.005403901353601833, 0.005812001074541111, 0.2947790143045826, 0.005595604578200937, 0.005812098917314409, 0.3132792604708573, 0.005812053748417562,
1, 0.0006240345837048423, 0.0006240345837059773, 0.0006240345837150583, 0.000624034583702572, 0.0006240345837014369, 0.34907959093442004, 0.00539730778205349, 0.005554085484201685, 0.004982962901071788, 0.005397318773007359, 0.2959585879669459, 0.005180204818012537, 0.005397418560703165, 0.31453498211809117, 0.005397368025741185,
2, 0.000569786784927105, 0.000569786784927105, 0.000569786784936433, 0.0005697867849260686, 0.0005697867849239957, 0.3502423959651859, 0.004990950962086228, 0.005152890778132951, 0.0045855855895572, 0.004990962405786299, 0.2968953441601414, 0.004774578093722856, 0.004991048790468643, 0.3155363046065486, 0.004991005006584197,
3, 0.0004926256412140264, 0.0004926256412140264, 0.0004926256412229873, 0.0004926256412131303, 0.0004926256412122342, 0.35102007631099236, 0.004685242218503946, 0.004852972259312984, 0.00430216456498356, 0.004685253668770883, 0.2979442030457173, 0.0044739801900372704, 0.004685340422509509, 0.31620234678640935, 0.004685292610627834,
4, 0.0005509547285563018, 0.0005509547285563018, 0.0005509547285653214, 0.0005509547285542974, 0.0005509547285532953, 0.35164153713567603, 0.004354459309157903, 0.004524567537101032, 0.00398400633555701, 0.004354473138828058, 0.2988081903794181, 0.004145694769277051, 0.004354519330035609, 0.3167232745965936, 0.0043545041086771015,
5, 0.0005610825212960869, 0.0005610825212960869, 0.0005610825213042517, 0.0005610825212940457, 0.0005610825212930251, 0.35233180522413654, 0.004006303507473055, 0.004190925917072726, 0.0036465540629708427, 0.004006319087781868, 0.29984038095596455, 0.0038047741021978295, 0.004006339134752468, 0.3173548414883169, 0.004006344195777919,
6, 0.0005543130262885503, 0.0005543130262885503, 0.0005543130262956083, 0.000554313026287542, 0.0005543130262865337, 0.3527125063182168, 0.0037524494797468813, 0.003930046503685625, 0.003413961004530622, 0.0037524658746225068, 0.30097606152691253, 0.0035564200605034697, 0.003752473478721382, 0.3176295630992853, 0.0037524878042406577,
7, 0.00057248182101264, 0.00057248182101264, 0.0005724818210199294, 0.0005724818210115987, 0.0005724818210105573, 0.35313346789450806, 0.003458769006126031, 0.003635920244847057, 0.0031526120492816182, 0.0034587868368923893, 0.30214815052228555, 0.0032634250845109923, 0.003458775088895102, 0.317968879023535, 0.003458805426502863,
8, 0.0005563158423744058, 0.0005563158423744058, 0.0005563158423814894, 0.000556315842373394, 0.000556315842372382, 0.3536652031686741, 0.0031318650043519734, 0.003307058843655852, 0.0028693858320790783, 0.003131882877811685, 0.30349346958684315, 0.0029428307087631693, 0.0031318619714583917, 0.31841296277600967, 0.003131900301922655,
9, 0.0005275299822745078, 0.0005275299822745078, 0.0005275299822802653, 0.0005275299822735482, 0.0005275299822725887, 0.35403122279433274, 0.002869163084096528, 0.0030437585608439665, 0.0026445613882726173, 0.0028691794989437864, 0.3047804227684366, 0.0026872892854932916, 0.0028691628288468, 0.31869839601378813, 0.002869194148180914,
10, 0.0004952226398826275, 0.0004952226398826275, 0.0004952226398871315, 0.0004952226398817267, 0.0004952226398817267, 0.3544686088926502, 0.0025743577018741983, 0.002742704356091793, 0.0024014909453777284, 0.002574371838473623, 0.3061641838489751, 0.002402882398443913, 0.002574352281391193, 0.3190465496183768, 0.0025743852006375784,
11, 0.0004734770086055038, 0.0004734770086055038, 0.0004734770086089488, 0.00047347700860464253, 0.00047347700860464253, 0.3548597942576292, 0.002280707914937726, 0.0024458567985306853, 0.002166950821542248, 0.0022807212354394577, 0.30752660034272605, 0.0021229503961216387, 0.0022806885995921237, 0.3193876096461759, 0.0022807352263343,
12, 0.0004484254921398213, 0.0004484254921398213, 0.00044842549214226836, 0.0004484254921390056, 0.0004484254921390056, 0.35527889974826704, 0.0019986774953347822, 0.002165790998666704, 0.0019213744039958485, 0.001998689119779373, 0.3087782977787595, 0.0018541250911870612, 0.0019986500527480098, 0.31976466677514076, 0.0019987013575000216,
13, 0.0003862136926792814, 0.0003862136926799839, 0.00038621369268138897, 0.0003862136926785789, 0.0003862136926785789, 0.355788266955926, 0.0017509938101439295, 0.0019279634006753468, 0.0017043026040081811, 0.0017510033453554757, 0.30976554326573336, 0.00162166942281651, 0.0017509686375460271, 0.3202572041533072, 0.0017510162215002678,
14, 0.0003405871453839371, 0.0003405871453839371, 0.00034058714538517617, 0.0003405871453833176, 0.00034058714538269806, 0.3562242116395338, 0.0015958139184444242, 0.0017870688853134891, 0.0015552147669794431, 0.0015958222849624672, 0.31015822837974266, 0.0014797475323412987, 0.001595790759003766, 0.3207093302264132, 0.001595836160367215,
15, 0.00023882315873880656, 0.00023882315873880656, 0.0002388231587396754, 0.00023882315873793774, 0.00023882315873793774, 0.35678563706603955, 0.0014287243555039704, 0.001624486880165993, 0.001393987296333024, 0.001428730881301362, 0.31075314777466984, 0.001320736805493073, 0.00142870889202622, 0.32121297784533426, 0.0014287466888742324,
16, 9.874447315040484e-05, 9.874447315058446e-05, 9.87444731511233e-05, 9.8744473149866e-05, 9.874447314968638e-05, 0.3573202855012265, 0.001308697223897404, 0.0015104738089910695, 0.0012773233337870183, 0.0013087024440012363, 0.3112495502190756, 0.0012090212373391319, 0.001308692716823396, 0.3217048102442245, 0.0013087211847062,
17, 7.34555029133065e-05, 7.34555029133065e-05, 7.345550291384096e-05, 7.345550291277205e-05, 7.345550291277205e-05, 0.35765237064849714, 0.0011901152812366347, 0.0013972166061747555, 0.001163961656896297, 0.0011901199602230655, 0.31155251344327495, 0.0010983565762108496, 0.0011901134653891773, 0.32200781496711056, 0.001190140160003064,
18, 5.7472216962221085e-05, 5.747221696232562e-05, 5.747221696284833e-05, 5.7472216962012e-05, 5.747221696190746e-05, 0.35788498564581683, 0.00110256325915355, 0.001315406112856084, 0.001081414668858017, 0.001102567324679428, 0.3117838246305763, 0.0010179965331384663, 0.0011025659858577774, 0.32221872680188307, 0.0011025882328307619,
19, 5.5241666629276745e-05, 5.5241666629276745e-05, 5.524166662977917e-05, 5.524166662907578e-05, 5.524166662907578e-05, 0.35797197479473253, 0.001034671604943857, 0.001251375168668405, 0.0010197199706740842, 0.0010346750503818344, 0.3121077276335749, 0.0009559689921678752, 0.0010346759582931652, 0.3222783069639799, 0.0010346958104427142,
20, 6.11361986819559e-05, 6.11361986819559e-05, 6.113619868251194e-05, 6.113619868173349e-05, 6.113619868173349e-05, 0.35808768561150855, 0.0009484946345311862, 0.0011689923252277837, 0.00093656152296576, 0.0009484976909011523, 0.31246223978763316, 0.0008758600098136398, 0.0009484945180319221, 0.3223689766533967, 0.0009485165353944616,
21, 6.934521262048899e-05, 6.934521262048899e-05, 6.934521262099353e-05, 6.934521262036284e-05, 6.93452126202367e-05, 0.3581850149773319, 0.0008704348826168093, 0.0010823270524765892, 0.0008658379278083309, 0.0008704380408403923, 0.31290680727656683, 0.0008031728658594156, 0.0008704311961110215, 0.3223283543412725, 0.0008704556586803984,
22, 7.328749709478567e-05, 7.328749709478567e-05, 7.32874970953189e-05, 7.328749709465235e-05, 7.328749709465235e-05, 0.3583402419664661, 0.0007990186295548816, 0.0010057516658360454, 0.0008020283472297082, 0.0007990215043921393, 0.31319277850386346, 0.0007375236435603573, 0.0007990143430159298, 0.32235914680021877, 0.000799037395084872,
23, 6.998031644912289e-05, 6.998031644912289e-05, 6.998031644950477e-05, 6.998031644899559e-05, 6.998031644886831e-05, 0.3585080174210564, 0.0007265274138815833, 0.0009182846053120697, 0.0007392254012517797, 0.0007265298346044258, 0.31360261140686274, 0.0006685597410140687, 0.0007265256749912322, 0.32230727268972825, 0.0007265445144529418,
24, 6.605131829808382e-05, 6.605131829808382e-05, 6.605131829844426e-05, 6.605131829796368e-05, 6.605131829796368e-05, 0.35870343329604915, 0.0006653047781351158, 0.0008484056981145502, 0.0006833608313399364, 0.0006653072315362496, 0.3138364227880573, 0.0006117992774208554, 0.0006653043921076339, 0.3223250835497251, 0.0006653218501677181,
25, 6.241756489663738e-05, 6.241756489663738e-05, 6.241756489686446e-05, 6.241756489641031e-05, 6.241756489641031e-05, 0.3588569281843199, 0.0006020420530279207, 0.0007757610202287174, 0.0006263333616502895, 0.0006020442633872464, 0.3141726916515556, 0.0005527958143304776, 0.0006020426013597546, 0.32229521550864504, 0.0006020580006459304,
26, 5.524170912387885e-05, 5.524170912387885e-05, 5.524170912407981e-05, 5.524170912367788e-05, 5.524170912367788e-05, 0.3589694470612127, 0.000547213094499074, 0.0007089150003457022, 0.0005789713208123437, 0.0005472151358782812, 0.31458239490494605, 0.0005015812702214347, 0.0005472147132078715, 0.3221936105800198, 0.0005472286564998765,
27, 4.6319034824782565e-05, 4.6319034824782565e-05, 4.631903482495107e-05, 4.631903482461405e-05, 4.631903482461405e-05, 0.3590987223363286, 0.0004839330303077621, 0.0006308650314290625, 0.0005273196786409334, 0.0004839345505559329, 0.31503831512563596, 0.0004426649923863803, 0.0004839354660658993, 0.32209476687801136, 0.0004839480197146991,
28, 3.737227360884784e-05, 3.737227360891582e-05, 3.737227360891582e-05, 3.737227360877986e-05, 3.737227360877986e-05, 0.3592649810925967, 0.0004435697083368533, 0.000583073249573981, 0.0004921684538817582, 0.0004435708390881954, 0.3152309919270813, 0.0004061397212703084, 0.00044357350220602265, 0.3220614858962581, 0.00044358452470317106,
29, 2.2286502693778463e-05, 2.2286502693778463e-05, 2.2286502693778463e-05, 2.2286502693697385e-05, 2.2286502693697385e-05, 0.35946961407502537, 0.0004046849432437061, 0.0005383690671544092, 0.00045866843558934863, 0.0004046854831510095, 0.3153592722286132, 0.0003712538191146558, 0.0004046920505666753, 0.322072628567466, 0.0004046990997678552,
30, 7.861353894269932e-06, 7.861353894284232e-06, 7.861353894298531e-06, 7.861353894241333e-06, 7.861353894241333e-06, 0.3596529199341676, 0.0003842271422410861, 0.0005158799626835553, 0.0004417877020383697, 0.0003842271915083076, 0.31538227621037523, 0.00035405288288442626, 0.00038423796719441543, 0.32207684359859196, 0.0003842409226197431,
31, 5.924414533870344e-06, 5.924414533870344e-06, 5.9244145338918965e-06, 5.924414533859568e-06, 5.924414533859568e-06, 0.35981308414195906, 0.00036377956179186943, 0.0004935395226705052, 0.0004254345525754126, 0.0003637793291521633, 0.31538287680374394, 0.00033671389154451046, 0.00036379187857195285, 0.3220635857018666, 0.0003637928272787752,
32, 8.626878437287857e-06, 8.626878437287857e-06, 8.626878437319242e-06, 8.626878437272165e-06, 8.626878437272165e-06, 0.3599623178220355, 0.0003436295455981187, 0.0004719006140471367, 0.00041075759412881785, 0.00034362921279838154, 0.3153746436252344, 0.00031964264759244026, 0.00034364178156053894, 0.3220430608803882, 0.0003436421685888852,
33, 1.0538063369422616e-05, 1.0538063369422616e-05, 1.0538063369460952e-05, 1.0538063369403447e-05, 1.0538063369403447e-05, 0.3600360725846205, 0.00033503753001902584, 0.0004636379028638808, 0.0004084191158475572, 0.0003350369963838984, 0.31543757029947456, 0.00031369217124133683, 0.0003350508166059932, 0.3219477430138552, 0.0003350495358362261,
34, 1.035803596629442e-05, 1.035803596629442e-05, 1.0358035966350944e-05, 1.0358035966256738e-05, 1.0358035966256738e-05, 0.3601616006045844, 0.000332079255079675, 0.00046318646123095104, 0.00040858537217675225, 0.0003320784187016837, 0.3153601307654549, 0.0003133339825741734, 0.00033209465956296686, 0.32191302998024146, 0.00033209060379645397,
35, 1.1324801378728625e-05, 1.1324801378728625e-05, 1.1324801378790425e-05, 1.1324801378708026e-05, 1.1324801378708026e-05, 0.3603143688835999, 0.0003240972049429765, 0.00045583447923978833, 0.0004015460182230222, 0.000324096140838884, 0.3152935946850308, 0.0003065946375479779, 0.00032411383462338896, 0.3218750225186316, 0.00032410787406525466,
36, 9.832951602450972e-06, 9.832951602450972e-06, 9.832951602486744e-06, 9.832951602433086e-06, 9.8329516024152e-06, 0.360504229186107, 0.0003169165893351839, 0.00045033702543770824, 0.0003911684319062009, 0.0003169151559861122, 0.3151612946677147, 0.0003006061350707782, 0.0003169356340744356, 0.321875506316482, 0.0003169263838436328,
37, 1.124026432693963e-05, 1.124026432693963e-05, 1.1240264326980521e-05, 1.1240264326898737e-05, 1.1240264326898737e-05, 0.36068614789633463, 0.00031052066192868244, 0.00044367540717744127, 0.00038268139822250164, 0.00031051899635069387, 0.31507674766500726, 0.0002952489359919709, 0.00031054165991239427, 0.321817186509632, 0.0003105298313634912,
38, 8.926671648019672e-06, 8.926671648019672e-06, 8.926671648068385e-06, 8.926671647987199e-06, 8.926671647987199e-06, 0.36081977791179487, 0.00030609562597936116, 0.00043773881740066984, 0.00037791864402582175, 0.00030609360432696007, 0.3151299729275318, 0.00029158599562348467, 0.0003061195272810203, 0.321673959690119, 0.00030610418100006094,
39, 6.049136116636708e-06, 6.049136116636708e-06, 6.049136116691725e-06, 6.0491361166257045e-06, 6.0491361166257045e-06, 0.3609549203492554, 0.00030290924031952353, 0.00043120022216936533, 0.0003760727450616003, 0.00030290699943032873, 0.31523368080151704, 0.0002892730615935279, 0.0003029364716942359, 0.3214729371629074, 0.00030291754784652795,
40, 6.346919730927903e-06, 6.346919730927903e-06, 6.346919730985628e-06, 6.346919730916358e-06, 6.346919730916358e-06, 0.36109772590977224, 0.0002981771072513554, 0.0004228341703060832, 0.00037201744373539737, 0.0002981748062451873, 0.3153061346918955, 0.0002854039399017821, 0.00029820545084058287, 0.3212914067929631, 0.00029818537081752834,
41, 9.337564434969162e-06, 9.337564434969162e-06, 9.337564435054086e-06, 9.337564434952177e-06, 9.337564434952177e-06, 0.36124506261782685, 0.0002896131826223483, 0.0004100217496590487, 0.0003628429894852229, 0.00028961091234077274, 0.31538483494933467, 0.00027753571436569543, 0.00028964105215702104, 0.3211145281907743, 0.00028962110120124167,
42, 1.267991999623265e-05, 1.267991999623265e-05, 1.2679919996324909e-05, 1.2679919996209585e-05, 1.2679919996209585e-05, 0.3613749046919147, 0.0002808217381572353, 0.0003975874298453663, 0.00035492983632043443, 0.000280819581336393, 0.3154796977400179, 0.000269676620112633, 0.0002808490621034122, 0.3209364844593864, 0.00028082952250723677,
43, 1.306813457275767e-05, 1.306813457275767e-05, 1.3068134572828983e-05, 1.30681345727339e-05, 1.30681345727339e-05, 0.3615276944469376, 0.0002685484522213937, 0.00038168598207780676, 0.00034142674468933264, 0.00026854638847473403, 0.3155539356326754, 0.00025865991530189065, 0.00026857532819783833, 0.32079703044687635, 0.00026855627172986683,
44, 9.968323030837463e-06, 9.968323030837463e-06, 9.968323030873728e-06, 9.968323030783067e-06, 9.968323030783067e-06, 0.36168800989344135, 0.00025514224192030793, 0.00036087489870484824, 0.0003277050298855958, 0.0002551402101093846, 0.3157331365405062, 0.00024570681565837206, 0.0002551697318069817, 0.3205741230875572, 0.0002551502161142587,
45, 1.0251967199925774e-05, 1.0251967199925774e-05, 1.0251967199944422e-05, 1.0251967199888477e-05, 1.0251967199888477e-05, 0.3617685019424768, 0.0002474363601810077, 0.000346973497758708, 0.00032119022037572625, 0.00024743430358464114, 0.31602353414728895, 0.00023840577776970882, 0.0002474642368076866, 0.3202603555945348, 0.00024744436445383146,
46, 8.367972115988503e-06, 8.367972115988503e-06, 8.367972116003724e-06, 8.36797211595806e-06, 8.36797211595806e-06, 0.361879318480405, 0.00023473605269188843, 0.0003264663551319322, 0.00030794523586142464, 0.0002347340710139113, 0.3163114750881318, 0.00022536821571422943, 0.00023476324910545613, 0.31996860949110056, 0.0002347441828058673,
47, 3.919518202960692e-06, 3.919518202960692e-06, 3.9195182029820806e-06, 3.919518202953563e-06, 3.919518202946433e-06, 0.36204434982951234, 0.0002273892743291304, 0.0003142499223475779, 0.00029937194275611817, 0.00022738738546289295, 0.3164340359819068, 0.00021809728124164455, 0.00022741651324609748, 0.31976070662696265, 0.00022739793291858337,
48, 4.019718574111249e-06, 4.019718574111249e-06, 4.019718574125872e-06, 4.019718574096625e-06, 4.019718574096625e-06, 0.36219627490807826, 0.00021725994086940948, 0.0002985645706267554, 0.00028865672136150935, 0.00021725810861884527, 0.31658811421434846, 0.0002079108008156905, 0.00021728551793550455, 0.31953130811585817, 0.00021726879045870338,
49, 4.034923023523988e-06, 4.034923023523988e-06, 4.034923023538666e-06, 4.034923023516648e-06, 4.034923023516648e-06, 0.3623227922512894, 0.000212962020912396, 0.00029043980006791695, 0.0002852155989001208, 0.00021296018907733804, 0.3167461997198484, 0.00020374287628028613, 0.00021298698444297774, 0.31927955512566053, 0.00021297110002654106,
50, 3.3867357819015092e-06, 3.3867357819015092e-06, 3.3867357819199906e-06, 3.3867357818891883e-06, 3.3867357818891883e-06, 0.3624522357669042, 0.00020999835059880179, 0.0002804721562158947, 0.0002849098206818753, 0.00020999661301416696, 0.3170064451865815, 0.00020077986319116733, 0.0002100230390795979, 0.3189181978490517, 0.00021000795850307298,
51, 4.703117923635182e-06, 4.703117923635182e-06, 4.703117923652292e-06, 4.703117923626628e-06, 4.703117923626628e-06, 0.3625943581295014, 0.0002051721460558199, 0.00026868658764865025, 0.0002803391433380744, 0.0002051704534091915, 0.31724935833399776, 0.00019586203265042548, 0.00020519613240650993, 0.31856715970063687, 0.000205182032401565,
52, 4.035218849321848e-06, 4.035218849321848e-06, 4.0352188493438674e-06, 4.0352188493145076e-06, 4.0352188493145076e-06, 0.36278558577556913, 0.00020436312973622683, 0.0002628210018703223, 0.00027795963182627363, 0.00020436137883842663, 0.3173587950070319, 0.00019506374148384572, 0.00020438754659127717, 0.3182821137014896, 0.00020437327370179578,
53, 3.7860118954094438e-06, 3.7860118954094438e-06, 3.7860118954232174e-06, 3.786011895402557e-06, 3.786011895402557e-06, 0.3629787497101644, 0.00020208495770600754, 0.00025561408867340486, 0.0002739584387633176, 0.000202083085204791, 0.31747561061815904, 0.00019282360810526157, 0.00020210997786811863, 0.31799594058245145, 0.00020209515643763334,
54, 4.854563371483674e-06, 4.854563371483674e-06, 4.854563371492504e-06, 4.8545633714748436e-06, 4.8545633714748436e-06, 0.3631703822840559, 0.00020018998143686868, 0.0002472368403731304, 0.00027129893131262647, 0.00020018808538292256, 0.3176455482876573, 0.00019086213344109878, 0.000200215337400144, 0.31764960514542173, 0.00020020043913622913,
55, 3.709150852721028e-06, 3.709150852721028e-06, 3.7091508527277745e-06, 3.709150852721028e-06, 3.709150852721028e-06, 0.36342058116961856, 0.0001983198895293637, 0.00023983473107768469, 0.0002692939801453905, 0.0001983178717099339, 0.31769170861582813, 0.0001891342934811688, 0.00019834640553967344, 0.31737758713055486, 0.00019833044033423244,
56, 1.3224164922139545e-06, 1.3224164922139545e-06, 1.3224164922211708e-06, 1.3224164922139545e-06, 1.3224164922139545e-06, 0.3636778140902159, 0.00020457459386312004, 0.00024195348029241778, 0.00027623239886349416, 0.00020457236119691605, 0.31766342415667725, 0.00019573917573947682, 0.00020460370607208633, 0.3171198887478887, 0.00020458548948107483,
57, 1.1167468514986196e-06, 1.1167468514986196e-06, 1.1167468515047135e-06, 1.1167468514986196e-06, 1.1167468514986196e-06, 0.36392903747691474, 0.00021072007778587197, 0.0002441451333894825, 0.0002843529568424734, 0.00021071774617462585, 0.31763103074835614, 0.00020227127022999532, 0.00021075078589910767, 0.3168606591111869, 0.0002107312432874565,
58, 2.201996170127866e-06, 2.2019961701318713e-06, 2.201996170139882e-06, 2.201996170127866e-06, 2.201996170127866e-06, 0.36417678480499316, 0.0002167666311988531, 0.00024639056840577577, 0.0002936711147922803, 0.00021676430936890578, 0.31759610403452065, 0.0002087494103601358, 0.00021679800736848978, 0.31660018342792706, 0.00021677799387953347,
59, 3.180363835213112e-06, 3.180363835213112e-06, 3.1803638352304674e-06, 3.180363835207327e-06, 3.180363835207327e-06, 0.3644360986876343, 0.00022154761573849039, 0.0002484217057710834, 0.0003010583699327806, 0.00022154547270062863, 0.3175143793772802, 0.00021431083983615852, 0.00022157885483723545, 0.31638359806302635, 0.00022155947972953395,
60, 5.020860036119773e-06, 5.020860036119773e-06, 5.020860036147172e-06, 5.020860036119773e-06, 5.020860036119773e-06, 0.3647076230406694, 0.0002210122726857515, 0.0002449126115449659, 0.0003012564664659686, 0.00022101040314217248, 0.31744065097116814, 0.0002143819911505005, 0.00022104162369864525, 0.31618198239163225, 0.00022102421126659033,
61, 4.974255404618172e-06, 4.974255404618172e-06, 4.974255404645317e-06, 4.974255404618172e-06, 4.974255404618172e-06, 0.36500869610130643, 0.0002159719676353251, 0.00023615796635830246, 0.00029523591513045, 0.00021597046181940583, 0.31736216535065664, 0.00020930241472194846, 0.0002159984150948881, 0.3159996463960354, 0.00021598401771938318,
62, 7.782394628470168e-06, 7.782394628470168e-06, 7.782394628512637e-06, 7.782394628456013e-06, 7.782394628456013e-06, 0.36532258870157847, 0.0002090197807777616, 0.00022556179048608627, 0.0002847662654795924, 0.0002090185909748156, 0.3172654698991647, 0.0002022124213782089, 0.0002090428593507287, 0.31582437631835597, 0.00020903168281659513,
63, 7.675173789040354e-06, 7.675173789040354e-06, 7.675173789096199e-06, 7.675173789040354e-06, 7.675173789026393e-06, 0.36568449349972165, 0.0001989151653244864, 0.0002121722201231679, 0.0002715752454366161, 0.00019891433725737552, 0.3170954936588476, 0.00019193444437724114, 0.0001989347675698122, 0.31571026400379987, 0.00019892707304986865,
64, 8.024764261804204e-06, 8.024764261804204e-06, 8.024764261862592e-06, 8.024764261789608e-06, 8.024764261789608e-06, 0.3660727410684225, 0.000186608697927427, 0.0001968169426440545, 0.00025115988991009536, 0.00018660811602695914, 0.316898729101871, 0.00017937894059925628, 0.00018662500707595234, 0.3156145884016065, 0.00018662029741229095,
65, 8.919647548422324e-06, 8.919647548422324e-06, 8.919647548487224e-06, 8.919647548389876e-06, 8.919647548389876e-06, 0.36642911259434346, 0.00018025007276988448, 0.00018805018962706507, 0.0002391362149137305, 0.00018024969271337841, 0.3167097686800789, 0.00017300447383729377, 0.0001802642236228025, 0.31549530437063394, 0.0001802615341077794,
66, 9.369224913048754e-06, 9.369224913048754e-06, 9.369224913116924e-06, 9.36922491301467e-06, 9.36922491301467e-06, 0.36668246160856605, 0.00017674156353405827, 0.0001819608529852083, 0.00023209536718144397, 0.00017674125852774284, 0.3167067949408774, 0.0001694210209110091, 0.00017675379179641766, 0.31527343109218603, 0.00017675266399318,
67, 1.1492427577251935e-05, 1.1492427577251935e-05, 1.1492427577356457e-05, 1.1492427577210125e-05, 1.1492427577210125e-05, 0.3669392125863476, 0.00016938845576467115, 0.00017258088902639046, 0.00022161456677297298, 0.00016938826635243392, 0.31669308102345606, 0.0001617120141306966, 0.00016939815123812415, 0.3150767630200726, 0.00016939917549126443,
68, 1.526108269066615e-05, 1.526108269066615e-05, 1.526108269080495e-05, 1.526108269061063e-05, 1.526108269061063e-05, 0.36705449983001714, 0.00016957258159453937, 0.00017041317430453243, 0.000221326207811054, 0.00016957242061047887, 0.3169156530045433, 0.0001614797191437136, 0.0001695800404568603, 0.3147220149507397, 0.00016958294345524372,
69, 1.6922042791563324e-05, 1.6922042791563324e-05, 1.692204279168645e-05, 1.6922042791532543e-05, 1.6922042791501762e-05, 0.36713655992529215, 0.0001731290684724567, 0.0001716489756423209, 0.00022530031538694136, 0.00017312882056261792, 0.31719817831687447, 0.0001646624897948907, 0.00017313510523679542, 0.3143265080979514, 0.00017313895687819762,
70, 1.3454611120050876e-05, 1.3454611120050876e-05, 1.3454611120124297e-05, 1.3454611120026402e-05, 1.3454611120026402e-05, 0.3672740707796913, 0.00017765477738414029, 0.00017442044588926136, 0.00023031572357356124, 0.00017765439309459538, 0.31736500958125174, 0.00016904306874447343, 0.0001776602857919528, 0.3140092337874251, 0.0001776643873299521,
71, 1.1726302814594386e-05, 1.1726302814615716e-05, 1.1726302814679706e-05, 1.1726302814594386e-05, 1.1726302814594386e-05, 0.36742943116933374, 0.00018005400499901002, 0.00017532354724366197, 0.00022948107221381318, 0.00018005338404615532, 0.3175073572720211, 0.00017125620232337922, 0.00018005917986638645, 0.3137082898789158, 0.00018006305989831079,
72, 1.729752740798467e-05, 1.729752740798467e-05, 1.7297527408079063e-05, 1.7297527407921742e-05, 1.7297527407921742e-05, 0.3675720897118676, 0.0001820175092786379, 0.00017585425910918344, 0.00022923264259359796, 0.000182016753151879, 0.3176389253630785, 0.0001730658358211236, 0.00018202142953592512, 0.31339626321271497, 0.00018202593091191414,
73, 2.1059996747638453e-05, 2.1059996747638453e-05, 2.1059996747791685e-05, 2.1059996747600147e-05, 2.1059996747600147e-05, 0.36772103573346254, 0.00018114192258189018, 0.00017440728176687287, 0.00022648736638833914, 0.000181141046968205, 0.31775619433404473, 0.00017215134109964842, 0.00018114470102862672, 0.3131198467418943, 0.0001811498300770782,
74, 2.733495286526939e-05, 2.733495286526939e-05, 2.7334952865418557e-05, 2.733495286526939e-05, 2.733495286526939e-05, 0.36787187336498073, 0.0001758707390926907, 0.00016922618362549412, 0.0002176123019069538, 0.00017586980396795557, 0.3178619159481656, 0.00016719928958978806, 0.000175871921730824, 0.3128720078337219, 0.00017587813255919815,
75, 2.720561857627013e-05, 2.720561857627013e-05, 2.7205618576369104e-05, 2.7205618576220642e-05, 2.7205618576220642e-05, 0.3680681974304396, 0.00016754391962398312, 0.00016114224963903408, 0.00020621540939243853, 0.00016754290793029252, 0.3179271208810606, 0.00015948854639522147, 0.0001675443782177167, 0.3126716256908722, 0.00016755077831483137,
76, 2.8721009727928886e-05, 2.8721009727928886e-05, 2.8721009728033373e-05, 2.8721009727876645e-05, 2.8721009727876645e-05, 0.3681353095805937, 0.00016655783587791822, 0.0001597241269110373, 0.00020439899269149143, 0.0001665566592727034, 0.31820668554395987, 0.0001590210098877219, 0.0001665577075920709, 0.31232501962947906, 0.0001665641513901412,
77, 2.3907694898383986e-05, 2.3907694898383986e-05, 2.3907694898427473e-05, 2.3907694898383986e-05, 2.3907694898340496e-05, 0.3681893821726288, 0.00016184431115331193, 0.0001554359920576969, 0.00019979512514568674, 0.00016184296997756283, 0.31853359781078305, 0.00015462693223929267, 0.00016184411825588934, 0.31200024227830003, 0.00016185010101888865,
78, 1.5396636862453707e-05, 1.5396636862453707e-05, 1.539663686250972e-05, 1.5396636862453707e-05, 1.53966368624257e-05, 0.36826737294445805, 0.00015738381000608736, 0.00015166621637590085, 0.0001941406509963277, 0.00015738218705627516, 0.3188275752351927, 0.0001505154306303153, 0.00015738446376414652, 0.3117022072462696, 0.00015738891730290204,
79, 9.567597249108834e-06, 9.567597249108834e-06, 9.567597249161045e-06, 9.56759724909143e-06, 9.56759724909143e-06, 0.3683215763032073, 0.0001523888430302307, 0.00014758252069980448, 0.0001891714302949367, 0.00015238702173470318, 0.3191360637724378, 0.0001460705231073677, 0.00015239003358760397, 0.31140213840965675, 0.00015239344147073425,
80, 1.1192196124519271e-05, 1.1192196124519271e-05, 1.1192196124580347e-05, 1.1192196124498914e-05, 1.1192196124498914e-05, 0.36836221179204753, 0.0001469729925791704, 0.00014313319830725038, 0.00018476418827968478, 0.00014697107765713235, 0.3194309151560864, 0.0001412273965732602, 0.00014697376243215054, 0.3110938927330977, 0.0001469770089050962,
81, 1.4043783292456561e-05, 1.4043783292456561e-05, 1.4043783292507652e-05, 1.4043783292431016e-05, 1.4043783292431016e-05, 0.3683837940244271, 0.00014573226216284707, 0.0001429134289426087, 0.0001853567236116091, 0.00014573018588505556, 0.3197261022998951, 0.00014067317423473825, 0.0001457330893505277, 0.3107680105167532, 0.0001457356630443512,
82, 1.4150190852867427e-05, 1.4150190852867427e-05, 1.4150190852918904e-05, 1.4150190852841687e-05, 1.4150190852841687e-05, 0.3684650615042778, 0.00014728021627558862, 0.00014600232890362062, 0.0001867424341739552, 0.00014727789181502067, 0.3198814944051883, 0.00014299099063637936, 0.00014728175767463693, 0.3105178348179648, 0.0001472829843388244,
83, 9.224185980538538e-06, 9.224185980538538e-06, 9.224185980538538e-06, 9.22418598052176e-06, 9.22418598052176e-06, 0.36858876845195426, 0.00014585114404613988, 0.00014568791579985693, 0.0001827861627539908, 0.00014584855857917368, 0.32003154017571556, 0.00014147617990689233, 0.00014585407404775236, 0.3102802133235237, 0.00014585336709143384,
84, 2.969571994846314e-06, 2.969571994846314e-06, 2.969571994857117e-06, 2.969571994840912e-06, 2.969571994840912e-06, 0.3687262296913528, 0.00014151968603763894, 0.00014244398549822192, 0.00017621347052072095, 0.00014151686490663747, 0.32018844309046185, 0.0001365641093683403, 0.00014152441938242397, 0.31004917571526774, 0.00014152139039052078,
85, 2.6454560726809855e-06, 2.6454560726809855e-06, 2.6454560726906095e-06, 2.645456072676173e-06, 2.645456072676173e-06, 0.3688543355789223, 0.0001367186845637092, 0.00013869447580383315, 0.00016966028826835965, 0.00013671573151965906, 0.3203324336888208, 0.0001311684602173918, 0.00013672403916073232, 0.3098136022601514, 0.0001367197961516231,
86, 2.1111190749782586e-06, 2.1111190749782586e-06, 2.111119074993619e-06, 2.1111190749744186e-06, 2.1111190749744186e-06, 0.36896079505170376, 0.00013634014060064429, 0.00013946002139963756, 0.000168582522007727, 0.0001363369952363101, 0.32048657978889333, 0.0001303668992737953, 0.00013634661168273132, 0.309558295991792, 0.0001363406672663367,
87, 2.7059150101114715e-06, 2.7059150101114715e-06, 2.7059150101410037e-06, 2.7059150101114715e-06, 2.7059150101114715e-06, 0.3689880562363042, 0.00013912758655400468, 0.00014312433556416164, 0.00017170611372415383, 0.00013912415334294307, 0.32078787177366613, 0.00013263486747777607, 0.00013913479981218882, 0.3092065635555362, 0.00013912728796905646,
88, 1.244289135738085e-05, 1.244289135738085e-05, 1.244289135751665e-05, 1.244289135738085e-05, 1.244289135738085e-05, 0.36900808894356385, 0.00014071940395474726, 0.0001454125106720657, 0.00017297392625703758, 0.0001407158030873308, 0.32107144217144273, 0.00013354011693627292, 0.00014072533968346052, 0.3088434494340932, 0.00014071817860306175,
89, 1.7993325682335906e-05, 1.7993325682335906e-05, 1.7993325682532282e-05, 1.7993325682335906e-05, 1.7993325682335906e-05, 0.3690061679902949, 0.00014531613813881106, 0.00014989693309107357, 0.00017856753257612708, 0.00014531232848555964, 0.32143810929679606, 0.000137494935015906, 0.0001453216036549872, 0.3084185327467395, 0.0001453141522112739,
90, 1.901736613224296e-05, 1.901736613224296e-05, 1.9017366132450514e-05, 1.901736613224296e-05, 1.9017366132208367e-05, 0.369029766311178, 0.00014760597514187166, 0.0001519650220542068, 0.00018051375883529702, 0.00014760190098897478, 0.3218070434414837, 0.00013887086098120634, 0.00014761191836268998, 0.30800633099560343, 0.00014760326827169292,
91, 1.6603673915783045e-05, 1.6603673915783045e-05, 1.6603673915934054e-05, 1.6603673915783045e-05, 1.6603673915783045e-05, 0.3690974426194798, 0.00014716286104027998, 0.00015169316624646419, 0.0001800025751284836, 0.00014715857769223922, 0.322101257844519, 0.00013793306283720728, 0.00014716963620985444, 0.30766000195095994, 0.0001471596196921112,
92, 2.4421879216387743e-05, 2.4421879216387743e-05, 2.442187921660986e-05, 2.4421879216387743e-05, 2.4421879216387743e-05, 0.36914773262798506, 0.00014612991626310033, 0.00015092761260050903, 0.00017984370435469036, 0.00014612551454734135, 0.3223806226032492, 0.00013642576759071324, 0.00014613662354497946, 0.3072978204770899, 0.0001461260384588606,
93, 2.559861142191738e-05, 2.559861142191738e-05, 2.5598611422057072e-05, 2.5598611421870817e-05, 2.5598611421870817e-05, 0.3692543482593512, 0.00014583546758967835, 0.00015144356898342572, 0.0001787087665317527, 0.00014583089240860101, 0.32255650495323485, 0.00013571686908100936, 0.0001458429167428546, 0.3070119444669431, 0.00014583106382894765,
94, 2.2975600333529835e-05, 2.2975600333529835e-05, 2.297560033361342e-05, 2.2975600333488046e-05, 2.2975600333488046e-05, 0.36937252411717725, 0.0001442183628859164, 0.00014854893921656571, 0.00017675479132067549, 0.00014421357303621085, 0.32283801524747935, 0.00013308751052254998, 0.00014422726024794814, 0.3066393189808205, 0.00014421349885523134,
95, 1.837484484081724e-05, 1.837484484081724e-05, 1.8374844840884087e-05, 1.8374844840783815e-05, 1.8374844840783815e-05, 0.3695622929835236, 0.0001466666187511125, 0.00015066855371879408, 0.0001781296005482498, 0.0001466615974413366, 0.3229223873086564, 0.0001347527773269322, 0.00014667712140992278, 0.30637322798074773, 0.00014666151556810508,
96, 1.4559169574859275e-05, 1.4559169574859275e-05, 1.4559169574938724e-05, 1.4559169574832792e-05, 1.4559169574832792e-05, 0.3697553447416061, 0.00015006758506792424, 0.00015126206337622773, 0.00018176959082436475, 0.0001500623831900744, 0.3231000505912663, 0.0001372330295790502, 0.00015007993974616935, 0.3060012721091957, 0.00015006240059712778,
97, 1.5236646891333377e-05, 1.5236646891333377e-05, 1.5236646891416522e-05, 1.523664689130566e-05, 1.523664689130566e-05, 0.36995142712083745, 0.00015225290683208308, 0.00015107944862889698, 0.0001836862861428649, 0.00015224764448428275, 0.3232357257508988, 0.00013863478665831385, 0.00015226630048681988, 0.30565424898712457, 0.00015224781476869424,
98, 1.5150540095166765e-05, 1.5150540095166765e-05, 1.5150540095249442e-05, 1.5150540095139208e-05, 1.5150540095139208e-05, 0.3701384282174627, 0.00015344410755638565, 0.00015005798197023648, 0.0001852082077139979, 0.00015343885604615778, 0.32337830215050517, 0.00013921371328956796, 0.0001534581946110567, 0.30531925684262473, 0.00015343930935163028,
99, 1.513929538087255e-05, 1.513929538087255e-05, 1.5139295380927625e-05, 1.513929538087255e-05, 1.513929538087255e-05, 0.37040897533168093, 0.0001616977926803209, 0.00015673825894533115, 0.00019269497931672996, 0.00016169244138179403, 0.32328656349521856, 0.0001468571114010425, 0.00016171308220438128, 0.3050856780011875, 0.00016169331013791312,
100, 9.866193453064264e-06, 9.866193453064264e-06, 9.866193453100158e-06, 9.866193453046319e-06, 9.866193453046319e-06, 0.370741504219887, 0.0001709593931443535, 0.00016491598717922133, 0.00019906327493636507, 0.0001709538793270042, 0.3230882981551186, 0.00015551704093737313, 0.0001709769057175817, 0.30491752508521924, 0.00017095537127258918,
101, 3.0753793896897147e-06, 3.0753793896897147e-06, 3.075379389712091e-06, 3.075379389684121e-06, 3.075379389684121e-06, 0.371149001190754, 0.00017731766004831141, 0.0001707436372685547, 0.0002032612377135508, 0.00017731201494577088, 0.32276692014157654, 0.00016148562379568246, 0.00017733741699180053, 0.30482393056600676, 0.000177313894357743,
102, 1.5175443947956055e-06, 1.5175443947956055e-06, 1.517544394812168e-06, 1.5175443947928453e-06, 1.5175443947928453e-06, 0.37154344639158166, 0.00018326692004659576, 0.0001762296669662853, 0.00020800901295675507, 0.00018326123671910134, 0.322439669305819, 0.0001670561719424177, 0.00018328801668731758, 0.3047249225344096, 0.0001832633007207854,
103, 2.580008123905906e-06, 2.580008123905906e-06, 2.5800081239481435e-06, 2.58000812389652e-06, 2.58000812389652e-06, 0.37194041946665407, 0.0001881353023562171, 0.00018046232568460965, 0.00021110680732416842, 0.00018812970066764688, 0.3221031927552551, 0.00017138967080564688, 0.00018815575719387657, 0.30462797672016684, 0.00018813173344619992,
104, 6.006331206445463e-06, 6.0063312064563885e-06, 6.006331206532867e-06, 6.0063312064236125e-06, 6.0063312064236125e-06, 0.372334039317781, 0.00019261327316203458, 0.00018435676750142547, 0.00021466614778630218, 0.00019260782745841415, 0.3217628267678128, 0.00017534897249327095, 0.0001926324295046921, 0.30452826746089867, 0.00019260966040649164,
105, 9.589708525600614e-06, 9.589708525600614e-06, 9.58970852572272e-06, 9.589708525565727e-06, 9.589708525565727e-06, 0.37276270479686974, 0.00019289835654349776, 0.0001843983841514458, 0.00021405797050319623, 0.00019289314445754477, 0.3213804127528541, 0.000175239365409692, 0.00019291574942579637, 0.3044636367704603, 0.00019289444915809035,
106, 1.6857243647455142e-05, 1.6857243647455142e-05, 1.6857243647700446e-05, 1.6857243647424476e-05, 1.6857243647424476e-05, 0.37317754717024104, 0.00019319919384635075, 0.00018275395366581317, 0.00021413392921337213, 0.00019319427064509083, 0.32106275905186366, 0.00017492105474582777, 0.0001932145963588925, 0.30433079573784927, 0.00019319510444345907,
