Optimize time:18.77062368631363
Begin Prob:-13670.907846169757
End Prob:-13616.706596051874
Substitution parameters:[0.20642249526561424, 0.2865589395464569, 0.27131766217332853, 0.2357009030146003, 1.1276290090385634]
Trees:
((2:759.4531646235959,(3:981.8215586011584,5:979.0600168571361):980.2413429016962):978.7137850340281,(1:973.143460758339,4:887.4175432931379):979.7776223065054);
((2:888.5439314544975,5:982.0994352455889):983.903222217879,(3:973.143460758339,(1:759.4532159493201,4:759.4532159493201):889.0510026211151):893.0857487493497);
(5:968.5976907074977,(4:980.2424813237051,(2:978.7162019607752,(1:889.050516456877,3:796.8740565742967):348.66572313129416):973.143460758339):973.143460758339);
((5:758.6106602413463,(2:982.096454818076,3:888.5416358859933):978.7088054694841):968.5976907074977,(1:889.0510026211151,4:759.4532159493201):968.5976907074977);
((2:973.143460758339,5:978.7137850340281):759.4537021135582,(1:981.8597954738559,(3:973.143460758339,4:973.143460758339):893.0857487493497):978.7137850340281);
((2:887.4175432931379,5:348.66572313129416):893.0857487493497,(4:973.143460758339,(1:893.0857487493497,3:982.0994352455889):979.8668055962738):982.0994352455889);
(5:982.0994352455889,(4:982.0994352455889,(1:978.700782522616,(2:982.0994352455889,3:973.143460758339):978.7137850340281):980.2424813237051):978.714315884815);
((3:759.4568327740827,5:982.2477922471004):980.2413429016962,(4:980.2413429016962,(1:982.0994352455889,2:759.4568327740827):982.2477922471004):979.2050906047303);
(5:980.2413429016962,((3:982.0994352455889,4:348.6536670487522):978.7088054694841,(1:978.7489314995341,2:973.143460758339):367.62529395768536):461.01353117910816);
(5:973.1273175473174,(1:998.0577166370495,(4:888.5439314544975,(2:979.2503080313049,3:887.441070077031):908.6439063170685):888.543846737417):973.143460758339);
(5:352.7249173558391,(1:887.441070077031,(2:978.7137850340281,(3:982.0994352455889,4:796.8740565742967):970.5831744088634):759.4532159493201):998.0577166370495);
(5:982.0994352455889,((2:968.5976907074977,4:888.5438849419279):973.143460758339,(1:759.4532159493201,3:889.0510026211151):973.143460758339):982.0994352455889);
(5:978.4739705778829,(1:979.859824545768,(3:973.143460758339,(2:970.6485777206134,4:888.7186163370454):759.4568327740827):887.4175432931379):980.2413429016962);
((3:999.9999215812713,5:978.7136758064123):979.777235333769,(1:999.9999215812713,(2:999.9999215812713,4:999.9999215812713):893.0882943383486):968.5976907074977);
(5:0.666652,(4:0.908604,(3:749.2238457726195,(1:805.3241829278621,2:362.79328937696084):1e-06):1e-06):0.666652);

Position, Posteriors1, Posteriors2, Posteriors3, Posteriors4, Posteriors5, Posteriors6, Posteriors7, Posteriors8, Posteriors9, Posteriors10, Posteriors11, Posteriors12, Posteriors13, Posteriors14, Posteriors15,
0, 0.001439364695910974, 0.001439364695910974, 0.001439364695910974, 0.7848859895809241, 0.027478011446665927, 0.027482381755781198, 0.013008052316040568, 0.031309545416102036, 0.01344237644956105, 0.013008459250937044, 0.013442058861058105, 0.013405573376888736, 0.013442280910959453, 0.031334728406933104, 0.013442448094525624,
1, 0.0012083966785768911, 0.0012083966785768911, 0.0012083966785768911, 0.7875975330159842, 0.02733267778876076, 0.027337058122921247, 0.012802537831152283, 0.03117112797745802, 0.013234637914530256, 0.012802946950679236, 0.013234320337188934, 0.013196319496668864, 0.013234541720337717, 0.031196399133531227, 0.013234709626829693,
2, 0.0010324431588223338, 0.0010324431588223338, 0.0010324431588223338, 0.7900562228433758, 0.027160155006614874, 0.027164529475892728, 0.012612969481587709, 0.031052908616301108, 0.013040864223626368, 0.012613378367843394, 0.013040547589431734, 0.013001132623020847, 0.0130407674733957, 0.03107825880476968, 0.01304093597165825,
3, 0.000914344538185247, 0.0009143445381835838, 0.000914344538185247, 0.7921651359529253, 0.027021723131440217, 0.027026100972698204, 0.012432925483654631, 0.030949674656426247, 0.012858859104899735, 0.012433334140128031, 0.012858542650600642, 0.01281786417797369, 0.012858760804448052, 0.03097511636745567, 0.012858928898098167,
4, 0.0009250569733727417, 0.000925056973371059, 0.000925056973371059, 0.793561411710573, 0.02690376087862324, 0.026908161533990976, 0.012285613770024593, 0.030870492128450795, 0.01271120205390283, 0.012286023429659286, 0.012710880531357546, 0.012668876180709677, 0.012711099095319423, 0.030896042195590685, 0.012711265529028975,
5, 0.0009308777094689465, 0.0009308777094672532, 0.0009308777094672532, 0.7949852810504372, 0.026756178122253595, 0.026760590675098533, 0.012143430683187278, 0.030801750996220813, 0.012566701161779803, 0.012143841962097186, 0.01256637607136683, 0.01252245193816738, 0.012566593982404742, 0.030827410209730583, 0.012566759975628481,
6, 0.0009539849825556882, 0.000953984982553953, 0.0009539849825556882, 0.7962895557207116, 0.026550508107462862, 0.02655491873268635, 0.01202076218491311, 0.03076130355719295, 0.0124398605656645, 0.012021173609039447, 0.012439532369189679, 0.01239369276969829, 0.012439749177763554, 0.03078707355926602, 0.012439914655036246,
7, 0.00099375055682869, 0.0009937505568268824, 0.0009937505568268824, 0.7974040714296551, 0.02637238936043164, 0.02637678806824041, 0.011903178985057704, 0.030736196400382745, 0.012321723917055495, 0.01190358956634168, 0.012321393602542963, 0.012273955001041037, 0.01232160906760767, 0.03076207765761991, 0.012321775229343485,
8, 0.0010238642356881985, 0.001023864235686336, 0.001023864235686336, 0.798503863479611, 0.026208090613071014, 0.026212476723461133, 0.011781285871482994, 0.030720550171617695, 0.012204619518962812, 0.011781694865533654, 0.012204287845268384, 0.012155816883966976, 0.012204501434589893, 0.0307465506053516, 0.012204669234441645,
9, 0.0010368776017994632, 0.0010368776017975771, 0.0010368776017994632, 0.8000963419439678, 0.026020407680666376, 0.026024795233492343, 0.0116230142709621, 0.030648294512068703, 0.012045670153571855, 0.011623423808613151, 0.01204533561792232, 0.011996414503490432, 0.012045547184315488, 0.03067440685515844, 0.012045715385277891,
10, 0.0010464624289957887, 0.001046462428993885, 0.0010464624289957887, 0.8018093165506173, 0.025785205722285567, 0.02578959453942985, 0.011462744604437754, 0.03059235489374599, 0.011877799378276252, 0.011463157675890576, 0.011877462191125307, 0.011828862021659435, 0.011877672122846752, 0.030618601723338437, 0.011877841244692424,
11, 0.0010488864278018124, 0.0010488864277999044, 0.0010488864277999044, 0.8032804150406386, 0.025590088233901846, 0.025594468007408215, 0.011327269093984767, 0.030535726376664428, 0.011736891772081806, 0.011327683814587175, 0.011736553971292703, 0.011688469028825577, 0.011736762147708526, 0.03056208099049712, 0.011736932193579196,
12, 0.0010160358645074233, 0.0010160358645055752, 0.0010160358645055752, 0.8053071493632967, 0.025357618677164934, 0.02536198536699851, 0.011148113796464179, 0.030446371803208774, 0.011551509112020691, 0.011148529570605161, 0.011551171912468601, 0.011503684769257267, 0.011551377786220385, 0.030472830862979715, 0.01155154934075447,
13, 0.0009760757446624432, 0.0009760757446606677, 0.0009760757446606677, 0.8075909880261236, 0.02511055133787718, 0.02511490118811893, 0.010946852841027237, 0.03034041222786536, 0.011340504235114774, 0.010947270502726588, 0.01134016864558825, 0.011292230628224986, 0.011340370780091565, 0.03036697849362925, 0.01134054381493004,
14, 0.0008739034575846974, 0.0008739034575831078, 0.0008739034575831078, 0.8108062808334988, 0.024804562956771914, 0.024808891140802324, 0.010673580159177772, 0.030181011811344968, 0.011054356109844177, 0.010673999243997923, 0.011054023795172079, 0.011005282422426292, 0.011054221249913673, 0.030207683158648312, 0.011054396702552935,
15, 0.0006535861523781658, 0.0006535861523769769, 0.0006535861523769769, 0.81509801708747, 0.024350277682503103, 0.024354564408120186, 0.0103522443593203, 0.029999919423090802, 0.010711463027969883, 0.010352667365156923, 0.010711137102347494, 0.010659408103523227, 0.010711328525903568, 0.030026707098563695, 0.010711507316545698,
16, 0.0004173407336081732, 0.0004173407336066549, 0.00041734073360741406, 0.8188513366820135, 0.023973602307581186, 0.02397784223334095, 0.010068029126089352, 0.029863274510392147, 0.01042197894774548, 0.0100684505320917, 0.010421661074430943, 0.010367755062199198, 0.010421846412560321, 0.029890172874843583, 0.010422027992843374,
17, 0.00034249213703836754, 0.00034249213703649854, 0.00034249213703774456, 0.8216691862987827, 0.023685529644478003, 0.023689753087729463, 0.009824603452927197, 0.02973169462739206, 0.010168871752395713, 0.009825025469272245, 0.010168556748011488, 0.010112939312610715, 0.0101687365695856, 0.02975870773077719, 0.010168918853036814,
18, 0.00028397006080790676, 0.00028397006080635716, 0.00028397006080739024, 0.8240164630573203, 0.0234624037375127, 0.023466612566527663, 0.00962304651873266, 0.02959487374865955, 0.00995930148218054, 0.009623468498986782, 0.009958989569534043, 0.009902446139071147, 0.009959163987509147, 0.0296219738307784, 0.009959346638138796,
19, 0.0002609965392483653, 0.00026099653924694104, 0.00026099653924789053, 0.8260681809156365, 0.023214832692461267, 0.023219021886012662, 0.009447180044331161, 0.029487819545319087, 0.009775131386550829, 0.009447601312800005, 0.009774821430243273, 0.009717246542645733, 0.00977499101804975, 0.02951500990951531, 0.009775173657188363,
20, 0.00024121358788951373, 0.00024121358788819746, 0.0002412135878886362, 0.8288690554187659, 0.022870182887494, 0.02287439173321668, 0.009210400041038128, 0.02932027110005891, 0.00952655181584671, 0.009210823433479178, 0.009526237321185311, 0.009467882912256285, 0.009526403807900983, 0.02934757503926941, 0.009526583685660832,
21, 0.00022320177484204783, 0.0002232017748408298, 0.00022320177484164182, 0.8313824094437211, 0.02250641323923479, 0.022510634115446522, 0.009007176128291713, 0.029193097503174986, 0.009312512436374158, 0.009007601378698849, 0.009312194844008224, 0.009252943279682197, 0.009312358725743802, 0.029220517601441506, 0.009312535940953576,
22, 0.0001735523878168959, 0.0001735523878159488, 0.0001735523878162645, 0.8348193037432384, 0.022046106992224864, 0.022050339299422246, 0.008730179788641174, 0.0290115080832, 0.009022483845372518, 0.00873060565083621, 0.009022163766889992, 0.00896278457218629, 0.00902232398536157, 0.02903904496128861, 0.00902249811021071,
23, 0.00011498556453093546, 0.00011498556453051715, 0.00011498556453072631, 0.8383225122770317, 0.021528686293882146, 0.0215329276277232, 0.0084612849194145, 0.02886018384885436, 0.008731883688912461, 0.008461715947813083, 0.0087315623773076, 0.008672810425248782, 0.008731719267311342, 0.028887865106310424, 0.008731891487823192,
24, 0.00010678659225813883, 0.00010678659225775033, 0.00010678659225794458, 0.8411676335523627, 0.02105199480598502, 0.021056276109430158, 0.008238786668311689, 0.028764123585107507, 0.00848587648954858, 0.00823922583346831, 0.008485549472938609, 0.008426609392329181, 0.008485705962635752, 0.028791983559043166, 0.008485874753755802,
25, 9.138096456168551e-05, 9.138096456135307e-05, 9.138096456151929e-05, 0.8443448346246657, 0.02043187038650056, 0.020436164671789287, 0.008013064237234004, 0.028680217084063892, 0.00823183698511508, 0.00801351151026952, 0.008231506812031988, 0.008171101403905002, 0.008231661263484227, 0.028708260360784395, 0.008231827727452491,
26, 7.948121057113692e-05, 7.948121057070319e-05, 7.948121057084777e-05, 0.8469728427675955, 0.019918370139338542, 0.01992265700702351, 0.007815062924452302, 0.0286262823258399, 0.00801968464495056, 0.007815512781268307, 0.008019353053759667, 0.007958123754818216, 0.008019505603485792, 0.02865449106431745, 0.008019670263293633,
27, 7.707666958306456e-05, 7.707666958278416e-05, 7.707666958278416e-05, 0.8490997255382305, 0.01947564344925592, 0.01947992787778985, 0.007654022056668668, 0.02860084903095608, 0.007847450669309822, 0.00765447587316052, 0.007847116746446258, 0.007785626565200186, 0.007847267698149907, 0.028629232497857617, 0.007847431951443887,
28, 7.369796939581225e-05, 7.369796939554413e-05, 7.369796939567819e-05, 0.8508029159198759, 0.019126836593769035, 0.019131107061433693, 0.007528261496418697, 0.02856442748128332, 0.007713199763202562, 0.007528717649138766, 0.007712865113269377, 0.0076514387205438815, 0.007713014501814294, 0.028592943303621218, 0.007713178450655288,
29, 6.41306284943281e-05, 6.413062849397814e-05, 6.413062849409479e-05, 0.8525071562266914, 0.018802369492763316, 0.018806626021289016, 0.007386995069985072, 0.028537809428177387, 0.0075749014162966345, 0.007387450629321421, 0.007574567027965282, 0.007513673376751958, 0.007574714303628702, 0.028566466691204336, 0.007574878392471078,
30, 5.738593046724513e-05, 5.738593046703636e-05, 5.738593046703636e-05, 0.8535327744971036, 0.018561030327014075, 0.01856527368599988, 0.007302414504350607, 0.02854999044660671, 0.007499147838742616, 0.007302868320345317, 0.00749881330232899, 0.007438671569162565, 0.00749895927834113, 0.028578774730593053, 0.007499123669123405,
31, 4.924850223912629e-05, 4.924850223894713e-05, 4.924850223903671e-05, 0.854377892423315, 0.018367289469999916, 0.018371515460783108, 0.0072358200600644825, 0.028545829177635717, 0.00744062138651027, 0.007236271960462143, 0.007440287413914952, 0.00738099133049284, 0.0074404320777323426, 0.02857470682755306, 0.007440596865255891,
32, 4.422877348251102e-05, 4.422877348235012e-05, 4.422877348235012e-05, 0.8551649380269157, 0.018157055372247183, 0.01816125157806818, 0.007177174399489181, 0.0285578321014016, 0.0073887998630796205, 0.007177623560806056, 0.007388466603884626, 0.007329982329783793, 0.00738860967566376, 0.0285868053097624, 0.0073887748183324164,
33, 4.9522166305572725e-05, 4.9522166305392564e-05, 4.952216630548264e-05, 0.8557630675842113, 0.01798608664776072, 0.017990270258868, 0.007129394029728011, 0.028575170138758994, 0.007346397982984638, 0.007129841471920923, 0.007346063610321855, 0.007288315948406869, 0.007346205409502845, 0.028604250029171756, 0.00734637034948702,
34, 5.2764854800001796e-05, 5.276485479980984e-05, 5.276485479990582e-05, 0.8564761367847884, 0.01780051202284264, 0.0178046835145048, 0.0070726020032629835, 0.028587578533828255, 0.007293678261420662, 0.00707304818511968, 0.007293343027223498, 0.007236220390087628, 0.007293483460738702, 0.028616770983772813, 0.007293648228602224,
35, 5.1209156454667436e-05, 5.1209156454481136e-05, 5.120915645457428e-05, 0.8573769294959358, 0.017602149787443632, 0.017606304157023394, 0.007004790804180844, 0.028569364013079846, 0.007228094316543402, 0.007005235643886512, 0.007227759048959538, 0.007171138486117492, 0.007227897924045771, 0.02859864618968647, 0.007228062628653795,
36, 4.3915023485898436e-05, 4.391502348573868e-05, 4.391502348581856e-05, 0.858284888373202, 0.017408253744155017, 0.017412386930329895, 0.006940427396951446, 0.028536787329095363, 0.0071670518470923214, 0.006940870781492386, 0.007166717284919351, 0.007110857537200492, 0.007166854359124217, 0.02856614006299908, 0.007167019250599086,
37, 3.481344656789365e-05, 3.4813446567767005e-05, 3.481344656783033e-05, 0.8592284060096249, 0.017184750873002357, 0.017188849534279866, 0.0068785385575577075, 0.028512979378884223, 0.007107396284219223, 0.006878980914212555, 0.007107063195897915, 0.007051627285229417, 0.007107197889600106, 0.02854240607729221, 0.007107363628458159,
38, 2.5087684678708178e-05, 2.508768467861691e-05, 2.5087684678662543e-05, 0.8602259928859769, 0.016920205298969076, 0.016924265391670315, 0.006818306953433887, 0.02850750470538588, 0.007045638868261196, 0.006818750141766074, 0.00704530742602714, 0.006990688868819691, 0.0070454399431642955, 0.02853702964498541, 0.007045606782661154,
39, 2.011498678126006e-05, 2.0114986781186884e-05, 2.0114986781186884e-05, 0.8611158309111294, 0.01667347006256164, 0.016677489421101623, 0.006764758070490163, 0.028510000559375484, 0.00698959275209123, 0.00676520150321749, 0.006989262680427012, 0.006935472607598909, 0.006989392819507038, 0.028539623087579558, 0.006989560531418148,
40, 2.1645117454079523e-05, 2.164511745400078e-05, 2.164511745404015e-05, 0.8618442607965681, 0.016437636700978888, 0.0164416318670164, 0.006722182879823048, 0.02853763960920322, 0.006943173219004505, 0.006722627980736, 0.006942842784345501, 0.006889568197615936, 0.006942971588201586, 0.028567389406576663, 0.006943139587392561,
41, 2.6511963672879055e-05, 2.6511963672782605e-05, 2.651196367283083e-05, 0.862743894396328, 0.01616236661399732, 0.01616635845942838, 0.006669312828854491, 0.028551194125133975, 0.00688600900810532, 0.006669760413999923, 0.00688567615604482, 0.006833035539682264, 0.006885804364918052, 0.0285810803020668, 0.0068859718700688315,
42, 3.223710384106327e-05, 3.223710384094599e-05, 3.223710384100463e-05, 0.8635338831783911, 0.015928576170481757, 0.015932559167947953, 0.006624611988714862, 0.028551892974303186, 0.006835557127097546, 0.0066250618941610506, 0.00683522235508194, 0.006783164979328106, 0.006835350408475688, 0.028581891000432028, 0.006835517412405666,
43, 3.8339796829525024e-05, 3.833979682938554e-05, 3.833979682945528e-05, 0.8645692493262055, 0.015666629290700385, 0.015670607200887986, 0.006556977508414627, 0.02853428794592883, 0.006763477440691281, 0.006557428304685304, 0.00676313992897758, 0.006712086369778002, 0.006763268315144508, 0.02856439447385127, 0.0067634344734851404,
44, 3.946759464215172e-05, 3.946759464207993e-05, 3.946759464207993e-05, 0.8656577913845027, 0.015358248387461571, 0.015362212903885682, 0.0064940646435181215, 0.028524924407733562, 0.006697127425136703, 0.006494516402746532, 0.006696787891475878, 0.006646786118455162, 0.006696916449955918, 0.028555139087433276, 0.006697082082994871,
45, 4.089090776067177e-05, 4.089090776052301e-05, 4.0890907760597386e-05, 0.8666129479160376, 0.015044027321335982, 0.015047971792321048, 0.006444434487423109, 0.02853981457032561, 0.006644629276457714, 0.006444887161098277, 0.006644288115798591, 0.006595180992621024, 0.006644416940871843, 0.028570146598818087, 0.00664458207450007,
46, 4.137769936109446e-05, 4.137769936094393e-05, 4.13776993610192e-05, 0.867926165520381, 0.014616823896647667, 0.014620761690807862, 0.006380108313098879, 0.028552946851544272, 0.006572983449444806, 0.006380563781583712, 0.0065726395247400135, 0.006523748736582086, 0.006572769341399367, 0.028583422533346753, 0.006572933231031814,
47, 4.204740802156908e-05, 4.2047408021492596e-05, 4.204740802156908e-05, 0.869110029587849, 0.014245407806211537, 0.014249329812401738, 0.006323672175209776, 0.028550490429592477, 0.006507872665350064, 0.006324130218529719, 0.006507526684169839, 0.0064588383104869345, 0.006507657780599378, 0.02858108179107469, 0.006507820485283703,
48, 4.042275485724088e-05, 4.0422754857167354e-05, 4.0422754857167354e-05, 0.8701150873304726, 0.013893839608221966, 0.01389775115115592, 0.006281746746266725, 0.028559427072177717, 0.006461524446939291, 0.006282207243654153, 0.0064611760264938044, 0.00641306282829955, 0.006461308489738361, 0.0285901303215686, 0.006461470438806402,
49, 3.7919820740814816e-05, 3.791982074074584e-05, 3.7919820740814816e-05, 0.8709026244828576, 0.013613825958563006, 0.01361772093976189, 0.006254832030650834, 0.028552365480894827, 0.006430969702305389, 0.006255294587662113, 0.006430619516845676, 0.0063831743239061555, 0.006430753137643151, 0.028583145796737604, 0.0064309145480290555,
50, 3.791775561626671e-05, 3.7917755616197734e-05, 3.7917755616197734e-05, 0.8716820387193609, 0.013269348343520447, 0.013273208190986726, 0.006238851415686162, 0.028574093677773825, 0.006410454558454323, 0.0062393156929475635, 0.006410102507838151, 0.00636323372939594, 0.00641023710813393, 0.02860496472444405, 0.006410398034542479,
51, 3.583350273341387e-05, 3.583350273334869e-05, 3.583350273334869e-05, 0.8725945331077806, 0.012898365005129109, 0.012902189726577511, 0.006215151817924236, 0.028590258553332214, 0.006380509566513526, 0.006215618316514977, 0.006380155917595796, 0.006333748223698989, 0.006380291516289526, 0.028621225758954493, 0.0063804519518748356,
52, 3.10918303101694e-05, 3.1091830310112845e-05, 3.10918303101694e-05, 0.8733913622768403, 0.01253827974235822, 0.012542072664337189, 0.006201315020367198, 0.028614683503512515, 0.006363626652360107, 0.006201783701482641, 0.006363271112908899, 0.006317610313380717, 0.006363407802407415, 0.02864574363333541, 0.006363568057496228,
53, 2.660312265955201e-05, 2.6603122659455227e-05, 2.660312265950362e-05, 0.8740914725774119, 0.012219999257269036, 0.012223747528444018, 0.006184860343263189, 0.02864871359927306, 0.006346427468862177, 0.006185330175737567, 0.0063460708228171665, 0.006301125040785268, 0.006346208365323807, 0.028679866440495045, 0.006346368985657634,
54, 2.2214144351262983e-05, 2.2214144351222576e-05, 2.2214144351222576e-05, 0.874668756574319, 0.01194325616098568, 0.01194697112638711, 0.006167161396377188, 0.02869767383786569, 0.006331638007517495, 0.006167631565194831, 0.006331280204717364, 0.00628705377192542, 0.006331418474626943, 0.028728937253143984, 0.00633157916660946,
55, 1.8355358880776055e-05, 1.835535888074267e-05, 1.835535888074267e-05, 0.875194673456372, 0.011697782724208395, 0.011701468762579133, 0.006151346944969364, 0.028737417557944553, 0.006317226519785882, 0.006151818156266991, 0.00631686767434127, 0.0062733729914511635, 0.0063170061307806025, 0.02876878588388882, 0.006317167093018559,
56, 1.7006034140328168e-05, 1.700603414029723e-05, 1.700603414029723e-05, 0.8756527734901007, 0.011462347542183615, 0.011465997273642637, 0.0061382030714584, 0.028787779792965276, 0.0063055402440205565, 0.006138674408281512, 0.006305180353482294, 0.006262432604511416, 0.006305318883483894, 0.028819254120982938, 0.006305480085226611,
57, 1.6901502512195568e-05, 1.690150251213408e-05, 1.6901502512164824e-05, 0.8760260110887576, 0.011265356216844727, 0.011268978080313592, 0.006129163899086966, 0.028830322823915237, 0.006296183145572272, 0.00612963635792985, 0.006295822061175692, 0.0062538397056698175, 0.00629596017247524, 0.028861900093526446, 0.0062961218183858175,
58, 2.1323237708133815e-05, 2.1323237708095028e-05, 2.1323237708095028e-05, 0.8762777780064918, 0.011105580878222457, 0.01110918994822817, 0.006125719111990727, 0.028873253636082837, 0.006291119680621423, 0.006126193393172207, 0.006290756215275105, 0.006249547568875341, 0.006290893916415016, 0.028904942321618637, 0.006291055582091174,
59, 2.4234829294721726e-05, 2.4234829294677643e-05, 2.4234829294677643e-05, 0.8763781821778435, 0.010966217421948228, 0.010969810156257056, 0.006130693608054851, 0.02893335857815531, 0.0062988021235647895, 0.0061311685401047485, 0.006298436500170917, 0.006258158017779984, 0.006298573783148349, 0.028965158864604434, 0.0062987357112048795,
60, 2.8705590149476027e-05, 2.8705590149423813e-05, 2.8705590149476027e-05, 0.8764383165007438, 0.010834006237219463, 0.010837581657990012, 0.006138598558304681, 0.02899708876081986, 0.0063081347049680206, 0.006139074400120598, 0.0063077669996125865, 0.00626834318717629, 0.006307904169507699, 0.02902900175819499, 0.0063080662657791645,
61, 3.257422721322243e-05, 3.257422721316318e-05, 3.257422721316318e-05, 0.8765710894780384, 0.010696532523228788, 0.010700084224787125, 0.006140958428051161, 0.02905232853701925, 0.006311099448104079, 0.00614143473826455, 0.006310730213865064, 0.006271780063826779, 0.006310867061090446, 0.029084343070119464, 0.006311029503996369,
62, 3.676939565952699e-05, 3.676939565946011e-05, 3.676939565952699e-05, 0.8766764305117861, 0.01058090946006074, 0.010584441955799506, 0.006145797405551344, 0.029095468973890048, 0.006314495984866068, 0.006146275198894277, 0.006314125237713677, 0.006275484037233128, 0.006314261293787708, 0.029127577308878373, 0.006314424418444136,
63, 3.984739688246359e-05, 3.984739688239111e-05, 3.984739688239111e-05, 0.8768421465397994, 0.010460227192110056, 0.010463738929068555, 0.006146512360773166, 0.0291334966335794, 0.006312216497522509, 0.006146992158109608, 0.006311844764585469, 0.00627346048372093, 0.006311980080625337, 0.029165698395208765, 0.006312143745074048,
64, 4.2651938791042634e-05, 4.265193879096505e-05, 4.265193879096505e-05, 0.8769992740428691, 0.010356580949802826, 0.010360075284207019, 0.006148715141892324, 0.0291589054035511, 0.006309497945342746, 0.006149197777938078, 0.0063091252631425065, 0.00627079693847856, 0.0063092593870734655, 0.029191192041136675, 0.006309423977918321,
65, 4.4763571333000534e-05, 4.476357133291911e-05, 4.476357133291911e-05, 0.8770842440543622, 0.010250398820105758, 0.010253868710463358, 0.006157702915380261, 0.029198131691145348, 0.006314394537791435, 0.006158187830466126, 0.006314021355440317, 0.0062757818385684155, 0.006314154131244388, 0.02923050363384927, 0.006314319737300819,
66, 4.812311979854551e-05, 4.812311979854551e-05, 4.812311979854551e-05, 0.877108568026565, 0.010155069734733423, 0.010158512248219662, 0.006167837334548716, 0.0292477679395607, 0.006321692167397237, 0.006168324205539615, 0.006321318788068954, 0.006283242599255722, 0.006321450090027953, 0.02928023022445355, 0.006321617251170863,
67, 5.087537579238525e-05, 5.087537579229271e-05, 5.087537579229271e-05, 0.8772028301028972, 0.010057537819460876, 0.010060949179493954, 0.006172452275150348, 0.029287031986319333, 0.006322561079236292, 0.00617294073989712, 0.006322188131759498, 0.0062845054699543785, 0.006322317982448906, 0.029319572363873697, 0.006322486712685329,
68, 5.018572844276349e-05, 5.0185728442672205e-05, 5.0185728442672205e-05, 0.8774211250916354, 0.009949461890966758, 0.009952843580719907, 0.006165887479095882, 0.029313971759410636, 0.006314294782687345, 0.006166376879533806, 0.0063139222826153595, 0.006276701554527289, 0.006314050732470123, 0.02934658597934141, 0.006314220772420793,
69, 4.885620998295959e-05, 4.885620998287072e-05, 4.885620998295959e-05, 0.8777149289285575, 0.009837620971212237, 0.00984096853156693, 0.006153491893376532, 0.02933065033946585, 0.006299206125225414, 0.006153981882004262, 0.006298834735127468, 0.006262325662478465, 0.006298961771820117, 0.029363327329130186, 0.006299133170623968,
70, 4.7113326342136834e-05, 4.7113326342051135e-05, 4.7113326342051135e-05, 0.8780601065831861, 0.009722786892495625, 0.00972609718681366, 0.006137168109443235, 0.02934204057936192, 0.006279048495848973, 0.006137658795644928, 0.006278678677550167, 0.006242515817362531, 0.006278803822498335, 0.029374778445104412, 0.006278976588409807,
71, 4.259100295205304e-05, 4.2591002951975564e-05, 4.259100295205304e-05, 0.8784834255523695, 0.009603452408272383, 0.009606718853798652, 0.0061169207744263725, 0.029341820601912174, 0.006253052320525648, 0.006117412312406817, 0.006252684903781652, 0.006216341109153541, 0.0062528075710381464, 0.02937460847533438, 0.006252982080418211,
72, 4.49462435483459e-05, 4.494624354826414e-05, 4.49462435483459e-05, 0.8787892383655723, 0.009510228347225046, 0.00951346541069515, 0.006103029826226636, 0.029344181443016457, 0.006232398456465376, 0.006103522917060622, 0.006232032092204877, 0.006195554714279932, 0.00623215239566072, 0.029377029112690266, 0.0062323281617283205,
73, 4.361404228432998e-05, 4.3614042284250645e-05, 4.3614042284250645e-05, 0.8791703419165777, 0.009416681803832923, 0.00941988942840257, 0.006078752870159647, 0.0293438670064536, 0.006204197177806184, 0.006079246456899977, 0.006203832422699101, 0.006167494365906474, 0.006203950035496657, 0.029376777041328524, 0.006204127320355164,
74, 3.961206508352822e-05, 3.961206508345616e-05, 3.961206508345616e-05, 0.8797361937120646, 0.009311129738711553, 0.009314308997556567, 0.0060357011426240385, 0.029328337896537285, 0.00615897097295024, 0.006036193901781745, 0.006158607839532995, 0.006122786102782872, 0.006158722628624486, 0.029361309375938845, 0.006158901467185638,
75, 3.0309079998783308e-05, 3.0309079998728176e-05, 3.0309079998728176e-05, 0.880479986253636, 0.009191983750114464, 0.009195132587900955, 0.005976368843912724, 0.02930090602927382, 0.006097956884835303, 0.005976860001348778, 0.006097596056591455, 0.006062746465862142, 0.006097707451929775, 0.02933394028875622, 0.006097888119065867,
76, 2.2810681294790616e-05, 2.281068129470763e-05, 2.2810681294749125e-05, 0.8810885924012711, 0.009069476410290286, 0.00907259143735728, 0.005929704593366618, 0.0292963328555784, 0.006050058707128098, 0.0059301943049430116, 0.0060497001380939094, 0.006015679394672004, 0.006049808535229751, 0.029329438326388034, 0.006049990823354665,
77, 1.396526608354743e-05, 1.3965266083522028e-05, 1.396526608354743e-05, 0.8815970316183396, 0.008965546644748891, 0.00896862701582266, 0.005892355323587942, 0.029290995415405585, 0.006012149039549976, 0.005892843229688857, 0.006011793162106232, 0.005978625161154302, 0.0060118986847701875, 0.029324156288602608, 0.006012082588847895,
78, 1.0902879749044218e-05, 1.0902879749004555e-05, 1.0902879749024387e-05, 0.8819578885172312, 0.008882462082212815, 0.00888551845915315, 0.0058589982107097845, 0.029306693395201002, 0.005981941670386512, 0.005859483889206788, 0.005981587477721048, 0.00594921909037175, 0.005981690530516745, 0.029339932404357835, 0.0059818756044705875,
79, 8.1911142831089e-06, 8.191114283079099e-06, 8.191114283094e-06, 0.8822299472680672, 0.008815314671363143, 0.008818353511605122, 0.005826261664193849, 0.029340014763661312, 0.0059556073808576405, 0.005826744526617606, 0.005955254559660819, 0.005923679237515253, 0.005955355204678875, 0.02937335270822615, 0.005955541131977727,
80, 8.981440064441046e-06, 8.981440064424709e-06, 8.981440064424709e-06, 0.8824045828083265, 0.00876379658881249, 0.00876682028597854, 0.005796138866649491, 0.02938866087485149, 0.005933231425130974, 0.005796617911912947, 0.005932879224830463, 0.005902078617370668, 0.005932977983256226, 0.029422106395427135, 0.005933164666582614,
81, 9.8592030546542e-06, 9.859203054636266e-06, 9.8592030546542e-06, 0.8825024009752416, 0.008727035113296356, 0.008730046026940259, 0.005774647854107225, 0.029431206141190883, 0.005919233114280954, 0.005775123373580416, 0.005918881489356467, 0.005888959065667527, 0.005918978300826313, 0.029464745163146976, 0.005919165743586119,
82, 1.2252921677279616e-05, 1.225292167725733e-05, 1.2252921677279616e-05, 0.882592639181155, 0.008696358508222604, 0.008699359411343694, 0.005754586941848078, 0.0294673226724201, 0.005905442373804773, 0.005755059630119738, 0.005905090967588867, 0.0058758679206077835, 0.005905185728390732, 0.029500953790460437, 0.005905374080272094,
83, 1.6356476443925325e-05, 1.6356476443895574e-05, 1.6356476443895574e-05, 0.8826380729713341, 0.008674638277945087, 0.008677628734534861, 0.005737305832055232, 0.029505608293046968, 0.005894030537856908, 0.005737775409079795, 0.0058936794297534244, 0.005865130453035795, 0.0058937724444476655, 0.029539326472206327, 0.0058939616859892355,
84, 1.8929720160719475e-05, 1.892972016068504e-05, 1.8929720160719475e-05, 0.8828258406559487, 0.008651740898989848, 0.00865472422048139, 0.005712114715864986, 0.02950933705659911, 0.005872466736171925, 0.005712581730155499, 0.005872115931697207, 0.0058445649417113365, 0.005872207215227251, 0.0295431198598048, 0.005872396847666219,
85, 2.386863289965389e-05, 2.3868632899610472e-05, 2.3868632899610472e-05, 0.8829405530963945, 0.00863530461107088, 0.008638284983916299, 0.0056890626199819026, 0.02953088297094272, 0.005853536251427903, 0.005689527416332602, 0.0058531852964115675, 0.005826562361517737, 0.005853274999614006, 0.029564754799224026, 0.005853464665977241,
86, 2.7893423426991436e-05, 2.78934234269407e-05, 2.7893423426991436e-05, 0.8829691656804082, 0.008627653862112556, 0.008630630591225028, 0.005670052308394392, 0.02956668257469705, 0.005841529714158558, 0.0056705139549327495, 0.005841178948721709, 0.005815539920066579, 0.005841266988063256, 0.02960064842999026, 0.005841456724030252,
87, 2.9239567516818508e-05, 2.923956751676532e-05, 2.9239567516818508e-05, 0.88304510058033, 0.00861776776091642, 0.008620736126144174, 0.005646705538330753, 0.029599951429636034, 0.005825355391135673, 0.005647163563964646, 0.005825005740285295, 0.005800116773162955, 0.005825091666712346, 0.02963400496186076, 0.005825281736184035,
88, 2.868789602549218e-05, 2.8687896025439997e-05, 2.868789602549218e-05, 0.8832553228734811, 0.008583829050512477, 0.008586785252463564, 0.005615166095322524, 0.02962729483863222, 0.005798937761532872, 0.005615621012792234, 0.005798589350335633, 0.005773413547775267, 0.0057986730726771315, 0.029661440203268517, 0.00579886322171948,
89, 2.7446331299629618e-05, 2.7446331299579694e-05, 2.7446331299579694e-05, 0.8833179801381471, 0.008564282264367128, 0.008567226957129286, 0.005598334590943662, 0.029659799898873223, 0.005788704308324369, 0.005598786466999222, 0.005788357013940589, 0.005763096448667656, 0.005788438648733958, 0.029694025127916922, 0.005788629109848192,
90, 2.7996488496240414e-05, 2.799648849618949e-05, 2.7996488496240414e-05, 0.8833931333540932, 0.008536373909266787, 0.008539307242032865, 0.005580835916672734, 0.029696951659971185, 0.005776615279340249, 0.005581285346615683, 0.005776268897537274, 0.005751083325385324, 0.005776348627186382, 0.02973126758097397, 0.005776539364074971,
91, 2.6221459847396986e-05, 2.622145984734929e-05, 2.6221459847396986e-05, 0.8834884384153571, 0.008511538604454687, 0.008514461006991634, 0.005558063360477178, 0.029737609205186078, 0.005761340221486565, 0.0055585097935521915, 0.005760995314400028, 0.005736019337384174, 0.005761072815170966, 0.029772023588256504, 0.005761263926892251,
92, 2.8471659011517776e-05, 2.8471659011465985e-05, 2.8471659011517776e-05, 0.8834770782730511, 0.008497828946149831, 0.008500746039812618, 0.005537476578676806, 0.029798990508798306, 0.005751362005252786, 0.005537919602198323, 0.005751017823155032, 0.005726256241896022, 0.0057510932953603044, 0.029833531165069142, 0.0057512845095153385,
93, 2.9726588670741103e-05, 2.972658867068703e-05, 2.9726588670741103e-05, 0.883576668717656, 0.008465353038705421, 0.008468265191600984, 0.005509650406120057, 0.02985508443361809, 0.005732387115369028, 0.005510090729863041, 0.005732043445634402, 0.005707093085745325, 0.00573211715456956, 0.029889758844719963, 0.005732308035720361,
94, 2.9978133346513407e-05, 2.9978133346458878e-05, 2.9978133346513407e-05, 0.8837954947658138, 0.00841179190930399, 0.00841469977406444, 0.005473816232726255, 0.029906744531222555, 0.005703665734310915, 0.005474254609179318, 0.005703322339193213, 0.005677734122690712, 0.005703394536670963, 0.02994156240084846, 0.005703584608402168,
95, 3.159943229502982e-05, 3.159943229497234e-05, 3.159943229502982e-05, 0.8839647974892155, 0.008371698526115943, 0.008374601785552214, 0.005444424325122536, 0.029949107442055083, 0.005679784013467629, 0.005444860930700531, 0.005679441025331122, 0.005653223679681421, 0.005679512082202526, 0.029984049007017722, 0.005679701361465687,
96, 3.593103412720178e-05, 3.593103412713642e-05, 3.593103412720178e-05, 0.8840867793951132, 0.00831227448765244, 0.008315166074740565, 0.005421259181180287, 0.030010649619345183, 0.0056613135543152945, 0.005421693662896766, 0.005660970887656793, 0.005634103735818513, 0.005661040660022448, 0.030045726439204813, 0.005661229159826938,
97, 4.245342210698396e-05, 4.2453422106906735e-05, 4.2453422106906735e-05, 0.8841716364534961, 0.008257124770122012, 0.008260004312880168, 0.00540101204627502, 0.030076043203952928, 0.005644548010094449, 0.005401444672938631, 0.005644205728649437, 0.005616626938362735, 0.005644274498113724, 0.03011125691485857, 0.005644462147058193,
98, 5.280991862966127e-05, 5.280991862956521e-05, 5.280991862956521e-05, 0.8842113197214521, 0.008178056011855436, 0.00818091460415334, 0.005386704424447065, 0.030163076117918554, 0.005633062422517878, 0.005387134885493787, 0.005632720483300285, 0.005604376419504921, 0.005632788070964647, 0.030198442144560883, 0.005632974901262621,
99, 6.811819494279337e-05, 6.811819494254556e-05, 6.811819494279337e-05, 0.8841933865551671, 0.008117481125736003, 0.008120320624969484, 0.005379792623921752, 0.030230438954537447, 0.005627642504131805, 0.00538022123425052, 0.00562730091876813, 0.005598214243919289, 0.005627367656977708, 0.03026592523274797, 0.0056275537043060115,
100, 7.827171805434261e-05, 7.827171805405786e-05, 7.827171805434261e-05, 0.8842512625122694, 0.00805558698192634, 0.008058403937287465, 0.005369595058297685, 0.030284658451285116, 0.005617347596562023, 0.005370021921969291, 0.005617006985936264, 0.005586721263189307, 0.005617072470465609, 0.03032024961316185, 0.005617258018976672,
101, 8.713160880509277e-05, 8.713160880477579e-05, 8.713160880509277e-05, 0.8843306169768149, 0.007978060686120564, 0.007980851716615068, 0.005359446971102062, 0.030350729821341765, 0.005604979752952723, 0.005359873039775362, 0.0056046403161460236, 0.005573366437356667, 0.005604704652314128, 0.030386444924665815, 0.005604889843021277,
102, 0.00011595379273862466, 0.00011595379273841374, 0.00011595379273862466, 0.8843000728628377, 0.00791487886816838, 0.007917652813048712, 0.005353025349485428, 0.03041732458170106, 0.005595166751714774, 0.005353451251483109, 0.005594827405566419, 0.005562597268597715, 0.005594890552756512, 0.030453175867476683, 0.005595075014278921,
103, 0.00025468626177992305, 0.00025468626177945977, 0.00025468626177992305, 0.8839910098590308, 0.007835483452755098, 0.00783824404666463, 0.005343180652370986, 0.030487185772833422, 0.00558169537348569, 0.0053436066345887824, 0.005581354553834912, 0.005547959768735008, 0.0055814168977973136, 0.03052320410997856, 0.005581600056906357,
104, 0.00034511860324081955, 0.00034511860323956404, 0.0003451186032401918, 0.8838484744983917, 0.007770572850568879, 0.007773321477966129, 0.00533575177217626, 0.030526270328518908, 0.005569451047360487, 0.005336178206932909, 0.005569109224253063, 0.005534580045369015, 0.005569170791252638, 0.0305624110580405, 0.005569352851368188,
105, 0.00041812431808703075, 0.0004181243180855096, 0.00041812431808703075, 0.8839163196723977, 0.007698271701647986, 0.007701015220949615, 0.005318530064125443, 0.030532147053337132, 0.00554570054403634, 0.005318957460638188, 0.0055453570233194565, 0.005509919790991534, 0.005545418039206155, 0.030568392171775295, 0.00554559826122098,
106, 0.0005858586100555013, 0.00058585861005337, 0.0005858586100555013, 0.8838106885073883, 0.007587935252143188, 0.007590667884248631, 0.005297476613466837, 0.03053744557727155, 0.005516821183759859, 0.005297904726592073, 0.005516475496549425, 0.005479951748579604, 0.005516535883028962, 0.03057380738813099, 0.005516713868889426,
107, 0.000696987388554089, 0.0006969873885528213, 0.000696987388554089, 0.8837973418397996, 0.0074958618405037945, 0.007498585353841886, 0.005276364642365658, 0.030556317913021352, 0.005490694102825048, 0.005276792988344093, 0.005490346876773188, 0.005452940062798551, 0.005490406365730493, 0.03059280331895139, 0.005490582487753367,
108, 0.0008105392760715017, 0.0008105392760700274, 0.0008105392760715017, 0.8836926340198588, 0.007389530897703732, 0.007392237422687741, 0.005264424256982743, 0.030597220138757607, 0.005474605238341134, 0.0052648524517548275, 0.0054742568483378325, 0.005435978890378853, 0.005474315297809776, 0.030633836935455433, 0.005474489733043746,
109, 0.0008769707403503838, 0.0008769707403471934, 0.0008769707403503838, 0.8836627767570789, 0.0072790553957581775, 0.0072817414231494335, 0.005259133536028568, 0.030649591481673528, 0.005466211332195841, 0.0052595617081492374, 0.005465862145805044, 0.005426804618512984, 0.00546591951624239, 0.030686337162254107, 0.005466092659219397,
110, 0.0009421960449992115, 0.0009421960449957838, 0.0009421960449974977, 0.8836080913284113, 0.007185255476283691, 0.007187923733090751, 0.005256701313828009, 0.030693382267879744, 0.005459131518765216, 0.005257130302097683, 0.005458781648976203, 0.005418916564222151, 0.005458837410530474, 0.030730250536977085, 0.005459009723396442,
