Optimize time:20.739099990990425
Begin Prob:-13463.297632618833
End Prob:-13379.342512430268
Substitution parameters:[0.21182896083368766, 0.27317053994885415, 0.27385557044327247, 0.24114492877418564, 1.1566020033714504]
Trees:
(2:690.9833582243191,(1:583.2381879907948,(3:720.4582014958683,(4:690.9998849124071,5:690.9998849124071):472.13648286362434):628.2058834936912):472.1327988526165);
(2:472.1327988526165,((4:720.4001662408064,5:568.2908524683254):690.9998849124071,(1:691.0961733998403,3:575.000587802072):690.9998849124071):720.4001662408064);
(2:909.8301464204694,(3:576.2845718909139,(1:721.3616960749185,(4:854.0612558395661,5:690.9998849124071):909.8301464204694):687.740432723943):690.9857694363698);
(2:720.4001662408064,(4:909.8301464204694,(3:472.1327988526165,(1:572.9593556654556,5:690.9998849124071):644.29054527505):690.9998849124071):690.9998849124071);
(2:690.9998849124071,(1:565.7197397355459,(4:690.9998849124071,(3:472.1353444416154,5:586.8821609015727):640.4595176647414):720.4001662408064):691.3267669911312);
(2:909.8301464204694,((3:570.5144659108289,5:690.9998849124071):721.3616960749185,(1:909.8301464204694,4:720.4001662408064):909.8301464204694):673.9712629769648);
(2:696.1392093828732,(3:854.1021121477182,(5:570.1431500507251,(1:854.1021121477182,4:891.2145962733965):695.8733805264621):477.4110896974866):965.5581806932207);
(2:690.9998849124071,(3:720.4001662408064,(4:570.1431500507251,(1:909.8291740919932,5:712.2472903268804):472.1330041555135):691.9429558731407):690.988465255793);
(2:854.1021121477182,((3:687.740432723943,4:909.8301464204694):881.8796968862213,(1:881.8796968862213,5:702.2195790460868):658.7156548563347):691.8055368500263);
(2:892.2640688982721,(5:981.8203500393063,(3:965.6181998492716,(1:658.7153226692693,4:590.9801117205567):881.8796968862213):998.819642332896):998.819642332896);
(2:720.4582014958683,(1:691.8055368500263,(5:892.2640688982721,(3:691.7259175482402,4:854.1057273685519):866.8546229629326):965.5579645853801):570.1432552827331);
(2:909.8301464204694,(5:909.8301464204694,(4:570.1432552827331,(1:900.9028377863388,3:866.2980280854651):866.2980280854651):909.8301464204694):690.9998849124071);
(2:472.13648286362434,(4:690.9833582243191,(5:690.9998849124071,(1:690.9998849124071,3:472.1327988526165):690.9833582243191):690.9998849124071):472.13648286362434);
(2:965.6181998492716,(5:999.9999215812713,(1:696.1392093828732,(3:999.9999215812713,4:999.9999215812713):999.9999215812713):999.9999215812713):909.8301464204694);
(2:472.13648286362434,(4:0.787629,(1:646.0332625456274,(3:630.8451009165312,5:0.498807):1e-06):1e-06):0.694859);

Position, Posteriors1, Posteriors2, Posteriors3, Posteriors4, Posteriors5, Posteriors6, Posteriors7, Posteriors8, Posteriors9, Posteriors10, Posteriors11, Posteriors12, Posteriors13, Posteriors14, Posteriors15,
0, 0.0002514958085433987, 0.0002514958085438562, 0.0002514958085438562, 0.0002514958085433987, 0.0002514958085438562, 0.0002514958085438562, 0.0002514958085438562, 0.04776502528707577, 0.1673048358653043, 0.09906804784844508, 0.17500485922071826, 0.10012258616701847, 0.11565009255565768, 0.17805424641975928, 0.11526983583211513,
1, 8.131457424088421e-05, 8.131457424088421e-05, 8.131457424088421e-05, 8.131457424088421e-05, 8.131457424088421e-05, 8.131457424088421e-05, 8.131457424088421e-05, 0.04759516112690938, 0.16758036502270696, 0.09914827589653118, 0.1753095087085433, 0.10020663951937685, 0.11580121644866387, 0.17837021457324587, 0.11541941654009548,
2, 1.1719335677525937e-05, 1.1719335677547256e-05, 1.1719335677547256e-05, 1.1719335677525937e-05, 1.1719335677547256e-05, 1.1719335677547256e-05, 1.1719335677547256e-05, 0.04737608091511423, 0.16776008470606607, 0.09914802477473181, 0.1755184233797624, 0.10020972748697339, 0.11585007746632951, 0.1785884932812653, 0.11546705249518764,
3, 1.5950022438232937e-06, 1.595002243826195e-06, 1.595002243826195e-06, 1.5950022438203924e-06, 1.595002243826195e-06, 1.595002243826195e-06, 1.595002243826195e-06, 0.04712895053519062, 0.1678578446057692, 0.09911803170336789, 0.17563552994756518, 0.1001821668022485, 0.11586869303173032, 0.17871301172235277, 0.11548460649223985,
4, 1.1419015416192006e-06, 1.1419015416212777e-06, 1.1419015416212777e-06, 1.1419015416171234e-06, 1.1419015416212777e-06, 1.1419015416233548e-06, 1.1419015416212777e-06, 0.0468812807158739, 0.16792404820072976, 0.09909168180151927, 0.17572807555158637, 0.10015816544111755, 0.11589106140134792, 0.17881171370213453, 0.11550597973076009,
5, 4.696303485319965e-06, 4.696303485328507e-06, 4.696303485328507e-06, 4.696303485311423e-06, 4.696303485328507e-06, 4.696303485328507e-06, 4.696303485328507e-06, 0.046632839430837056, 0.16796788219624734, 0.0990718878799882, 0.17580469870460874, 0.1001406986154527, 0.11592083335948067, 0.17889348846958383, 0.11553479707638224,
6, 1.5967313150910996e-05, 1.5967313150940042e-05, 1.5967313150940042e-05, 1.5967313150852906e-05, 1.5967313150940042e-05, 1.5967313150940042e-05, 1.5967313150940042e-05, 0.04641434195471137, 0.168027328850656, 0.0990233230494255, 0.17590054739694697, 0.10009489166271542, 0.11591027872854713, 0.1789941322653473, 0.11552338475665516,
7, 2.6002295714482174e-05, 2.6002295714576767e-05, 2.6002295714576767e-05, 2.6002295714482174e-05, 2.6002295714576767e-05, 2.6002295714576767e-05, 2.6002295714576767e-05, 0.04622582581371877, 0.16813047225873134, 0.09892668109861133, 0.17604903714868436, 0.10000032070841279, 0.11586273712022276, 0.17914786602649574, 0.11547504361296317,
8, 2.9565421097940394e-05, 2.9565421097940394e-05, 2.9565421097940394e-05, 2.9565421097886614e-05, 2.9565421097940394e-05, 2.9565421097940394e-05, 2.9565421097940394e-05, 0.04603395084516847, 0.16818807165570845, 0.09888536170678572, 0.17614542912726075, 0.09996185430133127, 0.11585894415039072, 0.17924905584267603, 0.11547037428164782,
9, 2.7061509942966333e-05, 2.7061509942966333e-05, 2.7061509942966333e-05, 2.7061509942966333e-05, 2.7061509942966333e-05, 2.706150994301556e-05, 2.706150994301556e-05, 0.045855164590605735, 0.16810607344474016, 0.09895707691323362, 0.17608085189365577, 0.10003669433824584, 0.11598816536701757, 0.17918809266092092, 0.11559845008017625,
10, 1.600022670383535e-05, 1.6000226703864454e-05, 1.6000226703864454e-05, 1.600022670383535e-05, 1.6000226703864454e-05, 1.6000226703864454e-05, 1.6000226703864454e-05, 0.045689219522457226, 0.16796347654049737, 0.09906874854627395, 0.17594065340743154, 0.10014987025879273, 0.1162079127796453, 0.1790512965187459, 0.11581682069791868,
11, 1.2638147083890091e-05, 1.2638147083890091e-05, 1.2638147083890091e-05, 1.2638147083867103e-05, 1.2638147083890091e-05, 1.2638147083890091e-05, 1.2638147083890091e-05, 0.04554283729479555, 0.16765712674194888, 0.09928240363449531, 0.17561626452678106, 0.10036562295096871, 0.11655564272314334, 0.17872876604151985, 0.11616286891474291,
12, 7.20955473776656e-06, 7.209554737779674e-06, 7.209554737779674e-06, 7.20955473776656e-06, 7.209554737779674e-06, 7.209554737779674e-06, 7.209554737779674e-06, 0.045415647560673296, 0.16738852418533515, 0.09946194599329292, 0.17533608059580214, 0.10054698982320989, 0.11687197128075381, 0.1784507815456474, 0.11647759199054344,
13, 6.738081703932924e-06, 6.738081703932924e-06, 6.738081703932924e-06, 6.738081703920667e-06, 6.738081703932924e-06, 6.7380817039451805e-06, 6.7380817039451805e-06, 0.04526919379966233, 0.16707512064823013, 0.09965943216644146, 0.17502884425915766, 0.10074630822226964, 0.11721243029343473, 0.1781450896834039, 0.11681641421361698,
14, 6.645076735437332e-06, 6.645076735437332e-06, 6.645076735437332e-06, 6.645076735425244e-06, 6.645076735437332e-06, 6.645076735437332e-06, 6.645076735437332e-06, 0.04514031031701077, 0.16682195825800286, 0.09982043079478245, 0.17478116156296278, 0.10090969251185906, 0.11748907726846929, 0.17789926499415085, 0.11709158861352029,
15, 4.130715945240687e-06, 4.130715945240687e-06, 4.130715945240687e-06, 4.130715945240687e-06, 4.130715945240687e-06, 4.1307159452482e-06, 4.1307159452482e-06, 0.04501620099685409, 0.16645639914321578, 0.10004593660060106, 0.17441233599580386, 0.10113645234665668, 0.11788567906866618, 0.1775316913756296, 0.11748638931946231,
16, 6.1504675613819096e-06, 6.1504675613819096e-06, 6.1504675613819096e-06, 6.1504675613819096e-06, 6.1504675613819096e-06, 6.1504675613819096e-06, 6.1504675613819096e-06, 0.04487617339898681, 0.1660717106822943, 0.10028339152517704, 0.17401104667931322, 0.10137452040729761, 0.11830507905959152, 0.17713107251967866, 0.11790395231425635,
17, 3.2556384715747213e-06, 3.2556384715806433e-06, 3.2556384715865654e-06, 3.2556384715747213e-06, 3.2556384715806433e-06, 3.2556384715865654e-06, 3.2556384715865654e-06, 0.0447446243490877, 0.1657561714655592, 0.10047903948719869, 0.17367750836007573, 0.10157035411507682, 0.11867667170460129, 0.17679903572772002, 0.11827380518003545,
18, 2.8999314249648345e-06, 2.8999314249701094e-06, 2.8999314249753843e-06, 2.8999314249648345e-06, 2.8999314249701094e-06, 2.8999314249753843e-06, 2.8999314249753843e-06, 0.0445943879238969, 0.16539573558532622, 0.10069562098954986, 0.17331725913885523, 0.1017871114625361, 0.11907730392059428, 0.17643962907242935, 0.11867265224526705,
19, 1.1729794632574228e-05, 1.1729794632574228e-05, 1.1729794632595565e-05, 1.1729794632574228e-05, 1.1729794632574228e-05, 1.1729794632595565e-05, 1.1729794632595565e-05, 0.04443906663659553, 0.16499887447713027, 0.10091930578456823, 0.1729282027359464, 0.10201092346093761, 0.1194888462256774, 0.176050230802536, 0.11908244117276105,
20, 1.59492226198952e-05, 1.59492226198952e-05, 1.59492226198952e-05, 1.59492226198952e-05, 1.59492226198952e-05, 1.59492226198952e-05, 1.59492226198952e-05, 0.04435530706548795, 0.16466461853353515, 0.10108112652725142, 0.17258628215226618, 0.10217143476176824, 0.11986460649217578, 0.17570844677166345, 0.11945653299646063,
21, 2.722103139646687e-05, 2.722103139646687e-05, 2.7221031396516384e-05, 2.722103139646687e-05, 2.722103139646687e-05, 2.7221031396516384e-05, 2.7221031396516384e-05, 0.04426022642104287, 0.16433656369296643, 0.10123770741142447, 0.1722580439588006, 0.10232737151401054, 0.12020964130516407, 0.17537989365752749, 0.11980000467792223,
22, 3.1841857801871346e-05, 3.1841857801871346e-05, 3.184185780192927e-05, 3.1841857801871346e-05, 3.1841857801871346e-05, 3.184185780192927e-05, 3.184185780192927e-05, 0.04419054398113369, 0.1641052709317892, 0.10134959023907802, 0.17202261807500488, 0.10243959054562785, 0.12046773591332041, 0.17514501889543713, 0.12005673827307774,
23, 4.066538966566347e-05, 4.066538966566347e-05, 4.066538966573744e-05, 4.066538966566347e-05, 4.066538966566347e-05, 4.066538966573744e-05, 4.066538966573744e-05, 0.04412660272914421, 0.16389773453225123, 0.10144127409478673, 0.1718085823371001, 0.10253174727870408, 0.12069502623080398, 0.17493163494453767, 0.12028273998447636,
24, 4.1154879828922086e-05, 4.1154879828922086e-05, 4.115487982899695e-05, 4.115487982884723e-05, 4.1154879828922086e-05, 4.115487982899695e-05, 4.115487982899695e-05, 0.044068566066532526, 0.1637528286000434, 0.1015094541252808, 0.17165782792587578, 0.10260093463098713, 0.12087671253080938, 0.17478237370041025, 0.12046321812026509,
25, 5.1483039077298026e-05, 5.1483039077298026e-05, 5.1483039077391674e-05, 5.1483039077298026e-05, 5.1483039077298026e-05, 5.1483039077391674e-05, 5.1483039077391674e-05, 0.044024286295023564, 0.16345020569965613, 0.10167162819880929, 0.17133062664987464, 0.10276458486434184, 0.12117911186037479, 0.17445505002990203, 0.12076412498786086,
26, 5.41787151359436e-05, 5.41787151359436e-05, 5.4178715136042156e-05, 5.4178715135845055e-05, 5.41787151359436e-05, 5.4178715136042156e-05, 5.4178715136042156e-05, 0.043987283497474286, 0.16317213519476223, 0.10183372745005324, 0.17102099466922008, 0.1029283108549291, 0.12147447565493012, 0.17414583690935914, 0.12105798462291069,
27, 4.459928181051525e-05, 4.459928181051525e-05, 4.4599281810596375e-05, 4.4599281810434124e-05, 4.459928181051525e-05, 4.45992818106775e-05, 4.4599281810596375e-05, 0.04399220293129229, 0.16295062388896583, 0.10195201227509684, 0.1707543567856207, 0.10304621985552044, 0.12176502756615061, 0.17388034338509203, 0.12134701819950511,
28, 4.432556874889288e-05, 4.432556874889288e-05, 4.432556874897351e-05, 4.4325568748812254e-05, 4.432556874889288e-05, 4.432556874905413e-05, 4.432556874897351e-05, 0.043975548359286465, 0.16268965571088606, 0.10208940615417503, 0.17043808815810305, 0.10318277695843997, 0.12208448587029773, 0.1735648776431109, 0.12166488202394178,
29, 3.961934101704129e-05, 3.961934101704129e-05, 3.961934101711335e-05, 3.961934101696922e-05, 3.961934101704129e-05, 3.961934101711335e-05, 3.961934101711335e-05, 0.0438154122596589, 0.1621543696402419, 0.10244092783423858, 0.16987447603751468, 0.1035349809086824, 0.12266176169807, 0.1730009147700564, 0.12223982132439955,
30, 4.367697430439319e-05, 4.367697430439319e-05, 4.367697430439319e-05, 4.367697430431375e-05, 4.367697430439319e-05, 4.3676974304472645e-05, 4.367697430439319e-05, 0.04365019832565073, 0.16134922515780203, 0.10296005780298569, 0.16901232077767894, 0.1040551386892279, 0.1234779512201221, 0.17213638998330352, 0.12305297908299814,
31, 6.938169048932512e-05, 6.938169048932512e-05, 6.938169048932512e-05, 6.93816904891989e-05, 6.938169048932512e-05, 6.938169048932512e-05, 6.938169048932512e-05, 0.04351445391053303, 0.16058666155607818, 0.10341539554685954, 0.16819384743004226, 0.104512105358894, 0.12420224247239336, 0.17131507730889284, 0.12377454444295355,
32, 7.80060750629069e-05, 7.80060750629069e-05, 7.80060750629069e-05, 7.8006075062765e-05, 7.80060750629069e-05, 7.80060750629069e-05, 7.80060750629069e-05, 0.04341319394433115, 0.15993860107107266, 0.1038327785395418, 0.16748312153136644, 0.1049321784595279, 0.12484084734155562, 0.17060259912409376, 0.12441063732268606,
33, 7.340241506644348e-05, 7.340241506644348e-05, 7.340241506644348e-05, 7.340241506617644e-05, 7.340241506644348e-05, 7.340241506644348e-05, 7.340241506644348e-05, 0.043392841967849385, 0.15935154192123635, 0.10417475995146112, 0.16680486440537765, 0.10527247057222822, 0.12549969293568428, 0.16992311619881562, 0.12506689500142754,
34, 7.34408337763887e-05, 7.344083377652229e-05, 7.344083377652229e-05, 7.344083377625511e-05, 7.34408337763887e-05, 7.344083377652229e-05, 7.344083377652229e-05, 0.043362831459693406, 0.1588114936731818, 0.10448739581421419, 0.16617359087891279, 0.10558358782627654, 0.1261056730264295, 0.16929090513329756, 0.12567043621162097,
35, 5.836307819645081e-05, 5.836307819645081e-05, 5.836307819645081e-05, 5.836307819623848e-05, 5.836307819645081e-05, 5.836307819655697e-05, 5.836307819645081e-05, 0.04332836891485317, 0.15838497183435662, 0.1047566294073813, 0.1656750591770474, 0.10585246335484626, 0.12661937866302272, 0.16879265805519628, 0.12618192890548036,
36, 4.4783463981126355e-05, 4.4783463981126355e-05, 4.4783463981126355e-05, 4.47834639810449e-05, 4.4783463981126355e-05, 4.478346398120782e-05, 4.4783463981126355e-05, 0.04330307525635825, 0.1579733516445837, 0.10500412918465293, 0.16520420894193683, 0.1060994820832998, 0.12710982631432408, 0.1683222119366847, 0.12667023025024501,
37, 1.9383081841131817e-05, 1.9383081841131817e-05, 1.9383081841131817e-05, 1.938308184109656e-05, 1.9383081841131817e-05, 1.9383081841167073e-05, 1.9383081841131817e-05, 0.043265552435436457, 0.1574758270923391, 0.10533980462061274, 0.16463654289592322, 0.10643550640889411, 0.12769929855209666, 0.1677545447431261, 0.12725724153829795,
38, 7.12637920377054e-06, 7.126379203783503e-06, 7.126379203783503e-06, 7.12637920377054e-06, 7.126379203783503e-06, 7.126379203796466e-06, 7.126379203783503e-06, 0.04326787925734438, 0.15706195532963518, 0.10559745924425427, 0.16415495871324595, 0.10669421252666988, 0.12817243818690569, 0.16727291585927834, 0.1277282960873085,
39, 9.25543399798934e-06, 9.25543399798934e-06, 9.25543399798934e-06, 9.255433997972504e-06, 9.25543399798934e-06, 9.255433998006175e-06, 9.25543399798934e-06, 0.043264863389335356, 0.15661142721395802, 0.10585540200955071, 0.1636436149140916, 0.10695313319080223, 0.12864634801518768, 0.16676022821665643, 0.12820019487090772,
40, 1.464617408963136e-05, 1.464617408963136e-05, 1.464617408963136e-05, 1.464617408963136e-05, 1.464617408963136e-05, 1.4646174089658001e-05, 1.4646174089658001e-05, 0.04326948589952853, 0.15619945167246793, 0.10608625781032671, 0.16316897930713672, 0.10718510529745502, 0.12907595177671521, 0.16628432849971692, 0.12862791637635618,
41, 1.5421441125906338e-05, 1.5421441125906338e-05, 1.5421441125906338e-05, 1.5421441125878285e-05, 1.5421441125906338e-05, 1.5421441125906338e-05, 1.5421441125906338e-05, 0.04328633962305378, 0.15581115147743604, 0.1063163508451528, 0.16270754288774947, 0.10741669403077748, 0.12949088971964165, 0.1658221019523674, 0.1290409792346919,
42, 9.51225732082785e-06, 9.51225732082785e-06, 9.51225732082785e-06, 9.512257320810547e-06, 9.51225732082785e-06, 9.51225732082785e-06, 9.51225732082785e-06, 0.04336038454108999, 0.15548415923753797, 0.10648102511196672, 0.1622997530155599, 0.10758067312866298, 0.1298824859233147, 0.1654141897976921, 0.12943074330158333,
43, 8.905053255360964e-06, 8.905053255377163e-06, 8.905053255377163e-06, 8.905053255360964e-06, 8.905053255377163e-06, 8.905053255377163e-06, 8.905053255377163e-06, 0.04346293528067548, 0.15518290224342238, 0.10661748778204752, 0.16192244174750026, 0.10771691587674645, 0.13022600412210028, 0.16503638192532694, 0.12977259550761142,
44, 7.319059452789841e-06, 7.319059452789841e-06, 7.319059452789841e-06, 7.319059452789841e-06, 7.319059452789841e-06, 7.319059452803155e-06, 7.319059452789841e-06, 0.0435746042455546, 0.1548946622807803, 0.10673771432098386, 0.16156941864457366, 0.10783680922364847, 0.13055378755249145, 0.16468301695744048, 0.13009875321614464,
45, 3.7011686156017364e-06, 3.7011686156017364e-06, 3.7011686156017364e-06, 3.7011686156017364e-06, 3.7011686156017364e-06, 3.701168615608469e-06, 3.701168615608469e-06, 0.04370191626574088, 0.15464226002711431, 0.10682619181337095, 0.16125962042285868, 0.10792474429324407, 0.13085132840284838, 0.1643732920976, 0.13039473835490228,
46, 1.9851586082977806e-06, 1.9851586082977806e-06, 1.9851586082977806e-06, 1.9851586082977806e-06, 1.9851586082977806e-06, 1.9851586082977806e-06, 1.9851586082977806e-06, 0.043825789383068435, 0.15435844082652164, 0.10693821379977832, 0.16091097202678062, 0.10803628249282296, 0.13117515967629692, 0.1640242951977412, 0.13071695034443076,
47, 3.177087757919865e-06, 3.177087757919865e-06, 3.177087757919865e-06, 3.1770877579140858e-06, 3.177087757919865e-06, 3.177087757919865e-06, 3.177087757919865e-06, 0.04397382918271087, 0.1540858307813974, 0.10703424487885708, 0.16057862452462893, 0.10813218995311391, 0.13147085428725394, 0.16369104461128867, 0.13101114202355382,
48, 3.7381441275781363e-06, 3.7381441275781363e-06, 3.7381441275781363e-06, 3.7381441275781363e-06, 3.7381441275781363e-06, 3.7381441275781363e-06, 3.7381441275781363e-06, 0.04418242598275832, 0.1537675374189836, 0.10715802700139787, 0.16018222538527813, 0.10825669343540995, 0.13179757666748543, 0.16329306149764924, 0.13133628545866174,
49, 5.800679395254096e-06, 5.800679395254096e-06, 5.800679395254096e-06, 5.800679395254096e-06, 5.800679395254096e-06, 5.800679395254096e-06, 5.800679395254096e-06, 0.04442021824246737, 0.15324099061517113, 0.10741584971986864, 0.15954384364820523, 0.10851558371324513, 0.1323177088897709, 0.16265087220025526, 0.13185432807100236,
50, 4.540065197064327e-06, 4.540065197064327e-06, 4.540065197064327e-06, 4.540065197056068e-06, 4.540065197064327e-06, 4.540065197064327e-06, 4.540065197064327e-06, 0.04456487151133266, 0.15264197732782295, 0.10775225248533633, 0.15887125309494654, 0.10885518973620595, 0.1328870800395095, 0.1619741195452791, 0.1324214756599649,
51, 1.8924525245934711e-06, 1.8924525245934711e-06, 1.8924525245934711e-06, 1.8924525245934711e-06, 1.8924525245934711e-06, 1.8924525245969135e-06, 1.8924525245969135e-06, 0.044656917119732666, 0.1518074050254652, 0.1082590192545002, 0.15795045640278893, 0.10936617713512678, 0.13368388434461592, 0.16104751115740754, 0.13321538224950705,
52, 1.8548179932633584e-06, 1.8548179932633584e-06, 1.8548179932633584e-06, 1.8548179932599844e-06, 1.8548179932633584e-06, 1.8548179932633584e-06, 1.8548179932633584e-06, 0.04473392826069291, 0.15094338080552508, 0.10878826830567945, 0.1569794067499832, 0.10989881776302031, 0.13452249740988934, 0.1600696993157008, 0.134051017520272,
53, 3.017157041512815e-06, 3.017157041512815e-06, 3.017157041512815e-06, 3.017157041507327e-06, 3.017157041512815e-06, 3.017157041512815e-06, 3.017157041512815e-06, 0.04479748516649148, 0.1500204370516143, 0.1093469310441036, 0.15596578032096947, 0.11046085109236106, 0.13540682606669305, 0.15904828839091778, 0.1349322806238748,
54, 2.1669458992531605e-06, 2.1669458992531605e-06, 2.1669458992531605e-06, 2.1669458992531605e-06, 2.1669458992531605e-06, 2.166945899257102e-06, 2.166945899257102e-06, 0.04487407727380706, 0.1491295337658385, 0.10987377013181815, 0.15500399622921465, 0.11099085017065545, 0.13625554158526917, 0.1580790242608107, 0.13577803781791994,
55, 5.224126878933377e-06, 5.224126878933377e-06, 5.224126878933377e-06, 5.224126878933377e-06, 5.224126878933377e-06, 5.224126878933377e-06, 5.224126878933377e-06, 0.044934263674873486, 0.1482007086350576, 0.11042666379127014, 0.15398183240569882, 0.11154598147828333, 0.13715316196854505, 0.15704821086289494, 0.136672608152168,
56, 1.0094310839665905e-05, 1.0094310839665905e-05, 1.0094310839665905e-05, 1.0094310839665905e-05, 1.0094310839665905e-05, 1.0094310839665905e-05, 1.0094310839665905e-05, 0.04504152467923651, 0.1474040540273385, 0.11088768388751181, 0.15309609455098894, 0.11201007221726907, 0.1379093124630936, 0.15615445351582707, 0.13742614434001424,
57, 1.0489176433507899e-05, 1.0489176433507899e-05, 1.0489176433507899e-05, 1.0489176433488818e-05, 1.0489176433507899e-05, 1.0489176433507899e-05, 1.0489176433507899e-05, 0.045118691877720565, 0.14667596320630893, 0.11131444155219872, 0.15230612502781796, 0.11244052591582337, 0.1385993555342971, 0.15535774964819307, 0.138113722859581,
58, 1.1299798230843428e-05, 1.1299798230843428e-05, 1.1299798230843428e-05, 1.1299798230822874e-05, 1.1299798230843428e-05, 1.1299798230843428e-05, 1.1299798230843428e-05, 0.04517675222710652, 0.1458900486102211, 0.11178037598288604, 0.15145669283638236, 0.11290996844067956, 0.1393471163169324, 0.15450109564482767, 0.13885885121033736,
59, 1.3850612245954516e-05, 1.3850612245954516e-05, 1.3850612245954516e-05, 1.3850612245954516e-05, 1.3850612245954516e-05, 1.385061224597971e-05, 1.385061224597971e-05, 0.04527701001768082, 0.14521060571206498, 0.11217112139360966, 0.15071431872636348, 0.11330485351184315, 0.13998181375067725, 0.15375206701779856, 0.13949125544054763,
60, 1.0754036734876862e-05, 1.0754036734896423e-05, 1.0754036734896423e-05, 1.0754036734876862e-05, 1.0754036734896423e-05, 1.0754036734896423e-05, 1.0754036734896423e-05, 0.04538291425764408, 0.14456014004987128, 0.11255780577073671, 0.14999241372313402, 0.11369584449390654, 0.14060210797502143, 0.1530242446897653, 0.1401092506390752,
61, 1.404905885310836e-05, 1.404905885310836e-05, 1.4049058853133915e-05, 1.404905885310836e-05, 1.404905885310836e-05, 1.4049058853133915e-05, 1.4049058853133915e-05, 0.04547419928147653, 0.14385756274262426, 0.11296376708697292, 0.14923234061360321, 0.11410608928368392, 0.14125277910215148, 0.15225734290407084, 0.14075757542995057,
62, 1.35118259460802e-05, 1.35118259460802e-05, 1.35118259460802e-05, 1.351182594605562e-05, 1.35118259460802e-05, 1.35118259460802e-05, 1.35118259460802e-05, 0.04558722925680151, 0.14325710843264622, 0.11331627753660622, 0.14858034209219823, 0.1144637647375669, 0.14179921504319049, 0.15159954248621624, 0.1413019374904348,
63, 8.411441454992504e-06, 8.411441454992504e-06, 8.411441454992504e-06, 8.411441454961902e-06, 8.411441454992504e-06, 8.411441454992504e-06, 8.411441454992504e-06, 0.04565374438958254, 0.1426092433347082, 0.11372140951099369, 0.14789242562898708, 0.11487546741456202, 0.14239118395185055, 0.15090597262990377, 0.14189167290553534,
64, 6.654149056351736e-06, 6.654149056351736e-06, 6.654149056351736e-06, 6.654149056339633e-06, 6.654149056351736e-06, 6.654149056351736e-06, 6.654149056351736e-06, 0.04575009801667811, 0.14168072592676964, 0.11430951238514, 0.14688944776166232, 0.11547178953256133, 0.14323013250408406, 0.14989399413742213, 0.14272772054808083,
65, 1.6627472765475138e-06, 1.6627472765475138e-06, 1.6627472765475138e-06, 1.6627472765414647e-06, 1.6627472765475138e-06, 1.6627472765475138e-06, 1.6627472765475138e-06, 0.04579392977645567, 0.14068987401292976, 0.11495876692180283, 0.14585133767406297, 0.11613154668070398, 0.14411074239376986, 0.14884687663620413, 0.14360528652921337,
66, 2.5357769658543675e-06, 2.5357769658543675e-06, 2.5357769658543675e-06, 2.535776965849755e-06, 2.5357769658543675e-06, 2.53577696585898e-06, 2.5357769658543675e-06, 0.04583700466024908, 0.139650429145521, 0.11562657259614566, 0.14477557614232406, 0.1168099666076139, 0.14501548342492024, 0.14776019022294828, 0.14450702661803716,
67, 3.5175155757774946e-06, 3.5175155757774946e-06, 3.5175155757838926e-06, 3.5175155757774946e-06, 3.5175155757774946e-06, 3.5175155757838926e-06, 3.5175155757838926e-06, 0.0458570870340685, 0.13853015413748745, 0.11635644214682507, 0.14360195659118205, 0.11755018678565922, 0.14600828420229964, 0.1465746883424077, 0.14549657800781146,
68, 1.551553183488642e-06, 1.551553183488642e-06, 1.551553183488642e-06, 1.551553183488642e-06, 1.551553183488642e-06, 1.5515531834914644e-06, 1.5515531834914644e-06, 0.045892655566068835, 0.1375763448725308, 0.11697649519402702, 0.14258453591716855, 0.11817892995560679, 0.14687370376087097, 0.1455474120632391, 0.14635906165570478,
69, 8.578386876318073e-07, 8.578386876333677e-07, 8.578386876333677e-07, 8.578386876318073e-07, 8.578386876333677e-07, 8.578386876333677e-07, 8.578386876333677e-07, 0.04595364921875144, 0.13665013735286874, 0.11757287019284862, 0.1416005897699447, 0.11878434073166004, 0.14769834128968304, 0.1445531353234348, 0.14718093110795347,
70, 7.600008275138915e-07, 7.600008275152739e-07, 7.600008275166564e-07, 7.600008275138915e-07, 7.600008275152739e-07, 7.600008275166564e-07, 7.600008275166564e-07, 0.045999308748167524, 0.1356926489944837, 0.1181966635873429, 0.1405647772634676, 0.1194163828248862, 0.1485696392373725, 0.14350588082698265, 0.14804937836972712,
71, 2.5715918393291623e-06, 2.57159183933384e-06, 2.5715918393385174e-06, 2.5715918393291623e-06, 2.57159183933384e-06, 2.5715918393385174e-06, 2.5715918393385174e-06, 0.04604570572548668, 0.13469489908879864, 0.1188403323577243, 0.13949704560908402, 0.12006841682724805, 0.14946683725792723, 0.14242500959763366, 0.1489437522514189,
72, 9.797046292642821e-06, 9.797046292660643e-06, 9.797046292678463e-06, 9.797046292642821e-06, 9.797046292660643e-06, 9.797046292678463e-06, 9.797046292678463e-06, 0.04607436062524972, 0.1336542358913311, 0.11951245903660497, 0.13836377567214814, 0.1207480654684337, 0.15041364551548422, 0.1412772286342439, 0.1498876496912455,
73, 1.0229076799855112e-05, 1.022907679987372e-05, 1.0229076799892326e-05, 1.0229076799855112e-05, 1.022907679987372e-05, 1.0229076799892326e-05, 1.0229076799892326e-05, 0.046128286122841054, 0.1327632250063436, 0.12008086696598984, 0.13738541197300438, 0.12132252405097883, 0.15124499905161706, 0.14028672983715604, 0.15071635331308378,
74, 1.3112281201455324e-05, 1.3112281201479175e-05, 1.3112281201503027e-05, 1.3112281201455324e-05, 1.3112281201479175e-05, 1.3112281201503027e-05, 1.3112281201503027e-05, 0.0461577723700343, 0.131788588114969, 0.12070477346521309, 0.13631832493930576, 0.12195227699056352, 0.1521557820974834, 0.1392064179639169, 0.1516242779488957,
75, 8.396700216970598e-06, 8.396700216985872e-06, 8.396700217001146e-06, 8.396700216970598e-06, 8.396700216985872e-06, 8.396700217001146e-06, 8.396700217001146e-06, 0.046176324056554995, 0.1309585980027874, 0.12124761564284163, 0.1354121857079139, 0.12250116704192641, 0.15294489938208256, 0.1382896343931009, 0.1524107987304176,
76, 9.211321404857763e-06, 9.211321404857763e-06, 9.211321404874519e-06, 9.211321404857763e-06, 9.211321404857763e-06, 9.211321404874519e-06, 9.211321404874519e-06, 0.046172503973918325, 0.13005145005321825, 0.1218254042972053, 0.1344523722208479, 0.12308512866600675, 0.15378379497522005, 0.1373178479610235, 0.15324701846197333,
77, 4.182657314682693e-06, 4.182657314690302e-06, 4.182657314690302e-06, 4.182657314682693e-06, 4.182657314690302e-06, 4.182657314690302e-06, 4.182657314690302e-06, 0.04619370065226883, 0.1292711778149463, 0.12231607140318303, 0.13362113898368258, 0.12358078526754315, 0.15452523294305967, 0.1364766163904123, 0.1539859978025926,
78, 3.858151030314835e-06, 3.858151030314835e-06, 3.858151030314835e-06, 3.858151030307816e-06, 3.858151030314835e-06, 3.858151030314835e-06, 3.858151030314835e-06, 0.04619775643510272, 0.12842873090879764, 0.12283377069443382, 0.13274596578893869, 0.12410347488601431, 0.15530740934990628, 0.13559022191731535, 0.1547656628217633,
79, 4.467800408649385e-06, 4.467800408657512e-06, 4.467800408657512e-06, 4.467800408649385e-06, 4.467800408657512e-06, 4.467800408657512e-06, 4.467800408657512e-06, 0.046228385646744884, 0.1276519537707902, 0.12328809405859004, 0.13194891649475943, 0.12456187214463481, 0.1560255048982577, 0.1347825615073779, 0.1554814367349618,
80, 5.162436948656736e-06, 5.162436948656736e-06, 5.162436948656736e-06, 5.1624369486473455e-06, 5.162436948656736e-06, 5.162436948656736e-06, 5.162436948656736e-06, 0.04624001961069034, 0.12682460257055322, 0.12378084658673652, 0.13108916790506778, 0.12505823962722334, 0.156802988369024, 0.13391156473979646, 0.1562564333915174,
81, 4.607274578446641e-06, 4.607274578446641e-06, 4.607274578446641e-06, 4.607274578446641e-06, 4.607274578446641e-06, 4.607274578455022e-06, 4.607274578455022e-06, 0.046233913141088386, 0.1259218645439911, 0.12433328860845032, 0.1301384679394558, 0.1256140849590185, 0.15766334857903264, 0.13294870827444216, 0.15711407289210824,
82, 5.449736034803443e-06, 5.449736034803443e-06, 5.449736034803443e-06, 5.449736034803443e-06, 5.449736034803443e-06, 5.449736034813356e-06, 5.449736034813356e-06, 0.046200323243333466, 0.12509284414589603, 0.1248423483592862, 0.1292798264029526, 0.12612718532207123, 0.15844610562227027, 0.1320788954532601, 0.15789432315853308,
83, 4.514363867831802e-06, 4.514363867831802e-06, 4.514363867831802e-06, 4.514363867831802e-06, 4.514363867831802e-06, 4.514363867840014e-06, 4.514363867840014e-06, 0.0461957892811857, 0.12432330718323693, 0.12530392375163982, 0.12848999429326682, 0.12659267153503218, 0.15916909145833058, 0.1312786639664112, 0.15861495784413102,
84, 4.190526920663402e-06, 4.190526920663402e-06, 4.190526920663402e-06, 4.190526920663402e-06, 4.190526920663402e-06, 4.190526920663402e-06, 4.190526920663402e-06, 0.04616941252766227, 0.12349633223847951, 0.12580832946776585, 0.12763016791826468, 0.12710048103927743, 0.15995747424849183, 0.13040765495909382, 0.15940081377275991,
85, 2.2557239278003288e-06, 2.2557239278003288e-06, 2.2557239278003288e-06, 2.2557239278003288e-06, 2.2557239278003288e-06, 2.255723927804432e-06, 2.255723927804432e-06, 0.04615757747562656, 0.12269872319630502, 0.12628310095113904, 0.1268156023287685, 0.127578449079043, 0.160713750675234, 0.12958235313164268, 0.16015465295473094,
86, 6.147641218825381e-07, 6.147641218825381e-07, 6.147641218825381e-07, 6.147641218825381e-07, 6.147641218825381e-07, 6.147641218836564e-07, 6.147641218825381e-07, 0.04612215943106133, 0.1218375284010392, 0.12680522825198917, 0.1259244206834559, 0.12810319835723527, 0.1615426779731269, 0.12867953198828125, 0.16098095142531163,
87, 4.643515158853043e-07, 4.643515158853043e-07, 4.643515158853043e-07, 4.643515158853043e-07, 4.643515158853043e-07, 4.643515158853043e-07, 4.643515158853043e-07, 0.046072373046504286, 0.12093820207738087, 0.12735252194240934, 0.1249847418791183, 0.12865234687982655, 0.1624170741256256, 0.12772682108972652, 0.16185266835952505,
88, 5.14513272737496e-07, 5.14513272737496e-07, 5.14513272737496e-07, 5.145132727365601e-07, 5.14513272737496e-07, 5.14513272737496e-07, 5.14513272737496e-07, 0.046009034900082645, 0.12000294793905379, 0.12792524312695536, 0.12399907473785339, 0.12922618171042927, 0.16333713922872806, 0.12672677538694221, 0.1627700012372171,
89, 3.4617637395123354e-06, 3.4617637395123354e-06, 3.4617637395123354e-06, 3.4617637395060386e-06, 3.4617637395123354e-06, 3.4617637395123354e-06, 3.4617637395123354e-06, 0.045944382935881524, 0.11901515157541742, 0.12852184401311245, 0.12297241072565218, 0.1298238468636575, 0.16429218446293734, 0.12568359287690073, 0.16372235406017457,
90, 4.872409024429083e-06, 4.872409024429083e-06, 4.872409024429083e-06, 4.872409024429083e-06, 4.872409024429083e-06, 4.872409024429083e-06, 4.872409024429083e-06, 0.04586403699596503, 0.11793270211896553, 0.12919431018698121, 0.12182909338274138, 0.1304971985656429, 0.16534955080105992, 0.12452224268853782, 0.1647767582566834,
91, 4.700261072473847e-06, 4.700261072473847e-06, 4.700261072473847e-06, 4.700261072465297e-06, 4.700261072473847e-06, 4.700261072473847e-06, 4.700261072473847e-06, 0.0457686097808832, 0.11674554151941459, 0.12995165160292765, 0.12055456708538068, 0.13125528087092578, 0.166519767459111, 0.1232279653596417, 0.16594371435456498,
92, 3.4725137943676056e-06, 3.4725137943676056e-06, 3.4725137943676056e-06, 3.4725137943676056e-06, 3.4725137943676056e-06, 3.4725137943676056e-06, 3.4725137943676056e-06, 0.045670796886220597, 0.115661385953971, 0.13068012370667367, 0.11939990536686364, 0.13198732840481975, 0.1675504368129839, 0.12205417630791532, 0.16697153882432106,
93, 2.011801648710192e-06, 2.011801648710192e-06, 2.011801648710192e-06, 2.011801648706532e-06, 2.011801648710192e-06, 2.011801648710192e-06, 2.011801648710192e-06, 0.04562928091565977, 0.11472515846292537, 0.1313058777534204, 0.11839496030281801, 0.13261755132322595, 0.16843125649088025, 0.12103191893475447, 0.16784991306459032,
94, 5.515359852079884e-06, 5.515359852079884e-06, 5.515359852089916e-06, 5.515359852079884e-06, 5.515359852079884e-06, 5.515359852089916e-06, 5.515359852089916e-06, 0.045585995247845595, 0.11374647319449518, 0.13194893056196202, 0.1173554398818103, 0.1332650939992364, 0.16933496085228084, 0.11997327971060096, 0.16875121889283778,
95, 9.692714470746724e-06, 9.692714470746724e-06, 9.692714470746724e-06, 9.692714470746724e-06, 9.692714470746724e-06, 9.692714470746724e-06, 9.692714470746724e-06, 0.04551595766748207, 0.11268356716446856, 0.13265064209744523, 0.1162287615374975, 0.1339710003235336, 0.17032124411580668, 0.1188260671909161, 0.16973491076188996,
96, 2.8040897890793705e-05, 2.8040897890793705e-05, 2.8040897890793705e-05, 2.8040897890793705e-05, 2.8040897890793705e-05, 2.8040897890793705e-05, 2.8040897890793705e-05, 0.045420838326810306, 0.111520586708242, 0.13338964847632953, 0.11502279442224002, 0.13471416237047748, 0.17136364330892404, 0.11759738811106653, 0.17077465185200857,
97, 4.2149844986549744e-05, 4.2149844986549744e-05, 4.2149844986549744e-05, 4.2149844986549744e-05, 4.2149844986549744e-05, 4.2149844986549744e-05, 4.2149844986549744e-05, 0.045204791286673755, 0.11015165014903378, 0.1342898376547115, 0.11366775178096297, 0.13562072046367726, 0.17257250429412116, 0.11621723288439013, 0.17198046243278928,
98, 8.131894934524704e-05, 8.131894934524704e-05, 8.131894934524704e-05, 8.131894934524704e-05, 8.131894934524704e-05, 8.131894934539495e-05, 8.131894934539495e-05, 0.044980352872858176, 0.10821191326867018, 0.13553556642692444, 0.11170799299932095, 0.13687479818371795, 0.1742474660733626, 0.11422133531778887, 0.17365134207345106,
99, 8.485166562664937e-05, 8.485166562680371e-05, 8.485166562664937e-05, 8.485166562664937e-05, 8.485166562680371e-05, 8.485166562680371e-05, 8.485166562680371e-05, 0.04476962394107397, 0.10652097864647032, 0.1366878711843601, 0.11000676671431445, 0.1380371325468653, 0.17574697779991197, 0.11248961104686026, 0.17514707632282236,
100, 8.242369367241436e-05, 8.242369367241436e-05, 8.242369367241436e-05, 8.24236936721145e-05, 8.242369367241436e-05, 8.242369367241436e-05, 8.242369367241436e-05, 0.04454488449845659, 0.10435202359345858, 0.1381233225707208, 0.10780386334531046, 0.13948008821372423, 0.17773779780698792, 0.11024812083259546, 0.17713293314514547,
101, 7.960933380857e-05, 7.96093338087148e-05, 7.960933380857e-05, 7.960933380842519e-05, 7.96093338087148e-05, 7.96093338087148e-05, 7.96093338087148e-05, 0.04433840045084941, 0.10225014894741533, 0.13949317656361299, 0.1056964852777636, 0.1408570008163039, 0.17965672998892968, 0.10810372436815942, 0.17904706811354718,
102, 5.447278770115034e-05, 5.447278770115034e-05, 5.447278770115034e-05, 5.447278770095217e-05, 5.447278770115034e-05, 5.4472787701249425e-05, 5.4472787701249425e-05, 0.0441747138376265, 0.10039035157947661, 0.14076512599839566, 0.10381225132654262, 0.14213770893408273, 0.18138275203763954, 0.10618712906292548, 0.18076865757216157,
103, 5.4834782942886194e-05, 5.4834782942886194e-05, 5.4834782942886194e-05, 5.483478294268671e-05, 5.4834782942886194e-05, 5.4834782942886194e-05, 5.4834782942886194e-05, 0.04399071263233364, 0.0985980565738044, 0.14196573512126773, 0.10200097116682491, 0.1433471579482295, 0.1829937737436015, 0.10434418921061608, 0.182375559985601,
104, 3.961372028110663e-05, 3.961372028117868e-05, 3.961372028110663e-05, 3.9613720280962514e-05, 3.961372028117868e-05, 3.961372028117868e-05, 3.961372028117868e-05, 0.043816949344435856, 0.09705883537490204, 0.1430173070742682, 0.1004457755587482, 0.14440621561246147, 0.18441862514384233, 0.10276233421266913, 0.1837966614990301,
105, 3.665261584046442e-05, 3.665261584046442e-05, 3.665261584046442e-05, 3.6652615840331083e-05, 3.665261584046442e-05, 3.665261584053109e-05, 3.665261584053109e-05, 0.04367863217686107, 0.09563247842492395, 0.14394860690738048, 0.09901971402981816, 0.145343528772257, 0.18571729822883315, 0.10131125214160586, 0.18509192086924445,
106, 6.124464965847904e-05, 6.124464965847904e-05, 6.124464965847904e-05, 6.124464965825624e-05, 6.124464965847904e-05, 6.124464965859044e-05, 6.124464965859044e-05, 0.04351298396014994, 0.09412014618582219, 0.14489890510624762, 0.09749705169891698, 0.14629892994251212, 0.18705547820809965, 0.09976113256110948, 0.18642665965039223,
107, 6.998459554902198e-05, 6.998459554902198e-05, 6.998459554902198e-05, 6.998459554876736e-05, 6.998459554902198e-05, 6.998459554914927e-05, 6.998459554914927e-05, 0.04337665423182926, 0.09277017889638062, 0.14575934083550923, 0.09613618338291749, 0.14716388859758983, 0.1882798533751844, 0.09837620873914002, 0.18764779963281714,
108, 7.885461262530066e-05, 7.885461262530066e-05, 7.885461262530066e-05, 7.885461262515722e-05, 7.885461262530066e-05, 7.88546126254441e-05, 7.885461262530066e-05, 0.043234504428492575, 0.09151596059470905, 0.14659116890231658, 0.09488188138586125, 0.14800270255972767, 0.18937895531445093, 0.09709883480437147, 0.18874400958303922,
109, 7.405960233538088e-05, 7.405960233551559e-05, 7.405960233538088e-05, 7.405960233524616e-05, 7.405960233551559e-05, 7.405960233551559e-05, 7.405960233551559e-05, 0.043071339477036404, 0.09045096429637632, 0.14732643558199696, 0.09383766288793478, 0.1487457179524106, 0.19032564093650922, 0.09603572817031202, 0.18968809334286924,
110, 5.302385715898347e-05, 5.302385715898347e-05, 5.3023857159079924e-05, 5.302385715879057e-05, 5.302385715898347e-05, 5.3023857159079924e-05, 5.3023857159079924e-05, 0.04286500661685101, 0.08912876527188958, 0.14826826442810778, 0.0925243681038502, 0.14969593976801934, 0.1915437624413826, 0.09469982303867751, 0.19090290319317735,
