Optimize time:19.520203312569194
Begin Prob:-12934.294293971661
End Prob:-12796.602954879167
Substitution parameters:[0.22081280946028647, 0.2615771634212253, 0.26208776540382106, 0.25552226171466713, 1.6969531655754977]
Trees:
(1:293.3495841593243,(3:490.41530954183276,(5:975.6078359374409,(2:386.47286365441454,4:236.06880487389634):383.1457930640218):383.1457930640218):386.47276449555824);
(1:319.1717899376133,(5:236.06880487389634,(3:236.06880487389634,(2:236.06880487389634,4:236.06880487389634):764.1810468349855):412.37890840844494):319.15723324563805);
(1:386.47276449555824,((2:386.47276449555824,4:394.4038187801315):456.216935414554,(3:399.6877140602422,5:456.216935414554):461.23149338865755):236.20875808283168);
(1:379.7163953073376,(4:386.4731373148535,(5:399.6877140602422,(2:385.1440085036628,3:516.1343298928559):462.39642585861367):515.9117206083205):484.2220203319474);
(1:386.47276449555824,(4:383.1457930640218,(3:383.1457930640218,(2:383.1457930640218,5:291.9164276435909):236.06880487389634):319.15692586724407):238.354686589293);
(1:386.4731373148535,((4:236.20875808283168,5:462.39642585861367):392.34099587088303,(2:399.6877140602422,3:386.47276449555824):516.1446391330202):465.346705001559);
(1:450.75208990897255,(2:410.44845807071704,(4:467.28867809614525,(3:399.1923559330552,5:352.88306675603536):394.4037816404885):281.9222949199415):281.9222949199415);
(1:345.8422535228702,(2:380.8549443252888,(5:421.5873985689644,(3:236.20875808283168,4:490.41141882992497):387.09204330567246):343.48663180370124):558.0273124275266);
(1:321.743038985832,(5:384.5614617366782,(4:379.42160110917445,(2:236.20875808283168,3:465.346705001559):515.8135671668332):380.81423969379216):383.09025203756244);
(1:465.55813603798225,(3:447.66049103920136,(4:561.0905671836401,(2:375.4105334128807,5:558.0144794302321):313.0112509069231):399.19577663652694):358.45397642463894);
(1:484.2220203319474,(5:352.94406708577424,(2:465.5586806932206,(3:330.5062826143491,4:516.6409148952355):399.6877140602422):465.55876373998694):558.0144794302321);
(1:975.6078359374409,((2:236.06880487389634,5:291.9164276435909):236.06880487389634,(3:383.1457930640218,4:383.1457930640218):383.1457930640218):319.15723324563805);
(1:332.31060861196926,(3:965.5563386877168,(2:236.06880487389634,(4:974.8439468638362,5:319.1717899376133):236.06880487389634):236.06880487389634):238.58117484754933);
(1:937.6941635568451,(4:379.42160110917445,(2:462.5077564388333,(3:379.55727037722147,5:473.47460123489145):515.8946154090067):379.3900563385879):379.42160110917445);
(1:376.5174557233293,(2:390.1738035165777,(3:385.9870990897207,(4:0.68702,5:0.65498):0.0331573):0.0286605):0.921807);

Position, Posteriors1, Posteriors2, Posteriors3, Posteriors4, Posteriors5, Posteriors6, Posteriors7, Posteriors8, Posteriors9, Posteriors10, Posteriors11, Posteriors12, Posteriors13, Posteriors14, Posteriors15,
0, 0.00013324892931634817, 0.00013324892931634817, 0.40997891563034017, 0.012611928332796602, 0.010822490261707, 0.015411756927166528, 0.2496833238970954, 0.012745588761891725, 0.015054183697200338, 0.01703098750267524, 0.013009913215026094, 0.013300270595249658, 0.01939771093755944, 0.19580436075196173, 0.014882071834796656,
1, 4.3709741009785634e-05, 4.3709741009785634e-05, 0.4104774799303261, 0.01253624954537785, 0.010740936504214486, 0.0153395992433086, 0.24993677818054483, 0.012664341938714145, 0.014981578351677061, 0.016959032528065715, 0.012930013817213858, 0.013220347474402518, 0.01933289699325793, 0.1959858922124068, 0.014807434002307652,
2, 3.975296056805985e-06, 3.975296056805985e-06, 0.41097282972672666, 0.012444538263501396, 0.01064537704470643, 0.015255799592627612, 0.2501870963996846, 0.0125749724141049, 0.014896445224958248, 0.016897775894461186, 0.012840321352079454, 0.013132164258414234, 0.019277370884265916, 0.19614443054279243, 0.014722928013558819,
3, 7.515139643005925e-07, 7.515139643005925e-07, 0.41144554979055653, 0.01234724992484289, 0.010545722282245585, 0.015170639950712887, 0.25042596788263405, 0.012486999887356198, 0.014809266290301562, 0.01683544943935138, 0.012750605510395717, 0.013045101461926448, 0.019219390339406537, 0.19627809382864592, 0.014638460586759121,
4, 7.835173479839115e-07, 7.835173479824862e-07, 0.4119225543657021, 0.012245171764621742, 0.010442666270536196, 0.015085240181249406, 0.25066975504208533, 0.0124012935444596, 0.014721126911302288, 0.01677350675464329, 0.012661778884637669, 0.012960079328903758, 0.01916063435903523, 0.19639952457443963, 0.01455510118696215,
5, 4.7450064228841474e-07, 4.7450064228841474e-07, 0.41244657651417316, 0.012128180979923388, 0.010325288680903552, 0.014990785706816891, 0.2509477157163293, 0.012312858633527225, 0.014622809579021937, 0.016702332783716356, 0.012563607345687719, 0.012867260816808288, 0.01909274608984603, 0.1965304660978521, 0.014468422256497498,
6, 1.603684377565069e-07, 1.603684377565069e-07, 0.41298357995208884, 0.012010154825805232, 0.010207254396988996, 0.014893619255594754, 0.2512262089098752, 0.012218931989488651, 0.01452216882781098, 0.016631828159054524, 0.012463570590881615, 0.012771954212287584, 0.019024809224681437, 0.19666987149400697, 0.01437572762513345,
7, 5.160724275473484e-07, 5.160724275473484e-07, 0.41351020761810164, 0.011895580459641486, 0.010093888963430938, 0.014796068121047588, 0.251495883081929, 0.01212556546235698, 0.014422004877456538, 0.016563399888690516, 0.012365238252169673, 0.012677119120050491, 0.01895770951694221, 0.1968140483563033, 0.014282254337632232,
8, 1.1336857595477981e-07, 1.1336857595477981e-07, 0.41407934476065317, 0.011778231784744162, 0.009975984403384876, 0.014693705239115206, 0.2517947916204896, 0.012025347983196273, 0.014317894596577792, 0.016465332965711867, 0.012260750083727371, 0.012574817103136453, 0.018861364461622714, 0.1969892039712989, 0.01418300449055318,
9, 1.1278404286924637e-07, 1.1278404286924637e-07, 0.4146383241710834, 0.011664276445633141, 0.00986253164314962, 0.014591031359804649, 0.25208500809458495, 0.011925595664487677, 0.014214307882820878, 0.016369538177255477, 0.01215785029544541, 0.012472907088497272, 0.018766065688573433, 0.19716933818669363, 0.014082999935528485,
10, 1.5065757242424466e-07, 1.5065757242424466e-07, 0.41523276537720016, 0.011535991927783413, 0.009737222483268962, 0.014480270275797309, 0.2523962386651511, 0.0118215992555902, 0.01410153441756613, 0.016281077744160207, 0.012048826205880481, 0.012366634468382594, 0.01867667646823472, 0.19734393360933977, 0.013976927986925392,
11, 1.252815647899222e-07, 1.252815647899222e-07, 0.41584578309698605, 0.011401296463941649, 0.009602518105542081, 0.014369598142691373, 0.25272017637888683, 0.011715042120315463, 0.013992478083036285, 0.016187640885031322, 0.011941929688854467, 0.012257604368540337, 0.01858477639887129, 0.19751004627758426, 0.013870859627906532,
12, 8.268367771638028e-08, 8.268367771638028e-08, 0.4164647497888814, 0.011266199124317502, 0.009466423874237994, 0.014257844209787544, 0.2530501597182262, 0.011606811787888806, 0.01387925862809961, 0.016093095918146585, 0.011828890138455289, 0.012146573357551304, 0.018493244905084957, 0.19768203541252832, 0.01376454796886309,
13, 5.960301681270252e-07, 5.960301681270252e-07, 0.4170792784168482, 0.011131423086798924, 0.009332176245260218, 0.014145886133083494, 0.25337666877005877, 0.011500082033084965, 0.013766027100206765, 0.016000342194836786, 0.011717471516974684, 0.012036950251868768, 0.01840206282559335, 0.19785214638865417, 0.013658293174536306,
14, 1.2087504072131043e-07, 1.2087504072131043e-07, 0.41757606107995043, 0.011026247333657927, 0.009224635621169312, 0.014055960215212127, 0.2536516685423031, 0.011412086522507806, 0.01367116086411449, 0.015917270596272043, 0.011619292971598884, 0.011945381927263203, 0.018323632722892974, 0.19800246383730885, 0.013573896212545681,
15, 1.0342361717971331e-07, 1.0342361717971331e-07, 0.4180636298131743, 0.010924140778751763, 0.009121163649068167, 0.01396571957375521, 0.25391845557884435, 0.01132448378178166, 0.013576763911011, 0.01583621774175128, 0.011522602271792474, 0.011854150317467508, 0.01824608849271184, 0.19815760114582617, 0.013488776292591504,
16, 3.805025242612713e-07, 3.805025242612713e-07, 0.4185427083425836, 0.010824974411703802, 0.009021500043471815, 0.01387514814162345, 0.25417754567747863, 0.01123714955314126, 0.013482793108532834, 0.01575700541026995, 0.011427238406814684, 0.011763140302324379, 0.01816935958451156, 0.1983177777012616, 0.01340289850577211,
17, 2.9206644672455254e-06, 2.9206644672455254e-06, 0.41901867687028554, 0.010725658032872844, 0.0089226920160184, 0.01378410367275246, 0.25443395060943813, 0.011150574078609156, 0.013388487691765299, 0.015678836759444773, 0.011332729564313491, 0.011672819360770793, 0.01809260338212695, 0.19847628482465624, 0.013316742001845744,
18, 3.57199190137058e-06, 3.57199190137058e-06, 0.41955425799224466, 0.010604498422894883, 0.008808532771618133, 0.013676707768671872, 0.2547269463515165, 0.011057978628410578, 0.013276104300902048, 0.01560672131412515, 0.011228111644153905, 0.01157493569275917, 0.018018199606668034, 0.19863966735126626, 0.01322019436479577,
19, 1.768782149915274e-06, 1.768782149915274e-06, 0.4201321811693429, 0.010476336531771087, 0.00869170432026988, 0.013556503563462212, 0.2550383040413457, 0.010954834752203196, 0.01315167047340287, 0.015530928407297279, 0.011116981325535435, 0.011469467901049638, 0.017935128437134684, 0.19883461042478276, 0.013107811282913297,
20, 8.60698715640103e-07, 8.60698715640103e-07, 0.42072940572772044, 0.010345457199330738, 0.008573778420643257, 0.013429332725653336, 0.2553598558438386, 0.010846634323872787, 0.013021044316308149, 0.015449707810467207, 0.011001663068740066, 0.011358782494873572, 0.0178446358482037, 0.19904969775042447, 0.012988283266897624,
21, 5.37868294649253e-07, 5.37868294649253e-07, 0.42129564526308605, 0.010229027488922049, 0.008467585373154991, 0.01330362701358357, 0.25566471393397944, 0.010737065145656149, 0.012890893100261968, 0.015364872568170741, 0.010883520574582958, 0.011246628325146628, 0.017752695571429, 0.1992927911904538, 0.01286985890998707,
22, 7.88220164608714e-08, 7.882201646072803e-08, 0.42189825058112834, 0.010103148857604886, 0.008354210853171036, 0.013166787584556751, 0.25599026476928755, 0.010619522276392868, 0.012749540166186584, 0.015280359143148556, 0.010757012634516028, 0.011126268722257943, 0.01765950175405936, 0.19955384885508776, 0.012741126352465767,
23, 1.3429274405097018e-07, 1.3429274405097018e-07, 0.42249633847699974, 0.009977604537855237, 0.00824242792942846, 0.013029873695279094, 0.2563122765677477, 0.010503615201422803, 0.012608336849085706, 0.015197555163060384, 0.01063231516626283, 0.011007449611289102, 0.01756670910569621, 0.1998126338528119, 0.01261259545194781,
24, 6.359875599306603e-08, 6.359875599306603e-08, 0.4231251861037501, 0.009847359368122971, 0.008127691796890818, 0.01288641325414255, 0.2566570596065732, 0.010383970059281454, 0.012460791646381204, 0.015098145502095489, 0.010503590201756221, 0.010884383152767354, 0.01745406729177153, 0.20009316260780788, 0.01247805240465116,
25, 1.277737912043227e-07, 1.277737912043227e-07, 0.42374358409268886, 0.009720658901592443, 0.008017168810167846, 0.012742691950033422, 0.25699265643291874, 0.010264853209064001, 0.012313995023202058, 0.015000978594844136, 0.010376669968967696, 0.010761771705403295, 0.017342563166116588, 0.20037943460317234, 0.012342718186748591,
26, 1.0196652045117911e-07, 1.0196652045117911e-07, 0.4243610590342832, 0.00959676926450592, 0.007907777879819028, 0.012598261026752553, 0.2573262472037148, 0.010142714242544131, 0.012166474940268773, 0.014902571677185589, 0.010246659396153289, 0.010635979829874399, 0.017231388009712873, 0.2006780795887295, 0.012205814165829198,
27, 1.206109814008728e-07, 1.206109814008728e-07, 0.4249601401892527, 0.009480014086451763, 0.007803983360264657, 0.012455926167352954, 0.25765137887948, 0.010021178320303544, 0.012019968288646826, 0.014802280306436115, 0.010115683437619807, 0.010510719132159601, 0.017119650551363438, 0.2009876929150627, 0.012071143334736974,
28, 1.1511188354598906e-07, 1.1511188354598906e-07, 0.42557891601007497, 0.009356468574008046, 0.00769113218187817, 0.012313763176578412, 0.2579907788120914, 0.009897000278425716, 0.011878196385640053, 0.014696465272506698, 0.009987614043777604, 0.010382560691373856, 0.017004954917327585, 0.20128519585663762, 0.011936723765117403,
29, 5.839694423994179e-07, 5.839694423983556e-07, 0.42619423224548614, 0.009233101489317882, 0.0075794773864409715, 0.012171493090787586, 0.25832734493170867, 0.009774144232626885, 0.011736476829652658, 0.014592175762112409, 0.009860942133676753, 0.01025565279994459, 0.01689061715343609, 0.2015807525904901, 0.011802421603256851,
30, 1.1356952028482519e-07, 1.1356952028482519e-07, 0.42685303471149993, 0.009105536379122665, 0.007462450622856286, 0.012021807853493157, 0.2586921410573363, 0.009642213888371753, 0.011588336805069275, 0.014464716664216073, 0.009726095061460773, 0.010119115013901068, 0.016752847345998145, 0.2019117536921549, 0.01165972395326252,
31, 2.1016993885585013e-07, 2.1016993885585013e-07, 0.4275189466470376, 0.008972903687949473, 0.00734204083747418, 0.011872129191267023, 0.2590640555720438, 0.00951316745194757, 0.011439283749792596, 0.014338018016275687, 0.009592504993018666, 0.00998527074022595, 0.016614397997569568, 0.20222816007015343, 0.011518700891760181,
32, 1.7099808639775377e-06, 1.7099808639775377e-06, 0.4281729248398374, 0.008843734338274466, 0.007226031072581452, 0.011721943108468526, 0.2594255820504114, 0.009384705322584173, 0.011290774697840626, 0.014214018086496475, 0.009460805256988216, 0.009851922838296322, 0.016477176267833574, 0.20255027844568196, 0.011376683899829083,
33, 2.0240637976886324e-06, 2.0240637976886324e-06, 0.42872404619926807, 0.008733526635358896, 0.0071241156967706545, 0.011603322757886336, 0.2597005307843309, 0.00927916698938865, 0.011176645032511949, 0.014131962675292072, 0.009358132625008442, 0.00974381990386523, 0.016388764291762347, 0.20276850762784435, 0.011263410839948305,
34, 2.2980781756896997e-06, 2.2980781756896997e-06, 0.4291548801345396, 0.00865069649700541, 0.007045416965596236, 0.011512742174578724, 0.2599032600096987, 0.009195217269573756, 0.011089894477163565, 0.014070626288660435, 0.009277379403882123, 0.009658066624447148, 0.016324922025205, 0.20293647693505226, 0.011175825224560532,
35, 6.850568408321487e-07, 6.850568408309026e-07, 0.42961437741262, 0.008565564874084067, 0.0069671132771618755, 0.011412976793487175, 0.26011098322260096, 0.009100019345789906, 0.010995554839010985, 0.014009523843237804, 0.009192978268155226, 0.009566683124510662, 0.016256834350339807, 0.20313386561629992, 0.011072155105611985,
36, 2.4666551088359453e-07, 2.4666551088359453e-07, 0.4300583821486595, 0.008484294233189325, 0.006891169940692427, 0.011317107379030586, 0.26030764963225655, 0.00900634392935783, 0.010905592943090113, 0.013950968251646654, 0.009110858233561898, 0.009476734623191287, 0.01619284721545424, 0.20332595601460596, 0.01097160231183059,
37, 4.3360977603212246e-07, 4.3360977603133377e-07, 0.43049468814116326, 0.008405330005517622, 0.006818074215027979, 0.011220912049416673, 0.26049754916239565, 0.008912944638441986, 0.01081597363067549, 0.013893888295824773, 0.009029810072002676, 0.009386976052599631, 0.016129517573575725, 0.2035231489259349, 0.010870320205534696,
38, 5.4994409690040913e-08, 5.4994409690040913e-08, 0.4307816354774361, 0.008356646071292025, 0.006770976812425127, 0.011155386114185213, 0.26062718515554684, 0.008847128430771106, 0.010753390885804149, 0.01384893415051214, 0.008969587396634981, 0.009322439331949447, 0.01608240362830469, 0.2036825041975995, 0.010801672546712018,
39, 1.917488242521381e-08, 1.917488242521381e-08, 0.4310622900267048, 0.008309694246586053, 0.006726167977219417, 0.011089482340206843, 0.2607507909615577, 0.008781622054395397, 0.010691015582779984, 0.013805472873950522, 0.008910381221812445, 0.00925813674788423, 0.016035889610092394, 0.20384665255771503, 0.01073236563491962,
40, 1.0931973450909547e-07, 1.0931973450909547e-07, 0.4313485547873096, 0.008259446250199382, 0.006679151339791894, 0.011023688894211953, 0.26088041952438795, 0.008718331712853265, 0.01062808010125196, 0.01376259063573545, 0.008852102765200123, 0.009195873783148865, 0.015988933519487276, 0.2039982170332804, 0.010664391199618253,
41, 2.691073690935744e-07, 2.691073690935744e-07, 0.4316376928435157, 0.00820600994852299, 0.00662834705773263, 0.010961734387405404, 0.2610117954858923, 0.00865796789191368, 0.010568992147401415, 0.013722988884344044, 0.00879665483555443, 0.009136426005281646, 0.01594649402859589, 0.2041238034172455, 0.010600555038227273,
42, 5.641153922610807e-07, 5.641153922600546e-07, 0.4319393708644965, 0.008150882228299376, 0.006576828322478167, 0.010895048604317854, 0.26114979059758675, 0.008594029774408483, 0.010505881447564267, 0.013679297841397854, 0.00873847340404745, 0.009073337943688765, 0.01589843911377022, 0.2042658285056059, 0.010531663307975019,
43, 9.62294983468895e-08, 9.62294983468895e-08, 0.43225931135320694, 0.008094209013508222, 0.006522258302395257, 0.01082402548940667, 0.2612987480069786, 0.008523144807977376, 0.01043675383511753, 0.01363069270065263, 0.008671502238648094, 0.009003419845953532, 0.015847580150689655, 0.20443040374283805, 0.01045775824097723,
44, 4.311318126795632e-08, 4.311318126795632e-08, 0.432572899108661, 0.008039352885112637, 0.006470000897355331, 0.010752668248079938, 0.261441678234657, 0.008452488081862082, 0.010367872876661044, 0.013583473624976057, 0.008605487143436103, 0.008933664561244087, 0.015797309279862552, 0.20459981825918352, 0.010383200760012175,
45, 1.3886026248587526e-07, 1.3886026248587526e-07, 0.4328845412398007, 0.007984548613268376, 0.006418445744993596, 0.010681180793764082, 0.2615828828489792, 0.00838272320768472, 0.010298968044633447, 0.013537301848737223, 0.008540358997843113, 0.008864721033712667, 0.0157472523067392, 0.20476810867018616, 0.010308689118179962,
46, 3.932481387997755e-08, 3.932481387997755e-08, 0.43322620477749185, 0.007927622479928776, 0.0063657317498486505, 0.01060370758501089, 0.26174512731341515, 0.008308251265320801, 0.010224941907624064, 0.01346812604082454, 0.008471439346839934, 0.008790842876446943, 0.01567092990003212, 0.20496935071118375, 0.010227645585241482,
47, 4.0883024242104314e-08, 4.0883024242104314e-08, 0.43356588786293293, 0.007870746988194524, 0.006313682651923415, 0.010526126654389647, 0.26190563401787015, 0.00823466247698355, 0.010150907822097587, 0.01340013226999511, 0.008403386193296452, 0.008717771615618264, 0.015594917302941203, 0.20516939335976753, 0.01014666920455538,
48, 2.798713458590185e-07, 2.798713458590185e-07, 0.43391070718531877, 0.007810813041198525, 0.00625962507880933, 0.010448588856511867, 0.26207154467181254, 0.008163065828754942, 0.010076327560597592, 0.013332756573054895, 0.008336183164903492, 0.008646523462967124, 0.015518499592002235, 0.20535792014602405, 0.010066885280475632,
49, 3.541301722483644e-08, 3.541301722483644e-08, 0.43412896781263993, 0.007775965044515658, 0.006226641470526639, 0.010396986005003838, 0.2621843751843286, 0.00811384923860848, 0.010025047771088381, 0.013278248686285625, 0.008286767982233035, 0.008596238540964685, 0.015459358537522935, 0.20551328087755447, 0.01001420220912272,
50, 9.137850408841186e-08, 9.137850408841186e-08, 0.43435238111561797, 0.007738218593050515, 0.006191731843055107, 0.010345478819483616, 0.2623029725717908, 0.008066513323631137, 0.009973273049986225, 0.013224380907718814, 0.008238186947851662, 0.008547724175590101, 0.015399829174163104, 0.20565646432278362, 0.009962662584965427,
51, 2.4186692827539144e-08, 2.4186692827539144e-08, 0.43458469883264256, 0.007699491846359334, 0.006156534328097889, 0.010290365372661963, 0.262426458117442, 0.008016478096684612, 0.009918400549353855, 0.01316673742270393, 0.008187483988555486, 0.008496418371895473, 0.015335106283850248, 0.20581452568697542, 0.009907252915401824,
52, 5.1642622444181033e-08, 5.1642622444181033e-08, 0.4348216128322333, 0.0076582145027915905, 0.006119669929978958, 0.010235300445796581, 0.26255499033951046, 0.007968058611982286, 0.009863084769813155, 0.013109692238678495, 0.008137516225114567, 0.008446621738631727, 0.015270064898523986, 0.20596225151271116, 0.009852818854787811,
53, 4.022871429329452e-07, 4.022871429329452e-07, 0.4350630080625682, 0.007614427668320845, 0.006081146061513398, 0.010180218458450593, 0.26268838896530367, 0.00792107881246639, 0.009807283344326933, 0.013053123121075292, 0.008088163966846047, 0.008398165020111228, 0.015204644575476897, 0.20610030722262485, 0.009799240331776878,
54, 3.8242890209820696e-07, 3.8242890209820696e-07, 0.4352929164522742, 0.007572135668944131, 0.006042521367360318, 0.010130895582957622, 0.2628081089427424, 0.007877142968303828, 0.009759023257413393, 0.01300584249383162, 0.00804469160955895, 0.00835326346220562, 0.015151360850473968, 0.2062105506740473, 0.009750781997295559,
55, 4.0635109961266645e-07, 4.0635109961266645e-07, 0.43553144596628107, 0.007528829875585475, 0.006003592075567482, 0.010078085415860142, 0.26293249508092975, 0.007830634532551613, 0.009707802704264072, 0.012955007437550655, 0.007999232508712437, 0.008305703598168724, 0.015093152440382174, 0.2063345987056756, 0.009698607142176954,
56, 6.836706636985378e-07, 6.836706636985378e-07, 0.43576864875166066, 0.007486846884804363, 0.005965164410425109, 0.010024851622981962, 0.2630550140909781, 0.007782485806562006, 0.009656158281238636, 0.012903349120515417, 0.007952157551147306, 0.008256420243823863, 0.015035131693375572, 0.20646685058654107, 0.009645553801284337,
57, 2.913288762003645e-07, 2.913288762003645e-07, 0.43598650458207894, 0.0074487520852603295, 0.005929439053165714, 0.009974520739559763, 0.2631754042190447, 0.007738137251859441, 0.009606385855230317, 0.012849436989050252, 0.007905216413327495, 0.008208502747501142, 0.014976537395867065, 0.2066028060494513, 0.009597774146044714,
58, 1.2864905272378688e-07, 1.2864905272378688e-07, 0.4362029918834557, 0.007411922499957353, 0.005894198817270189, 0.009923779726969884, 0.263293912830721, 0.007692189573109135, 0.009556201093798249, 0.012794701156545737, 0.007856661845430813, 0.008158876689750872, 0.014918136303689806, 0.20674702147100618, 0.009549148995461243,
59, 3.8000608647686785e-08, 3.8000608647686785e-08, 0.43643528413992544, 0.007369334206407868, 0.0058545084495645406, 0.009869010617441583, 0.2634228472095248, 0.007644296363829102, 0.009501518329125394, 0.012744072112926594, 0.007805284000727065, 0.008107212274367392, 0.014863058201130562, 0.20688597011817936, 0.009497528159135545,
60, 1.4354509385259005e-08, 1.4354509385259005e-08, 0.43666253304802755, 0.007328244049559678, 0.005816656895371773, 0.009813937491811094, 0.2635465050836846, 0.00759648976156782, 0.009447021214086115, 0.0126947227395774, 0.007754630192061549, 0.008055606554775373, 0.01480856598623206, 0.20702973238311054, 0.009445326074927303,
61, 6.639541930758296e-08, 6.639541930758296e-08, 0.43689522439386935, 0.007284201199443467, 0.0057768565149298335, 0.00975895066399282, 0.2636761324781054, 0.007550482159025017, 0.00939201908037228, 0.012645959934547198, 0.007704784455401606, 0.008005733889069515, 0.014753675428707464, 0.20716162534669688, 0.009394221848553904,
62, 3.343284115320749e-08, 3.343284115320749e-08, 0.43713224459255545, 0.0072397996628618495, 0.005735384609761815, 0.009703715006120371, 0.2638087431938453, 0.007502402481919578, 0.009337583485100897, 0.01259484544114038, 0.007653852457988721, 0.007953627183789164, 0.014698190316451597, 0.20729702623623283, 0.009342518650759133,
63, 3.812668402907691e-08, 3.812668402907691e-08, 0.4373642306870827, 0.007196920394776655, 0.005695769613579366, 0.009648180888207732, 0.26393608558131765, 0.007454396584926416, 0.009283333195576192, 0.012544993144398489, 0.007603624811750378, 0.007901570042783548, 0.014643287213755709, 0.20743729644166523, 0.009290235331238298,
64, 1.5948322708408727e-07, 1.5948322708408727e-07, 0.4375948340408776, 0.0071540564820057415, 0.005656677179716029, 0.00959251517707695, 0.2640620266206034, 0.007407008044210943, 0.009229036859966726, 0.012496093722405751, 0.007554060166308084, 0.007850108799919832, 0.014588604668248817, 0.20757671750902335, 0.009237941946774408,
65, 1.6541052087729013e-07, 1.6541052087729013e-07, 0.43783425116312463, 0.0071103570892457335, 0.00561703417580877, 0.00953342885763815, 0.26419011809440746, 0.007356088390726526, 0.00917185410678172, 0.01244531285416576, 0.007502001822791316, 0.007795350120536811, 0.014531438386854317, 0.2077310193387574, 0.009181414960382644,
66, 1.2907238790762464e-07, 1.2907238790762464e-07, 0.43807590531461144, 0.007067818297825929, 0.005577374120191515, 0.009473476734445091, 0.26432024514712127, 0.007302731711647697, 0.00911073564580827, 0.01239301860781074, 0.00744342809960656, 0.007737914192293935, 0.014474638980603026, 0.20789848169763092, 0.009123973487553587,
67, 8.178295030815762e-08, 8.178295030815762e-08, 0.4383163445441126, 0.007026563631480977, 0.005538220164946187, 0.009413085237657286, 0.2644485640180921, 0.007247706054054743, 0.009049175208786299, 0.012339927512189375, 0.007383149677560085, 0.007678695875851035, 0.014418015557993621, 0.20807475533476927, 0.00906563379939867,
68, 3.5935759975368104e-08, 3.5935759975368104e-08, 0.43855591523345866, 0.006986573900898719, 0.005499471383835331, 0.009352192205724376, 0.26457526126159603, 0.007190799221568061, 0.008987097866979703, 0.012285865801595327, 0.007320914544583997, 0.0076174515786061, 0.014361533196614774, 0.2082605391045997, 0.009006313009710012,
69, 1.055437522602801e-07, 1.055437522602801e-07, 0.43879388457195345, 0.006946595972376418, 0.005461274707446535, 0.009291175559545433, 0.26470039793265676, 0.007134627231334679, 0.008924999851019357, 0.01223285697416874, 0.007259497042951656, 0.007556919070599623, 0.014305295545051635, 0.20844525598090383, 0.008947008653253118,
70, 5.788476891178423e-08, 5.788476891178423e-08, 0.43904118339557074, 0.006905541728934214, 0.0054226818868647235, 0.009226238208470955, 0.2648305817730488, 0.007075491268159213, 0.008859485603587078, 0.012176040544147535, 0.007195627635112049, 0.00749324255824087, 0.0142439220942241, 0.20864628605010435, 0.008883561664569006,
71, 2.4492531924279974e-07, 2.4492531924279974e-07, 0.43928680279885246, 0.006864489112775081, 0.005384627350215328, 0.009161168729429271, 0.26495914551131355, 0.007017094437485453, 0.008793943391748655, 0.01212028723306516, 0.007132574796649731, 0.007430282231869492, 0.014182796100558653, 0.2088461712759605, 0.008820127361364897,
72, 3.729113141659656e-08, 3.729113141659656e-08, 0.4395453831534843, 0.006823583766186069, 0.0053465755520224435, 0.009092890811220278, 0.2650859300703701, 0.006950413765451601, 0.00872592554205017, 0.012064017943083758, 0.007066845330683454, 0.0073634949767282555, 0.014120716897630496, 0.20906614136673982, 0.008748006422636165,
73, 1.60811679094637e-08, 1.60811679094637e-08, 0.43979809739211945, 0.006784151469770773, 0.005310428896179217, 0.009024228436421772, 0.265206827331053, 0.006883995671453141, 0.008658096157943294, 0.012009255785912469, 0.007002091336840662, 0.007296905740057041, 0.014059272619422636, 0.20929138915886739, 0.008675228022698359,
74, 8.604551326970748e-08, 8.604551326970748e-08, 0.4400562081211559, 0.006741862438305249, 0.005272417923788406, 0.008955792550746772, 0.2653337481110541, 0.006819773505545597, 0.008589847989091886, 0.011955191393776494, 0.0069383555632692145, 0.007232367223286829, 0.013997520678453163, 0.20950288091077607, 0.008603861680692708,
75, 7.083272553375244e-08, 7.083272553375244e-08, 0.4403304220433413, 0.0066975423614990945, 0.005233180118307925, 0.00888376323332809, 0.26547399860746146, 0.006753396177325889, 0.008518221004374852, 0.0118896064236452, 0.006872430661216626, 0.007165400745165563, 0.013921869908271088, 0.2097310595554999, 0.00852896767751937,
76, 2.43821904631522e-08, 2.43821904631522e-08, 0.44060387143657165, 0.006654479881257303, 0.005194306116698696, 0.00881113475430836, 0.2656126160653193, 0.00668491622511955, 0.008445983371055135, 0.011822914158814727, 0.006804409161187573, 0.0070962332397422655, 0.013846312434214199, 0.2099698553741081, 0.008452919199229818,
77, 6.463884777900898e-08, 6.463884777900898e-08, 0.44088204562252564, 0.006608889282375293, 0.005153800694394136, 0.00873866497895739, 0.265756466934275, 0.006618342186471683, 0.008373364423359623, 0.011756923750818766, 0.006737299824129224, 0.007028837465966303, 0.013770514149917621, 0.21019663825737817, 0.00837808333229455,
78, 3.494197923338449e-07, 3.494197923338449e-07, 0.44115455689138233, 0.006564776250623946, 0.005115106908057175, 0.00866581545774159, 0.2658945529691784, 0.00655189584404835, 0.008300926326869826, 0.011692365106332111, 0.006671019348980518, 0.006961517685098003, 0.013695365063553702, 0.210428840383847, 0.008302563105236355,
79, 9.064415625415795e-08, 9.064415625415795e-08, 0.44145373663567883, 0.006512318523479744, 0.005067399731878296, 0.008594840638248533, 0.26604886693659596, 0.006485459833820234, 0.008230902903056133, 0.011628344465687708, 0.006605365535097125, 0.006894050720510573, 0.013622888020003093, 0.21062673230931153, 0.008228912637874881,
80, 1.302795188817963e-07, 1.302795188817963e-07, 0.4417469237643533, 0.006461475881795101, 0.005021674215272324, 0.008523546354331935, 0.2661972545016669, 0.006419204996330264, 0.008161106197102022, 0.011565780646656055, 0.006540575758371484, 0.0068267153261315295, 0.013551097386294737, 0.21082973991982962, 0.008154644669925755,
81, 2.8960192730391472e-08, 2.8960192730391472e-08, 0.4420489548443443, 0.006409952698664764, 0.004975491128037101, 0.008450166702305821, 0.2663452905678364, 0.006349000248735176, 0.008089553672855432, 0.011503563700599906, 0.006474410935957515, 0.006757513007629722, 0.0134790559176816, 0.2110412771842489, 0.008075711647471062,
82, 7.384661449223145e-08, 7.384661449223145e-08, 0.4423487926868997, 0.006358495829336591, 0.004930007832321232, 0.008376687396220297, 0.26649138631299035, 0.006279770664471204, 0.008018015766767094, 0.011442624273287454, 0.006409217768995938, 0.006689202773257678, 0.013407365112274727, 0.21125140352629324, 0.007996882540435133,
83, 7.04817972961503e-07, 7.04817972961503e-07, 0.44265345029268277, 0.006304309500324183, 0.004882760004209284, 0.008303232346859918, 0.2666426776701218, 0.006212307701440822, 0.007945968231692248, 0.01138221783281522, 0.0063447743356475905, 0.006622500305327978, 0.013335289571002462, 0.2114499627628483, 0.007919139985733167,
84, 6.675581981155772e-07, 6.675581981155772e-07, 0.442930189473722, 0.006256747058009195, 0.004840384443821276, 0.008235349709052943, 0.2667812480064832, 0.006148408591540392, 0.00787604135903066, 0.011326101577754098, 0.006279366860749807, 0.006559140903560848, 0.013270176259456827, 0.21164812958817772, 0.007847381228057056,
85, 3.8108325803133125e-07, 3.8108325803133125e-07, 0.4432265450446485, 0.006206840709638933, 0.0047947084719561625, 0.008163177554152284, 0.2669303166430951, 0.00607805686881776, 0.00780209747054086, 0.011263575005644743, 0.00620810033782131, 0.006489432419861112, 0.013199804398628369, 0.2118664191685129, 0.007770163915720251,
86, 2.9844729174426053e-07, 2.9844729174426053e-07, 0.4435278393632764, 0.0061564758372595, 0.004747230265346069, 0.00809061901161583, 0.26708258239965876, 0.006005162305872577, 0.0077286738870006155, 0.011198409292264688, 0.006135480676879258, 0.006417086998907493, 0.013128671372509077, 0.21208904326507905, 0.007692128606533473,
87, 2.149104221001644e-07, 2.149104221001644e-07, 0.44383382293079987, 0.006105714312551719, 0.004698065771061848, 0.008017766668886204, 0.2672378383809182, 0.005929890573905553, 0.00765585051975861, 0.01113076358705255, 0.006061707437354169, 0.0063422873073290705, 0.013056840372011564, 0.2123156601986678, 0.007613362295303444,
88, 8.831374727273247e-08, 8.831374727273247e-08, 0.4440764806061142, 0.006066717424394418, 0.004658602515428013, 0.007964588541196378, 0.26734397070236277, 0.005871412222020448, 0.0076030901008191255, 0.01108579494777373, 0.006006104105154425, 0.0062851690551522215, 0.013010956656776077, 0.21247265994232836, 0.007554276729749535,
89, 3.5375291041542696e-07, 3.5375291041542696e-07, 0.444313596092108, 0.006029077185114776, 0.004620945987131733, 0.007911060401528336, 0.2674445912548256, 0.00581315781585728, 0.0075504603702778355, 0.011042139405466923, 0.005951329248663064, 0.0062282119086430505, 0.012965594890243374, 0.21263451672826716, 0.007494611382048639,
90, 7.815786647731344e-08, 7.815786647731344e-08, 0.44453018252333293, 0.005995154151909396, 0.004585972699546289, 0.007860495974937704, 0.2675427074837102, 0.005758982880348472, 0.007499834218269699, 0.010996603964740967, 0.005896946186293301, 0.006172865910873581, 0.012919895333517182, 0.21279983188795862, 0.0074403706447034425,
91, 1.3453450913895417e-07, 1.3453450913895417e-07, 0.4447452122717237, 0.005961224260229009, 0.0045514774970570136, 0.007809801836081809, 0.2676393541177933, 0.005705468795942495, 0.007449163916591401, 0.010951988911603355, 0.005843256707751021, 0.0061181384227230635, 0.012874389623325861, 0.21296411838839446, 0.007386136357071523,
92, 2.8069976689185593e-08, 2.8069976689185593e-08, 0.4449764836332721, 0.005923352537847929, 0.004513942686110622, 0.007753733699036747, 0.267745485005894, 0.005647793667851811, 0.007393249940952477, 0.010907590816453903, 0.005785398327700162, 0.006059112530803036, 0.012828173472557037, 0.21313902091716755, 0.007326606800500227,
93, 7.076946158341061e-08, 7.076946158341061e-08, 0.44520599983534065, 0.005885507153439289, 0.004476996571681764, 0.007697549096464449, 0.26784998531069193, 0.005590927399103497, 0.007337319201375201, 0.010864246212494664, 0.005728388487759329, 0.006000850102326589, 0.012782193085439748, 0.213312772217845, 0.007267123963340225,
94, 1.4719257140814438e-07, 1.4719257140814438e-07, 0.4454432427292293, 0.005845417784274094, 0.0044372901858961864, 0.007641631409316077, 0.26796088328016415, 0.005533723932758981, 0.007282504777157576, 0.01081919409416263, 0.0056720868019116575, 0.005942181448610728, 0.012735232065828944, 0.21347824488641132, 0.007208072395129792,
95, 5.926501255487622e-08, 5.926501255487622e-08, 0.4457014567769124, 0.00580308998272801, 0.004396119153706635, 0.007580321940007945, 0.2680859834678973, 0.0054721076409138016, 0.007222932511345646, 0.010760829002853432, 0.005612003632601873, 0.005878857192629856, 0.012672847262366302, 0.21367011680492637, 0.0071432162755873775,
96, 2.8910987342439203e-07, 2.8910987342439203e-07, 0.44596425264018597, 0.005758379069252221, 0.004353376943414495, 0.007519067847959425, 0.26821610442634425, 0.005412111079611595, 0.00716294746384764, 0.010703024599326113, 0.00555264987540764, 0.005817054502007354, 0.012610161609644403, 0.2138509625817128, 0.0070793293142088825,
97, 1.6549723584281538e-07, 1.6549723584251434e-07, 0.4461444310987961, 0.005731028354073269, 0.0043249474515606135, 0.007484432322583573, 0.2682717148830846, 0.005373642237715045, 0.007130140543886123, 0.010678540087046889, 0.005517498629969297, 0.0057786756582192305, 0.0125856092463568, 0.2139379963649499, 0.00704101229997795,
98, 1.5185338962732685e-07, 1.5185338962732685e-07, 0.44633842780695676, 0.005699033749513907, 0.004292897884812638, 0.007446643366183741, 0.26833594117654447, 0.005333526333264121, 0.0070938796347272326, 0.010657145344816484, 0.005480126320372058, 0.005738621952709803, 0.012563570599355428, 0.21401965184173466, 0.007000230455351611,
99, 1.6972955015046697e-07, 1.6972955015015822e-07, 0.44653106104100426, 0.005668068836899949, 0.004261256462303768, 0.007408526698367445, 0.26839836171678055, 0.00529212626764878, 0.007057293704422356, 0.010635162276147666, 0.005441515137566338, 0.0056972297525638245, 0.012541676796310651, 0.2141086203600262, 0.00695876166286034,
100, 1.9426675735485357e-07, 1.9426675735485357e-07, 0.4467125845043408, 0.005640572442795778, 0.004232014822367017, 0.007371922927744473, 0.268453149988162, 0.005250705379451047, 0.00702218494497332, 0.010613194895696353, 0.005402908968142096, 0.005655800607770917, 0.012521119699685607, 0.21420499008312222, 0.006918462373820624,
101, 4.408300510096582e-08, 4.408300510096582e-08, 0.4469087386751129, 0.005611661663988721, 0.004201904889427833, 0.007331616876566748, 0.2685180473703629, 0.0052062179716088125, 0.006983883102345723, 0.010580913705121842, 0.005361780959204153, 0.005611155184100734, 0.012488702974900664, 0.21432117099262032, 0.006874117639566498,
102, 5.3600877967886253e-08, 5.3600877967886253e-08, 0.4471038013158134, 0.005582730670091228, 0.004172175569336839, 0.007291190598047091, 0.26858188003510053, 0.0051622451168160536, 0.006945519493830725, 0.010549365475752383, 0.005321160015962057, 0.005566987434982053, 0.012456426743491953, 0.21443664668581577, 0.006829763815570526,
103, 2.4527736283446637e-08, 2.4527736283446637e-08, 0.44730069194610633, 0.005553599961293089, 0.004141911289057121, 0.007250218704358938, 0.26864840819990643, 0.0051174490591240455, 0.006905241020363871, 0.010517226232586118, 0.005277777292567589, 0.00552184953864137, 0.01242433057990942, 0.21455600932922803, 0.006785237963424515,
104, 8.400720175586139e-08, 8.400720175586139e-08, 0.4475017592344627, 0.005522553162792675, 0.004110363833301318, 0.007209251370501449, 0.26871942627126605, 0.0050738500869121185, 0.0068646081566746345, 0.010485457047994456, 0.005234907227749529, 0.005477823313961804, 0.0123919572661589, 0.21466646438053294, 0.00674141080275029,
105, 2.5934342459488873e-08, 2.5934342459488873e-08, 0.4477101348702351, 0.005490849945746799, 0.004078332793496476, 0.007166673000582645, 0.26879003174777705, 0.005027313514916263, 0.0068225845978282865, 0.01045377635812915, 0.005190895278924903, 0.005432314405762703, 0.012359231307779243, 0.21478358348922094, 0.006694226991076967,
106, 6.453647759677231e-08, 6.453647759665493e-08, 0.44792274089703116, 0.005457189714384496, 0.004044995704648512, 0.007124095164985487, 0.26886515010015316, 0.004981988473197921, 0.006780198326701446, 0.010422457525921724, 0.005147391486508851, 0.005387911356140495, 0.012326221062334048, 0.21489177619234776, 0.0066477550930001865,
107, 3.6107238324391096e-08, 3.6107238324391096e-08, 0.4481340813349666, 0.005424558375972908, 0.004012055227597416, 0.007081167537693178, 0.26893849381597634, 0.004935313758502335, 0.006737462827534447, 0.010390511436910608, 0.005102575957257807, 0.005342113657049693, 0.012293353677104107, 0.21500768422949387, 0.006600556117505483,
108, 3.4287953877983277e-07, 3.4287953877983277e-07, 0.44835051540033144, 0.005389508616041633, 0.003977499416358546, 0.0070382618383690275, 0.26901730767201565, 0.0048901254093046504, 0.006694281194929382, 0.010358989082624613, 0.005058378839687424, 0.005297689681270056, 0.012260114676338888, 0.21511240893466407, 0.006554233647337345,
109, 2.020090766992037e-07, 2.020090766992037e-07, 0.4484841992334364, 0.0053709668016367704, 0.003956789371733686, 0.007012835399503195, 0.2690548891862265, 0.004859643369487511, 0.006667719836963211, 0.010340118272289464, 0.005027681349094255, 0.005267719640027646, 0.012242475100561336, 0.21518908611485757, 0.006525472475744943,
110, 2.9313289825614934e-08, 2.9313289825561614e-08, 0.4485754880334423, 0.005360713590798807, 0.003942911525009561, 0.006996220183228329, 0.2690739387511418, 0.004836811809926519, 0.006649185167677989, 0.010326256791938526, 0.005003328831505173, 0.005245021964168124, 0.01223145748617885, 0.21525266381388472, 0.006505943594009483,
111, 4.535616239713647e-08, 4.535616239713647e-08, 0.4486658082072116, 0.005350431125506097, 0.003929391541531389, 0.006979454398298845, 0.2690919090704577, 0.004814415348969398, 0.006630568024007084, 0.010313150899219598, 0.004979450744120879, 0.005222730526709279, 0.012220573716202762, 0.21531565945174966, 0.006486366403458848,
