Optimize time:19.826827048924233
Begin Prob:-13623.801990916958
End Prob:-13598.854602230598
Substitution parameters:[0.21746734333461748, 0.2545816920454326, 0.26912124153473854, 0.2588297230852114, 1.8009499186655022]
Trees:
((3:639.3205856818779,(4:636.2149687723561,5:560.4815716607368):531.6571174187679):618.0344132161705,(1:618.0427086001675,2:636.2149687723561):560.7129619735553);
((4:547.1373167632502,(3:636.2149687723561,5:553.5612031447049):652.1269933437316):586.6751777203052,(1:636.2149687723561,2:639.3205856818779):618.0344132161705);
(2:636.2149687723561,(3:636.2149687723561,(1:557.5394938763332,(4:618.0344132161705,5:555.7284726506052):590.1548391357002):613.7291433025587):568.9434167512245);
((5:568.9434167512245,(2:636.2149687723561,3:555.7460258367164):555.7383452323174):611.4596249688825,(1:613.7291433025587,4:628.4872557530044):566.1267332293718);
((2:618.0367399410111,5:555.5194846537881):636.2149687723561,(3:621.4245888015837,(1:588.1332302819701,4:636.2149687723561):612.8689877958047):624.6128764698046);
(2:555.7460258367164,(3:555.5194846537881,(4:590.0149690810064,(1:569.9933544254986,5:634.308842424548):618.034370715906):582.0397893789195):613.7291433025587);
((2:591.1493960251596,(3:618.0438354869256,5:590.1703535795305):559.7096285161798):618.0337748363461,(1:591.1493960251596,4:597.934395853335):613.7291433025587);
(2:622.3393195500693,(4:547.5434860204895,(1:701.0253951929083,(3:608.2212241324622,5:636.2149687723561):618.0344132161705):636.2149687723561):560.1086505567079);
((5:572.2028128555546,(3:618.0344132161705,4:618.0344132161705):618.0344132161705):496.1202993209707,(1:564.6862076255342,2:472.1364828636243):582.0361261296032);
(2:582.039700987988,(5:618.0367399410111,(4:618.034370715906,(1:472.1364828636243,3:618.0367399410111):618.034370715906):460.8777789065691):612.2679512727752);
(2:897.6227902584153,((3:618.0216386952962,4:450.8502678976523):618.0221263740794,(1:604.9782271839894,5:897.626427622193):590.1699079877144):612.2597135737319);
(2:909.8126986939062,(4:991.8790342408688,(5:613.3091658735849,(1:591.1493960251596,3:991.8849166771658):575.3293151085202):618.034370715906):564.4902717933088);
(2:897.6227902584153,(4:582.0361261296032,(3:898.3397053818413,(1:991.869467793564,5:450.8502678976523):450.8502678976523):487.51912739515075):994.7707247435967);
(2:582.1451646182821,(5:998.7910548985052,(1:582.0361261296032,(3:991.8849166771658,4:991.869467793564):454.83673836999486):618.034370715906):618.034370715906);
(2:557.9338558278494,((4:1.11615,5:0.779255):1e-06,(1:639.3205856818779,3:639.3205856818779):1e-06):0.583569);

Position, Posteriors1, Posteriors2, Posteriors3, Posteriors4, Posteriors5, Posteriors6, Posteriors7, Posteriors8, Posteriors9, Posteriors10, Posteriors11, Posteriors12, Posteriors13, Posteriors14, Posteriors15,
0, 0.00023318367517547925, 0.00023318367517547925, 0.00023318367517378264, 0.00023318367517378264, 0.03188889067398374, 0.030077816406035074, 0.028801236286034707, 0.027468889764118702, 0.6746523111501889, 0.038908547064298575, 0.036478056604508036, 0.03007540865622994, 0.030095287365108653, 0.040540390072612294, 0.03008043184179235,
1, 0.00016851390045194138, 0.00016851390045194138, 0.00016851390045040875, 0.00016851390045040875, 0.03180627144326411, 0.02998256099525919, 0.028706696431133383, 0.027369775691992188, 0.675802502563638, 0.038831219211233614, 0.03639541698341349, 0.029980149817629812, 0.0300000577333899, 0.040466113831831435, 0.029985180279029997,
2, 0.00016115368120911638, 0.00016115368120911638, 0.00016115368120765068, 0.00016115368120794382, 0.03171493213484548, 0.029883230315084067, 0.02860264568002356, 0.02726245759402886, 0.6767852287451935, 0.038747564673112925, 0.03630712505907646, 0.02988081981042241, 0.029900729268096088, 0.040384803170754775, 0.029885849407488237,
3, 0.00014465473361674185, 0.00014465473361674185, 0.00014465473361568936, 0.0001446547336159525, 0.03164092392334636, 0.02980427102300458, 0.02849053609881773, 0.02714426338744369, 0.6776559536121941, 0.03868723812380644, 0.036240427074862955, 0.0298018591076272, 0.02982178389221778, 0.04032723343168218, 0.029806891974562332,
4, 0.00012686954125787657, 0.0001268695412576458, 0.00012686954125718425, 0.00012686954125718425, 0.031565689668268754, 0.029720025615259972, 0.028382739850673598, 0.02703006983473007, 0.6785689912537788, 0.03861817597024224, 0.0361680492022408, 0.029717611405933625, 0.0297375545956087, 0.04026096629312561, 0.029722648729157794,
5, 9.789681138041328e-05, 9.789681138041328e-05, 9.789681137987907e-05, 9.789681138005714e-05, 0.0314806438941359, 0.02963190340354871, 0.028282178835407512, 0.026925492439307423, 0.6795636646839741, 0.03853807953509008, 0.0360895307459878, 0.029629485540358658, 0.029649454586593876, 0.040183450045891765, 0.02963452962768596,
6, 6.541834123393179e-05, 6.54183412338128e-05, 6.541834123333682e-05, 6.541834123345581e-05, 0.03141433537434733, 0.029556932443968224, 0.02819401548146929, 0.02683055995184091, 0.6804375644848564, 0.03847264154715172, 0.03602329301271233, 0.029554509827046885, 0.029574509439315298, 0.04012040324215802, 0.029559562414917733,
7, 4.736720221261204e-05, 4.736720221252588e-05, 4.736720221218124e-05, 4.73672022122674e-05, 0.03134614947949326, 0.029472720567588526, 0.028106141645120424, 0.026734699610908835, 0.6813224377762382, 0.03839844947552865, 0.03594591703729435, 0.02947029421023837, 0.02949031765636583, 0.04004805059794821, 0.029475353720033848,
8, 3.001166534344529e-05, 3.00116653433907e-05, 3.001166534322693e-05, 3.001166534328152e-05, 0.0312680802567801, 0.02938454304627774, 0.02801273986269411, 0.02663459446497097, 0.682254815880117, 0.038318867210630825, 0.03586458984276976, 0.02938211284178532, 0.029402156310326926, 0.03997027553586881, 0.029387178671194933,
9, 1.2950197874566926e-05, 1.295019787454337e-05, 1.2950197874472702e-05, 1.2950197874496258e-05, 0.031188035699213884, 0.029285494594949352, 0.027923635516594776, 0.02653742147329737, 0.6832601589738141, 0.03822661897411108, 0.03577256205858196, 0.029283060923444917, 0.0293031236207856, 0.039879955519486705, 0.029288132438894797,
10, 5.978400781979884e-06, 5.9784007819690095e-06, 5.978400781914636e-06, 5.978400781925511e-06, 0.031117791049751552, 0.029188621641284045, 0.027839434160282492, 0.02644366350884687, 0.6841926942370575, 0.03813647046943255, 0.035682250244906955, 0.02918618592030197, 0.02920625721565836, 0.03979145821777726, 0.02919126031820148,
11, 5.6756075698440185e-06, 5.6756075698440185e-06, 5.675607569802723e-06, 5.675607569813047e-06, 0.03104607953009691, 0.029094282490737113, 0.027752384543752437, 0.026348024566998498, 0.6850883655898395, 0.038048496908242274, 0.03559422617191082, 0.02909184819082143, 0.029111905494381436, 0.03970476601583324, 0.029096918653511585,
12, 4.341181877135709e-06, 4.3411818771278125e-06, 4.341181877104123e-06, 4.3411818771120195e-06, 0.03095817331392706, 0.028996453575318246, 0.02765139128359961, 0.026243680097361964, 0.6860470108319012, 0.03795870709910447, 0.035503588850421354, 0.028994019944047406, 0.029014065893375306, 0.039616457179342944, 0.028999087791083285,
13, 1.4809451721887978e-06, 1.4809451721861038e-06, 1.4809451721726347e-06, 1.4809451721753287e-06, 0.03088778585427978, 0.0289094904330832, 0.027569499063984135, 0.02615563738767414, 0.6868837590174406, 0.03787991715179959, 0.035422677360861445, 0.028907055852970955, 0.028927102002769708, 0.039539028372631034, 0.02891212430993612,
14, 1.7447710312927978e-06, 1.7447710312896241e-06, 1.7447710312801028e-06, 1.7447710312801028e-06, 0.030816412010546402, 0.028826136129985202, 0.02748476172113531, 0.026065853569219283, 0.6876895249365156, 0.0378044204779922, 0.03534519707177658, 0.028823704274079993, 0.028843726765433234, 0.03946451840911766, 0.02882876613779731,
15, 2.389789746425969e-06, 2.3897897464216215e-06, 2.3897897464129275e-06, 2.3897897464129275e-06, 0.030756312452095168, 0.028748654739988586, 0.02741281426231743, 0.025987429394845923, 0.6884236662638232, 0.03773334558304934, 0.03527072685322187, 0.028746226313305596, 0.028766222525747842, 0.03939376232212555, 0.028751280720200396,
16, 2.855431888229494e-06, 2.855431888229494e-06, 2.8554318882243e-06, 2.8554318882243e-06, 0.03070869046819029, 0.028675198319368413, 0.027347690471852253, 0.02591390411346041, 0.6891022574880298, 0.03766795990492413, 0.035200778856952095, 0.028672772500561716, 0.028692743428223595, 0.03932876301700111, 0.028677820293877977,
17, 2.426908016907828e-06, 2.426908016907828e-06, 2.426908016898999e-06, 2.426908016903414e-06, 0.03066337943455741, 0.028612652110883745, 0.027256016290704864, 0.02581123347247141, 0.6897531010320651, 0.03761639685462456, 0.035143707885895624, 0.028610227153471834, 0.02863018410242672, 0.03927812296425564, 0.028615271656386346,
18, 2.0808314507999837e-06, 2.0808314507999837e-06, 2.0808314507924137e-06, 2.0808314507961987e-06, 0.03061241987951138, 0.028547344225474586, 0.02716277955949881, 0.02570993319420317, 0.6904301927662386, 0.037561448146204705, 0.03508373388639664, 0.02854491999762458, 0.028564863018385445, 0.039224081118380744, 0.028549961471452955,
19, 1.149342846889315e-06, 1.149342846889315e-06, 1.1493428468830432e-06, 1.1493428468851337e-06, 0.030577584846984432, 0.02848929698929331, 0.02708928081891297, 0.025626233205201424, 0.6910150906797325, 0.037511794742935665, 0.03502623054733325, 0.028486873483947607, 0.028506805142483535, 0.03917430022117829, 0.028491912543117087,
20, 1.0953710522445417e-06, 1.0953710522445417e-06, 1.0953710522385644e-06, 1.0953710522405569e-06, 0.03054344934846934, 0.0284343244572168, 0.027010790120361595, 0.025537865075071872, 0.6915807692752497, 0.0374666680115526, 0.034972191327342445, 0.028431902908934322, 0.02845181079995415, 0.03912891135491058, 0.028436936427603483,
21, 1.3804776145518471e-06, 1.380477614549336e-06, 1.380477614544314e-06, 1.380477614546825e-06, 0.03051044326134728, 0.028376286459317304, 0.02692584263379908, 0.02544016153982349, 0.6921799234709262, 0.03741904751277878, 0.03491530281276596, 0.028373867590076023, 0.028393745788443624, 0.03908096363131272, 0.028378893981632423,
22, 1.59641481591865e-06, 1.59641481591865e-06, 1.5964148159128423e-06, 1.5964148159128423e-06, 0.030468595035658692, 0.028312039118382922, 0.026839023988761892, 0.025343529082292388, 0.6928350082358056, 0.037364181578231126, 0.03485180053951479, 0.028309622976492275, 0.02832947049345318, 0.03902570175548766, 0.02831464212864295,
23, 1.3236657544436094e-06, 1.3236657544436094e-06, 1.3236657544387938e-06, 1.3236657544387938e-06, 0.030425946927577528, 0.028243261834087093, 0.02675611641016283, 0.025250544522046118, 0.6935241814728698, 0.03730148886878457, 0.03478320806129485, 0.028240847672423575, 0.028260666424117693, 0.038962583298566784, 0.028245860436109452,
24, 1.2355611241657045e-06, 1.2355611241657045e-06, 1.2355611241634571e-06, 1.2355611241634571e-06, 0.030383900070875818, 0.028168153017082607, 0.026675233336417335, 0.025158371102054298, 0.6942537925383659, 0.0372332960979115, 0.03470678411396808, 0.02816574173403415, 0.02818552530356323, 0.038893514403754756, 0.028170746628244675,
25, 8.450008897993567e-07, 8.450008897993567e-07, 8.450008897962827e-07, 8.450008897962827e-07, 0.030316637455255036, 0.02808665130098794, 0.026581434373941906, 0.02506263565602773, 0.6950738676759974, 0.037157379157113396, 0.0346238047321863, 0.028084242589127704, 0.02810399149581333, 0.03881673602459852, 0.028089240126459233,
26, 1.1095085484427306e-06, 1.1095085484427306e-06, 1.109508548436676e-06, 1.1095085484386943e-06, 0.030242023016948564, 0.028001880306343357, 0.026485449197714964, 0.024965311991654058, 0.6959261896430385, 0.03707788850653347, 0.03453753817496293, 0.027999476422621534, 0.028019176521658872, 0.03873616664785298, 0.028004462129501733,
27, 7.233069861394611e-07, 7.233069861394611e-07, 7.233069861368297e-07, 7.233069861368297e-07, 0.03018070626180265, 0.027930695725726647, 0.026393808846997848, 0.02487013670460603, 0.6966601487693249, 0.037014089676020066, 0.03446625325332538, 0.027928294776501408, 0.027947960327910026, 0.03867174056034437, 0.02793327246203735,
28, 1.5432918938250739e-06, 1.5432918938250739e-06, 1.543291893813845e-06, 1.5432918938166522e-06, 0.030118684970292606, 0.02786215225285236, 0.0263000866755625, 0.024773729205141683, 0.6973753706978671, 0.03695280245655239, 0.03439760561115252, 0.027859757194169082, 0.027879369131276102, 0.038609548166624895, 0.027864721063840803,
29, 3.2952574328183132e-06, 3.2952574328183132e-06, 3.295257432800331e-06, 3.295257432800331e-06, 0.030074609367883608, 0.0278078005930212, 0.026221152171016913, 0.024689370550452266, 0.6979385199462281, 0.03690732059991348, 0.03434396033413875, 0.02780541129165752, 0.027824973079888418, 0.03856333982555325, 0.02781036180386084,
30, 4.70680654270847e-06, 4.70680654270847e-06, 4.706806542682785e-06, 4.706806542691347e-06, 0.03000871232870031, 0.027749125145230993, 0.026130644808761958, 0.02460163456252664, 0.6985721675231907, 0.036856448552314534, 0.03428596937402349, 0.02774674120314372, 0.027766254590624016, 0.0385117961515051, 0.027751679126719882,
31, 4.62740512455055e-06, 4.627405124542133e-06, 4.627405124533716e-06, 4.627405124533716e-06, 0.029946351723233285, 0.027689436410764406, 0.026046448214884017, 0.024520385682295462, 0.6991982227916391, 0.03680633779910381, 0.034227524917744855, 0.027687056484161938, 0.027706528996231685, 0.038461213642171636, 0.027691984306237424,
32, 3.3192463507095194e-06, 3.3192463507034817e-06, 3.319246350697444e-06, 3.319246350697444e-06, 0.02988940912288763, 0.02763118047519137, 0.025977002358111553, 0.02445304100601592, 0.6997978075891359, 0.03675355023233013, 0.034166707830440846, 0.02762880365236315, 0.027648241933238973, 0.038407256092837024, 0.027633723310973832,
33, 3.0284138010096825e-06, 3.0284138010096825e-06, 3.028413801004174e-06, 3.0284138010096825e-06, 0.029833208322745098, 0.02756962793808163, 0.025901204643706644, 0.024376985352787664, 0.7004297202534464, 0.03669793926893359, 0.03410273566505423, 0.027567254988630288, 0.027586652899322283, 0.038350392782095934, 0.027572164818682278,
34, 1.4471641657841118e-06, 1.4471641657841118e-06, 1.4471641657814794e-06, 1.4471641657841118e-06, 0.02976769623623456, 0.02749969669996377, 0.02582461542471491, 0.02430267126176603, 0.701131447672296, 0.03663540220726924, 0.03402992890881384, 0.027497327666494688, 0.027516687087790113, 0.03828651039720506, 0.027502228367577514,
35, 1.4553431983797643e-06, 1.4553431983771171e-06, 1.4553431983771171e-06, 1.4553431983771171e-06, 0.029709072629401808, 0.027432895078843514, 0.025750704452876364, 0.024230237963866297, 0.7017936284181344, 0.03657604726539698, 0.033960189851900774, 0.02743053159665006, 0.027449840999532685, 0.03822561100422128, 0.02743541995406589,
36, 4.840181951425517e-07, 4.840181951425517e-07, 4.840181951407909e-07, 4.840181951416713e-07, 0.02965117923891796, 0.027360002792834587, 0.02567437926683231, 0.02415274329895448, 0.7025099575007746, 0.036510029891839935, 0.03388454531307081, 0.027357643597809504, 0.027376907407983594, 0.038158154874538504, 0.027362521332072513,
37, 2.690189859403845e-07, 2.690189859403845e-07, 2.690189859369591e-07, 2.690189859374484e-07, 0.029591642283952307, 0.02728210000154569, 0.02560143217860282, 0.02407850171065581, 0.7032564203919899, 0.03643794145012102, 0.03380325415744019, 0.027279747214572235, 0.027298951533472133, 0.03808432347486376, 0.027284610116022165,
38, 3.7684663542260735e-07, 3.7684663542260735e-07, 3.768466354157526e-07, 3.7684663541643804e-07, 0.029523550403907087, 0.027200490710475405, 0.02552608092819198, 0.02400258706602738, 0.7040412154265014, 0.03636181359229951, 0.03371817343372063, 0.027198147090401015, 0.02721727452943989, 0.03800617032598508, 0.02720298969527585,
39, 8.163447041690213e-07, 8.163447041690213e-07, 8.163447041526871e-07, 8.163447041526871e-07, 0.029448297151634602, 0.02711571098729695, 0.02544881746409108, 0.02392532486047756, 0.7048581630763253, 0.036282223292083776, 0.03362988115810041, 0.027113378827784806, 0.027132414993324205, 0.03792432680890817, 0.027118196590914235,
40, 4.9358294616645095e-06, 4.9358294616645095e-06, 4.935829461565749e-06, 4.9358294615747265e-06, 0.029371464064656037, 0.02703367726793137, 0.025368149341752026, 0.02384569380472954, 0.705649362462106, 0.03620515834162758, 0.03354428721962952, 0.02703135998238229, 0.02705028275443779, 0.03784467582392989, 0.02703614621035893,
41, 6.715987060983562e-06, 6.715987060971346e-06, 6.7159870608491825e-06, 6.7159870608491825e-06, 0.02929766233143523, 0.02695213574730485, 0.025296239212647377, 0.02377480430286167, 0.7064349236475348, 0.036125467931382854, 0.03345678694389433, 0.026949832205693313, 0.02696865043876912, 0.03776204440394178, 0.02695458947375546,
42, 8.035182079390446e-06, 8.035182079375832e-06, 8.035182079215056e-06, 8.035182079215056e-06, 0.029233153266013747, 0.026874549993850225, 0.025229794219825904, 0.02370826155815378, 0.7071759102080664, 0.03604994832425203, 0.033372568333077945, 0.02687226071731422, 0.026890974788142345, 0.037683449598838036, 0.026876988851221247,
43, 1.094616670972019e-05, 1.0946166709700279e-05, 1.0946166709501169e-05, 1.094616670952108e-05, 0.02917882665728081, 0.026802023210945172, 0.025173688863812733, 0.023650561982894742, 0.7078506597549876, 0.03597842175912877, 0.03329115054536492, 0.026799748619170248, 0.02681835793538859, 0.03760832928376908, 0.026804447307202106,
44, 1.3760691863233461e-05, 1.3760691863233461e-05, 1.3760691862983156e-05, 1.3760691863008186e-05, 0.029116105110352675, 0.026726247658896245, 0.02511336984040152, 0.023589813059476907, 0.7085673492747511, 0.035902243199258825, 0.033206262654803476, 0.02672398793658302, 0.026742487121806244, 0.037528435890891096, 0.026728656071070358,
45, 1.6335698295117576e-05, 1.6335698295117576e-05, 1.6335698294820434e-05, 1.6335698294820434e-05, 0.029053578761203167, 0.02664934196672132, 0.0250450393160175, 0.023519415303437315, 0.7093079761156806, 0.03582575820653935, 0.033120807021473776, 0.026647096384425497, 0.026665489812313314, 0.037448419611723856, 0.026651735294303296,
46, 2.01351133294412e-05, 2.01351133294412e-05, 2.013511332907494e-05, 2.0135113329111567e-05, 0.02898043480907086, 0.026564815511209573, 0.024974290118761188, 0.023449475598097815, 0.7101133873049342, 0.035740252416757066, 0.03302696100874473, 0.026562584531469088, 0.026580868349117288, 0.03735919719332434, 0.02656719329301785,
47, 2.2715460783997572e-05, 2.2715460783997572e-05, 2.271546078354306e-05, 2.271546078358438e-05, 0.028924917944846886, 0.0264887462455945, 0.024921263056885547, 0.02339466205988079, 0.7108216672430788, 0.03566183384573577, 0.03293747452914563, 0.02648652929100412, 0.026504710494946293, 0.03727622427561894, 0.026491109759764715,
48, 2.585280680046902e-05, 2.585280680046902e-05, 2.585280679999876e-05, 2.5852806800045787e-05, 0.02885633512535799, 0.026405868376777074, 0.0248646763166844, 0.02333763704367481, 0.7116005940078384, 0.03557396550161569, 0.032840357786397566, 0.026403666135803264, 0.02642173751663961, 0.03718353515527285, 0.026408216396070484,
49, 2.6531085191673913e-05, 2.6531085191625653e-05, 2.6531085191239575e-05, 2.6531085191239575e-05, 0.02879260590166994, 0.02632452938584248, 0.02482145972077174, 0.023293575100978438, 0.7123611300411465, 0.03548309028847074, 0.032740860749987305, 0.026322340889220804, 0.026340310040176416, 0.03708711098400891, 0.026326863146943928,
50, 2.562616047278525e-05, 2.5626160472738635e-05, 2.5626160472412337e-05, 2.5626160472412337e-05, 0.028727426300173622, 0.02623164058599226, 0.02478320955646708, 0.0232524755782096, 0.7132116443071874, 0.03537623795200142, 0.03262945149192511, 0.026229466467167267, 0.026247327612264736, 0.03697465729354778, 0.026233958803967734,
51, 2.4670633995654698e-05, 2.4670633995654698e-05, 2.4670633995295694e-05, 2.467063399534057e-05, 0.028662872032797732, 0.026130810726077428, 0.02474046585682403, 0.02320363171616867, 0.714130145751185, 0.035261468605960425, 0.0325096645232637, 0.02612865143347179, 0.02614639982068604, 0.03685409487486054, 0.026133112712608784,
52, 2.535892792390564e-05, 2.535892792385951e-05, 2.5358927923536617e-05, 2.5358927923582746e-05, 0.02859884763967835, 0.02603137119552221, 0.02469442938422458, 0.023152058807570923, 0.7150344079161667, 0.035149129987583363, 0.0323924806954922, 0.02602922922968216, 0.026046853166490875, 0.03673610152627648, 0.026033655329378798,
53, 2.5302506154336633e-05, 2.5302506154336633e-05, 2.5302506154014456e-05, 2.530250615406048e-05, 0.028532527380891425, 0.025925547555590848, 0.024657277144123763, 0.023109321800738256, 0.7159837520364511, 0.03502571721718577, 0.032266026944244255, 0.02592342276349756, 0.025940922866447405, 0.03660646092121929, 0.025927813934808242,
54, 2.2542920781194715e-05, 2.2542920781153708e-05, 2.2542920780866672e-05, 2.254292078090768e-05, 0.028451604578620046, 0.02580959440311915, 0.024620967206118623, 0.02306922285837336, 0.7170488339079352, 0.03488204732048754, 0.03212719180290712, 0.02580748638899816, 0.025824861674322037, 0.03645617610599284, 0.025811842659362805,
55, 1.5788548884495118e-05, 1.5788548884466397e-05, 1.5788548884265362e-05, 1.5788548884294083e-05, 0.02834211125822221, 0.02568558989229732, 0.024574714976664837, 0.023025486298234, 0.7182491284589441, 0.03472110077067347, 0.03197831899206273, 0.02568349818874646, 0.025700750160432308, 0.03628832723169831, 0.025687820166460006,
56, 1.3816773731237117e-05, 1.3816773731211985e-05, 1.3816773730985792e-05, 1.3816773731010925e-05, 0.028244455344866925, 0.025565164574138703, 0.02453302312677347, 0.022984656206923627, 0.7193834113091542, 0.034564854549652614, 0.031833394033739956, 0.02556309015212365, 0.02558021138385809, 0.036125096879011054, 0.025567375934211344,
57, 1.3889010642666273e-05, 1.388901064264101e-05, 1.3889010642438898e-05, 1.3889010642464163e-05, 0.028160449205968545, 0.025451449088551896, 0.024499914898329648, 0.02295078193941377, 0.7204236806893382, 0.03441891436082002, 0.03169724149407158, 0.02544939159361347, 0.025466382716157344, 0.035972597205336534, 0.02545364135528806,
58, 1.192535494959415e-05, 1.1925354949572457e-05, 1.1925354949355535e-05, 1.1925354949377228e-05, 0.028084261640240717, 0.025338182011049627, 0.024478197965031208, 0.02292789282466683, 0.7214307071641779, 0.034276424951063734, 0.031563106659077245, 0.025336140252526902, 0.025353009669886673, 0.03582401970565592, 0.025340356326750104,
59, 1.190338395592359e-05, 1.1903383955901938e-05, 1.1903383955642113e-05, 1.1903383955663764e-05, 0.028007565709027887, 0.025215470813064432, 0.024458444038369408, 0.022905761909489692, 0.7224972236443039, 0.03412449886589506, 0.0314169353166604, 0.025213446511278746, 0.02523018217111333, 0.035665232177767146, 0.025217625897360627,
60, 1.1801473526350273e-05, 1.1801473526350273e-05, 1.1801473526092672e-05, 1.1801473526114139e-05, 0.02794791546862696, 0.025111194950223948, 0.024438274044420453, 0.022881145341356535, 0.7234067479884932, 0.03399611355870723, 0.03129223197051833, 0.02510918546381691, 0.025125805962367517, 0.0355308464949292, 0.025113333453538354,
61, 1.1555853862862386e-05, 1.1555853862862386e-05, 1.1555853862610146e-05, 1.1555853862631166e-05, 0.027887666223975448, 0.024996160927223347, 0.024421899438522066, 0.022858906017099268, 0.7243908551318394, 0.03385612268518499, 0.031154720172218597, 0.024994166779172433, 0.025010666023484333, 0.03538433163550057, 0.02499828213831609,
62, 1.1389490125205628e-05, 1.138949012518491e-05, 1.1389490124915585e-05, 1.1389490124936302e-05, 0.027813042454998035, 0.024872086507473405, 0.024402433073561436, 0.02283484268559727, 0.725466916192942, 0.033703090138323635, 0.031006878244732236, 0.024870108552739238, 0.024886477427903893, 0.03522437847018238, 0.024874188881738837,
63, 1.4029699482898089e-05, 1.4029699482872568e-05, 1.402969948254081e-05, 1.402969948256633e-05, 0.02771280656656953, 0.024742583072824953, 0.024369204437361406, 0.022804574740618564, 0.7266208182222947, 0.03354228793929086, 0.030853028495166048, 0.02474062241805696, 0.024756852256737148, 0.03505643821253116, 0.024744665430065035,
64, 1.5176597843657441e-05, 1.5176597843657441e-05, 1.5176597843270957e-05, 1.5176597843298563e-05, 0.027613540103325736, 0.02460600998955261, 0.024332224253776805, 0.022768754171050256, 0.7278382156601835, 0.03337515443304205, 0.03069116913657743, 0.024604067682018116, 0.024620155037593915, 0.034881931422710635, 0.024608072307739683,
65, 1.4348191729008828e-05, 1.4348191729008828e-05, 1.434819172861734e-05, 1.434819172864344e-05, 0.027518114118436254, 0.024483189959358827, 0.024270015810793272, 0.02270606946510551, 0.729000979362361, 0.033226791686140754, 0.030546531500537565, 0.024481263212071048, 0.024497226852298118, 0.03472719097334262, 0.02448523488404915,
66, 1.5878041256353856e-05, 1.5878041256324975e-05, 1.5878041255920625e-05, 1.5878041255920625e-05, 0.027403316931627127, 0.02435226312934787, 0.024202736476639182, 0.022641396652144846, 0.730255578556568, 0.033062590604433735, 0.030391753272164496, 0.024350353337147777, 0.02436617977140469, 0.03455603121244958, 0.02435428848085781,
67, 1.6107434107512615e-05, 1.6107434107512615e-05, 1.6107434107073124e-05, 1.6107434107102424e-05, 0.02730942046186666, 0.0242306494373616, 0.02414732051588374, 0.02258583910012675, 0.7313949522509824, 0.032912832327518037, 0.030248763337297556, 0.02422875456979926, 0.024244453157819576, 0.03439992935687958, 0.024232656339590684,
68, 1.699181177924009e-05, 1.6991811779209185e-05, 1.6991811778745563e-05, 1.6991811778776473e-05, 0.027196348821348856, 0.024097969273915092, 0.02408645353443796, 0.022526590165588535, 0.7326493725436681, 0.03274705371751691, 0.03009322628909093, 0.024096090471663244, 0.024111648591333485, 0.03422732432835539, 0.02409995560678521,
69, 2.2003840840544177e-05, 2.2003840840504153e-05, 2.200384083998383e-05, 2.200384083998383e-05, 0.027094750020693507, 0.023968468099898395, 0.024030326957478438, 0.02247040909865058, 0.73384388625968, 0.03258533816491289, 0.029941085321030056, 0.023966606439396937, 0.023982016232113636, 0.034058665762365256, 0.02397043287086755,
70, 2.547652848644208e-05, 2.547652848644208e-05, 2.54765284857933e-05, 2.547652848583964e-05, 0.027014355386903083, 0.023850990470296776, 0.02399298177853055, 0.022430297872776322, 0.7349094772524639, 0.03243556520251336, 0.029796844832465714, 0.02384914506354299, 0.02386441729648851, 0.033901083716544565, 0.02385293560518673,
71, 2.6518699876794268e-05, 2.651869987674603e-05, 2.651869987607071e-05, 2.651869987607071e-05, 0.02695198573428503, 0.023746303703136983, 0.02397234801771973, 0.02240416332017963, 0.7358408035586238, 0.032300982290709074, 0.029665974939816115, 0.02374447201205782, 0.023759625289270635, 0.03375903517864871, 0.023748231748099292,
72, 2.7642920364463956e-05, 2.7642920364413673e-05, 2.764292036370972e-05, 2.7642920363760004e-05, 0.02688879034336472, 0.023630783062370393, 0.023955350353879783, 0.02238023273384165, 0.7368478964959742, 0.03215440970959666, 0.029521916514489134, 0.023628965568371508, 0.023643993538229255, 0.03360439732679303, 0.02363269326187008,
73, 2.5508098433692163e-05, 2.5508098433692163e-05, 2.5508098432949783e-05, 2.550809843299618e-05, 0.02683330210758331, 0.02351523089386791, 0.02394658824289772, 0.02236275163340228, 0.7378492977447175, 0.03200768811251739, 0.029375127644708416, 0.023513426869297777, 0.023528337223241668, 0.03344909296983465, 0.023517124755368504,
74, 2.44780323073132e-05, 2.44780323073132e-05, 2.4478032306600793e-05, 2.4478032306645316e-05, 0.02676723471328942, 0.02339019839194574, 0.023936477815444442, 0.02234637341633791, 0.7389312179515395, 0.03184869447292769, 0.02921710679235004, 0.023388408240912963, 0.023403196722702625, 0.033281104532198895, 0.02339207541273471,
75, 2.403666497240401e-05, 2.4036664972360286e-05, 2.4036664971660728e-05, 2.403666497170445e-05, 0.0266852052187296, 0.023252901595147046, 0.023922782846214057, 0.02232845247399609, 0.7401210544689145, 0.03167641359480094, 0.02904591034948453, 0.02325112806775204, 0.023265781055729545, 0.033099464243397124, 0.02325476001864714,
76, 2.0270338181031658e-05, 2.0270338180994785e-05, 2.0270338180331097e-05, 2.027033818036797e-05, 0.02661979130480678, 0.023138952732456475, 0.023900124258845364, 0.022299713027671905, 0.7411430987228467, 0.03153467979434349, 0.028903035146884616, 0.02313719226501842, 0.023151735307081416, 0.032949800576890946, 0.023140796103377118,
77, 2.0259469839831246e-05, 2.0259469839794393e-05, 2.025946983905736e-05, 2.025946983909421e-05, 0.026572155633032613, 0.023042315713683786, 0.023888683887159586, 0.022279991850271432, 0.7419785378731412, 0.0314145062476751, 0.028780604073091794, 0.02304056768589309, 0.023055008557907153, 0.03282244631704772, 0.023044144875138842,
78, 2.2715869574545076e-05, 2.2715869574503758e-05, 2.271586957367736e-05, 2.2715869573718677e-05, 0.026522637754639238, 0.02293677889125666, 0.02387970663101397, 0.022261467370823414, 0.7428731352475852, 0.03128164735375146, 0.02864858655173553, 0.02293504474610208, 0.02294937271432697, 0.03268216786111567, 0.022938591992786323,
79, 2.2862065711006185e-05, 2.28620657109646e-05, 2.2862065710132884e-05, 2.286206571017447e-05, 0.02647874489140195, 0.02283095103860479, 0.023880335897474333, 0.022252518478766244, 0.7437470866485745, 0.031151201218597626, 0.02851758402776565, 0.022829229616172737, 0.02284345184476566, 0.03254469962459673, 0.02283274904449616,
80, 2.983757894769079e-05, 2.9837578947636514e-05, 2.9837578946605306e-05, 2.9837578946659577e-05, 0.026426217236760835, 0.0227192501201718, 0.023878396864738895, 0.02224143901826103, 0.7446518425382602, 0.031013662795957134, 0.028379935398139423, 0.022717544175608402, 0.022731642912173205, 0.03239968893066388, 0.02272103028650782,
81, 4.615563165179932e-05, 4.615563165171536e-05, 4.615563165003623e-05, 4.615563165012019e-05, 0.026387871566990264, 0.022620985427897467, 0.023884927273726753, 0.0222366668040771, 0.7453868966844663, 0.03089287433685814, 0.028257892912868576, 0.022619294506071183, 0.022633275687052114, 0.03227194445505826, 0.02262274841131497,
82, 7.273647939525479e-05, 7.273647939525479e-05, 7.273647939274096e-05, 7.273647939287326e-05, 0.02634004978968541, 0.022514971149916692, 0.023888545328750496, 0.02223167667962721, 0.746153689794504, 0.03076223155847828, 0.028126745211233758, 0.022513295861494365, 0.022527153553110146, 0.032133979519921675, 0.022516716228612003,
83, 9.138814766489835e-05, 9.138814766489835e-05, 9.138814766190613e-05, 9.138814766207236e-05, 0.02630556239074407, 0.022433650687688503, 0.023876824181805048, 0.02221006430229426, 0.7467777998621618, 0.03066312206414762, 0.028025346514243918, 0.02243198761934903, 0.02244574668258124, 0.032028962307866816, 0.022435381390989707,
84, 0.0001053220723248515, 0.0001053220723248515, 0.00010532207232159466, 0.00010532207232178623, 0.026273653234796735, 0.02235361030373517, 0.023854818415892855, 0.022175754662560505, 0.7474275603352076, 0.03056691388333097, 0.027926308584748514, 0.022351958152376034, 0.022365626315333884, 0.03192718069343792, 0.022355327722355534,
85, 0.00011716063451685439, 0.00011716063451685439, 0.00011716063451344456, 0.00011716063451365768, 0.026223954648474816, 0.022266687959607692, 0.023830980653518217, 0.022142616431103167, 0.7481736171647648, 0.03045444220550516, 0.02781831536163546, 0.022265046922671162, 0.022278619254421875, 0.03180868628717021, 0.022268391164531914,
86, 0.0001282451364550983, 0.0001282451364550983, 0.00012824513645159915, 0.00012824513645183242, 0.026173272141206353, 0.022174847808255686, 0.023810829116880775, 0.02211276616746635, 0.7489607255598106, 0.030332854497249935, 0.02770438088215846, 0.022173217324254618, 0.02218669430961683, 0.03168089554895241, 0.022176536692406646,
87, 0.00013350902387858463, 0.00013350902387858463, 0.0001335090238751847, 0.00013350902387542757, 0.02614487051580927, 0.022099045358534568, 0.023804598732524076, 0.022094324630691598, 0.7495946717409008, 0.03023332272338151, 0.027610019790801344, 0.022097423370552084, 0.022110821306453858, 0.03157614421395125, 0.022100722114395833,
88, 0.00013930871771564832, 0.00013930871771539492, 0.0001393087177121007, 0.0001393087177123541, 0.026108961476803676, 0.02201989714812912, 0.023794893359209333, 0.022073329694102615, 0.7502676923876037, 0.030128605837018686, 0.027511896549567497, 0.022018283747350792, 0.02203159791488167, 0.03146604666640277, 0.022021560942555883,
89, 0.00015280534625992733, 0.00015280534625964937, 0.00015280534625575806, 0.00015280534625631396, 0.02607022154109595, 0.021931920151823887, 0.02378618415221552, 0.02205207998645458, 0.7509823145587375, 0.030011264210930692, 0.02740425884007709, 0.021930316389449707, 0.021943537862813875, 0.031343112137981355, 0.021933569376928672,
90, 0.00016213803677415838, 0.00016213803677386345, 0.00016213803676973449, 0.00016213803677002942, 0.026018221505884082, 0.021842071597860054, 0.023769711412692563, 0.022027127810501902, 0.7517569219722375, 0.02988930781422995, 0.027294665477085252, 0.021840477606753717, 0.02185360723686507, 0.03121562956945277, 0.0218437064433151,
91, 0.00017390124146955354, 0.00017390124146923723, 0.000173901241465125, 0.00017390124146575764, 0.02594055365807744, 0.02174433191071374, 0.023742620765788296, 0.02199949525355673, 0.7526235190333473, 0.029756326517111742, 0.02717615145954187, 0.021742747722702106, 0.021755783196665757, 0.031076913988519323, 0.021745952120411666,
92, 0.0001931017204159388, 0.00019310172041558756, 0.00019310172041137256, 0.0001931017204117238, 0.025864164715690405, 0.021640438736749083, 0.023714073956612344, 0.02196821565789319, 0.753509837482559, 0.029616349447033292, 0.027050845190852178, 0.0216388649067324, 0.021651800773183044, 0.03093095931634878, 0.021642043528365136,
93, 0.0002030301542415289, 0.0002030301542411596, 0.0002030301542370972, 0.0002030301542374665, 0.025762816216247337, 0.021531822470276404, 0.0236780953924927, 0.02193572073033609, 0.7545190202979046, 0.02946291873444667, 0.02691932905763374, 0.021530258369586126, 0.021543097862957897, 0.030771388575246222, 0.021533412267137265,
94, 0.00020612873129667963, 0.00020612873129592974, 0.00020612873129218027, 0.00020612873129293016, 0.025664782804829932, 0.02141627203119956, 0.023651777382419793, 0.0219105531255304, 0.7555895188584356, 0.029299248963341063, 0.02678145683066429, 0.02141471712812538, 0.021427462542581068, 0.030601849312420378, 0.0214178466856908,
95, 0.00020536451817848274, 0.00020536451817810918, 0.00020536451817474718, 0.0002053645181751207, 0.025563776375760495, 0.02128659373944589, 0.02363090417162401, 0.021888752292613008, 0.7567844407759048, 0.029113845570716747, 0.02662880172586759, 0.02128504846290688, 0.021297693870142777, 0.030410533760460705, 0.021288151771898123,
96, 0.00020533201267481537, 0.00020533201267444186, 0.0002053320126710804, 0.0002053320126718274, 0.025474698537310925, 0.02116292971568915, 0.02361265023576943, 0.02186814996563354, 0.7579066269444709, 0.02893947794320013, 0.026483774392747596, 0.021161393117278014, 0.021173940362581828, 0.03023055991996242, 0.02116447140581038,
97, 0.0002018409171000958, 0.0002018409170993615, 0.0002018409170964243, 0.0002018409170971586, 0.025364876465121523, 0.021029210902161647, 0.023591177413859167, 0.02184692103419403, 0.7591604357676707, 0.02874483025807626, 0.026326739949303183, 0.021027683007315497, 0.02104012606688522, 0.03002990100624005, 0.02103073505115047,
98, 0.00019130257242913393, 0.00019130257242843798, 0.0001913025724249582, 0.00019130257242565415, 0.025243737774184954, 0.020889353105082775, 0.023577632812551118, 0.021835169042990803, 0.7605077549799043, 0.02853220021641241, 0.026159573111304162, 0.02088783285658305, 0.020900175277006643, 0.029810501120500613, 0.020890860003736574,
99, 0.000182868159895244, 0.00018286815989491137, 0.00018286815989158504, 0.00018286815989258294, 0.0251035144915714, 0.020738267065995093, 0.023560143478264014, 0.0218210156476106, 0.7619667327820075, 0.028301389472863616, 0.025979491488727018, 0.020736754964962304, 0.020748988335309745, 0.029572475092900636, 0.02073975512970203,
100, 0.00017263434942931983, 0.0001726343494286918, 0.00017263434942586562, 0.00017263434942649367, 0.024989574688812327, 0.020599478770910867, 0.023557097550718595, 0.02181823387967647, 0.7632724723239575, 0.028091829551409136, 0.025815215083693725, 0.02059797347625182, 0.0206101063808391, 0.02935653240843943, 0.02060094907830844,
101, 0.0001647079470573225, 0.0001647079470567233, 0.00016470794705432647, 0.00016470794705492569, 0.024823920281698494, 0.02044956817971927, 0.023532870930387743, 0.021808117363814345, 0.7647410256946752, 0.027864872642981868, 0.025638607165578843, 0.02044806964764467, 0.020460098538813667, 0.029122998150361755, 0.020451020209797846,
102, 0.00014774189502177187, 0.00014774189502123438, 0.00014774189501908446, 0.00014774189501962193, 0.024640461123660827, 0.020283922136644695, 0.023508907573043122, 0.021801325272782404, 0.7663774058592031, 0.027619785124762184, 0.025444190762631505, 0.0202824307808327, 0.0202943537694308, 0.02887089444190891, 0.02028535616857127,
103, 0.00012603751267658948, 0.0001260375126763602, 0.00012603751267429685, 0.00012603751267498465, 0.02449012684247293, 0.02015662244678935, 0.023469630679333983, 0.021775759132212146, 0.7677228400220903, 0.02743003184121267, 0.025294842869331008, 0.020155135295302988, 0.020166980296799714, 0.028675838282411766, 0.020158042834610992,
104, 0.00010323840123530037, 0.00010323840123492479, 0.00010323840123323468, 0.00010323840123361026, 0.024346258038588857, 0.02004123433500925, 0.023413346756578333, 0.0217331870421042, 0.7689994033276971, 0.0272589498738248, 0.02516058629024702, 0.020039751678537002, 0.020051520829843236, 0.028500167201862023, 0.020042641613424644,
105, 8.744416720724225e-05, 8.744416720692413e-05, 8.744416720533352e-05, 8.74441672058107e-05, 0.024248438397775577, 0.019957641296037703, 0.02338443704093615, 0.02171173722052244, 0.7699008786251268, 0.027131953506179484, 0.025062466069124597, 0.019956161929055857, 0.01996787266947218, 0.028369599141666316, 0.01995903802828278,
106, 8.136606105428059e-05, 8.136606105398459e-05, 8.136606105265255e-05, 8.136606105309656e-05, 0.024126225092006473, 0.019869911086106178, 0.0233413428126858, 0.02168290703995029, 0.7708430866523427, 0.026998671464117392, 0.024959918044042993, 0.01986843551866781, 0.019880083277783813, 0.02823265873248524, 0.019871296628003,
107, 7.311469352289248e-05, 7.31146935226265e-05, 7.311469352142954e-05, 7.311469352182853e-05, 0.024023637770441142, 0.01979310170809759, 0.023307284096938632, 0.021660441624525323, 0.7716691090108464, 0.026881576359750605, 0.024870574755403444, 0.019791629607435617, 0.019803221777690522, 0.0281124879439407, 0.01979447716320467,
108, 6.536160643930521e-05, 6.536160643906743e-05, 6.536160643811629e-05, 6.536160643847297e-05, 0.0239192176176391, 0.019707541220096488, 0.0232760055427059, 0.021639721810498766, 0.7725568218067473, 0.026754103391681206, 0.024770970377896252, 0.019706072533107126, 0.019717606489864814, 0.027981587148962126, 0.019708906228281024,
109, 5.6606419754801914e-05, 5.6606419754595984e-05, 5.660641975377225e-05, 5.660641975408115e-05, 0.02382205649814121, 0.01964231914687924, 0.023212032697556163, 0.02158596517545468, 0.7733431385228237, 0.026655242988780466, 0.024695701614006655, 0.019640852572388394, 0.019652339736227473, 0.027880250522960122, 0.019643675439997014,
110, 4.1496710045755615e-05, 4.149671004560465e-05, 4.149671004484983e-05, 4.149671004515176e-05, 0.023720711480163813, 0.019568247746921442, 0.02315004365732551, 0.021534447174230354, 0.7742193862388219, 0.026547308009916417, 0.024609813954402374, 0.019566782905470252, 0.019578224717419417, 0.02776945193088361, 0.019569595938080827,
