Optimize time:20.26258072356383
Begin Prob:-13353.893998038848
End Prob:-13188.896447423778
Substitution parameters:[0.21372780876985284, 0.2714337027105324, 0.27045341000076745, 0.2443850785188474, 1.018549377235443]
Trees:
((2:533.7416985617194,(4:572.9487403426457,5:701.9910397612604):707.3151134288903):566.9725646679672,(1:707.4844579931412,3:675.0280808643445):675.2286783940972);
(2:568.8841386135584,(1:572.9487403426457,(3:707.2085020172408,(4:701.9910397612604,5:707.3151134288903):707.3151134288903):362.3732394239023):572.9487403426457);
((2:701.9910397612604,4:378.62096570365736):572.9487403426457,(1:707.2085020172408,(3:707.315030382124,5:572.9487403426457):572.9487403426457):572.9487403426457);
(2:701.9910397612604,(5:572.9487403426457,(3:572.9487403426457,(1:572.9487403426457,4:572.9487403426457):572.9487403426457):695.4112868757244):572.9487403426457);
(2:572.9487403426457,(3:701.9910397612604,(1:707.315030382124,(4:568.8841386135584,5:695.4112868757244):707.3151134288903):701.9910397612604):707.315030382124);
((2:707.3151134288903,4:675.2492968744258):675.2286783940972,(5:675.0284130514098,(1:568.8841386135584,3:774.9493900993535):568.8841386135584):678.7886586673685);
((2:572.9494439261407,4:707.3151134288903):572.9487403426457,(3:572.9487403426457,(1:572.9487403426457,5:572.9494439261407):572.9487403426457):381.9683281673862);
((4:774.944836411318,(3:777.0877844902665,5:777.0877844902665):774.944836411318):777.0877844902665,(1:777.0877844902665,2:777.0877844902665):675.0282077485127);
((2:378.62096570365736,3:707.3151134288903):675.0282077485127,(5:702.14871549992,(1:572.9487403426457,4:572.9487403426457):702.14871549992):675.2492968744258);
((5:572.9487403426457,(3:701.9910397612604,4:572.9494439261407):566.9725646679672):701.9910397612604,(1:572.9487403426457,2:701.9910397612604):702.14871549992);
((2:568.8841386135584,3:572.9487403426457):568.8841386135584,(4:572.9487403426457,(1:572.9487403426457,5:707.3151134288903):707.3151134288903):675.0284130514098);
((2:572.9487403426457,5:702.14871549992):702.14871549992,(4:678.7872246864174,(1:572.9487403426457,3:559.6134014646756):707.3151134288903):572.9487403426457);
(2:702.14871549992,((3:700.8657430145578,4:566.9725646679672):702.14871549992,(1:581.9582990830428,5:566.9725646679672):675.2492968744258):702.14871549992);
((2:707.3151134288903,5:581.9582990830428):608.1675754417255,(1:772.2677871313626,(3:572.9487403426457,4:572.9487403426457):819.7541567463542):702.14871549992);
(2:572.9487403426457,((3:572.9487403426457,5:0.283598):1e-06,(1:572.9487403426457,4:0.411262):1e-06):0.890793);

Position, Posteriors1, Posteriors2, Posteriors3, Posteriors4, Posteriors5, Posteriors6, Posteriors7, Posteriors8, Posteriors9, Posteriors10, Posteriors11, Posteriors12, Posteriors13, Posteriors14, Posteriors15,
0, 0.005173806234634501, 0.005173806234634501, 0.005173806234634501, 0.005173806234634501, 0.09063906184600105, 0.300959982534445, 0.026860781698317685, 0.023007368284143646, 0.02684993746805059, 0.021296940721483498, 0.02875886129889976, 0.38162938881353475, 0.027647493148542257, 0.02553329182295299, 0.02612166759951907,
1, 0.0051023650660146575, 0.0051023650660146575, 0.0051023650660146575, 0.0051023650660146575, 0.09068075851693842, 0.30159309318455507, 0.02670861712636586, 0.022847600716254333, 0.026698655921275058, 0.02113411510819397, 0.028611053295069338, 0.3824762051100445, 0.027496226263843467, 0.025376978776474515, 0.02596723589024623,
2, 0.004951866538840124, 0.004951866538831116, 0.004951866538831116, 0.004951866538831116, 0.09079746121378314, 0.3022245986495775, 0.02656634079088559, 0.02271063150277049, 0.026575426609526973, 0.020996148283394224, 0.02848601411415487, 0.3833938314151069, 0.027363511044265463, 0.025245171682759287, 0.025833398711608658,
3, 0.004603232772993371, 0.004603232772993371, 0.004603232772993371, 0.004603232772993371, 0.09100069559423049, 0.3031283559318456, 0.026415321669616097, 0.022580355041845666, 0.026442067784951957, 0.020865416632404103, 0.02832103720808519, 0.38478597446550367, 0.02722118008165164, 0.025123026422874437, 0.02570363824830413,
4, 0.0038391756919547823, 0.0038391756919547823, 0.0038391756919547823, 0.0038391756919547823, 0.09139512084998794, 0.30459720704360926, 0.02627907508170818, 0.02246332267738812, 0.026331964249809024, 0.02074384977856157, 0.028159120494259223, 0.38697956577867465, 0.027089412087643986, 0.025013746027443898, 0.02559091333721396,
5, 0.002680672145031854, 0.002680672145031854, 0.002680672145031854, 0.002680672145031854, 0.09207071490794413, 0.30624766993214525, 0.026208401579024685, 0.02242704388606292, 0.026316011261416864, 0.020703135878443902, 0.028083995797387018, 0.38962989628376526, 0.02703783428932446, 0.024992211487489313, 0.02556039629050081,
6, 0.0010525338394519886, 0.0010525338394519886, 0.0010525338394519886, 0.0010525338394519886, 0.0930395302170981, 0.3083738979623004, 0.02612588759689982, 0.02240873410988315, 0.026320077602335797, 0.02068319041846451, 0.028017213938706428, 0.39328064203707097, 0.02699826659174547, 0.024996754966095058, 0.025545669376485666,
7, 0.0008038763904567404, 0.0008038763904552782, 0.0008038763904552782, 0.0008038763904552782, 0.0932527338833442, 0.30899860396933293, 0.02596232625995809, 0.02229081009248496, 0.026201578504737633, 0.020565358152037055, 0.02784926845222625, 0.3944813037903457, 0.026860739482198987, 0.02489375191539659, 0.02542802011118304,
8, 0.0002564105338918765, 0.0002564105338918765, 0.0002564105338918765, 0.0002564105338918765, 0.09361413236043405, 0.3099958549206754, 0.02579277200545149, 0.02217323700040093, 0.02609495750002714, 0.02044845136898246, 0.027705724635424783, 0.3963037115454329, 0.02673121004168304, 0.02480088521751702, 0.025313421443761037,
9, 0.00012028188449801146, 0.00012028188449801146, 0.00012028188449801146, 0.00012028188449801146, 0.09378650081599696, 0.3104894523525749, 0.02561376162368162, 0.022042028081272674, 0.025975555802931226, 0.020319886648855135, 0.027557608046443548, 0.3972879078183208, 0.026583702384650184, 0.02468360300282689, 0.02517886605951874,
10, 5.6525454240460084e-05, 5.6525454240460084e-05, 5.6525454240460084e-05, 5.6525454240460084e-05, 0.09394730928942917, 0.310961537476777, 0.025407394961025752, 0.021889748079278744, 0.025822975358370272, 0.02017230727420264, 0.02737646906465663, 0.3982278144318877, 0.026409556628971962, 0.024540616432036838, 0.025018169363268707,
11, 4.7584777226420746e-05, 4.7584777226420746e-05, 4.7584777226420746e-05, 4.7584777226420746e-05, 0.09405932144152908, 0.3113169716430913, 0.025223771290715118, 0.021753547758449607, 0.025687811719825388, 0.020039740703105536, 0.027218289138106255, 0.3989708640983782, 0.02625350954087077, 0.02441187492420286, 0.024873958810368295,
12, 3.4947526107214444e-05, 3.4947526107214444e-05, 3.4947526107214444e-05, 3.4947526107214444e-05, 0.09419440038945032, 0.31168631476494024, 0.025032065827989655, 0.021614355646115798, 0.025553007080253633, 0.0199039804657954, 0.027048336477534102, 0.39974261491150287, 0.026086484453539827, 0.024274541477643193, 0.024724108578589893,
13, 2.484386671152628e-05, 2.484386671148109e-05, 2.484386671148109e-05, 2.484386671148109e-05, 0.09426722677024156, 0.3120344425072473, 0.02485899074450027, 0.021485026341848547, 0.025428058581191113, 0.019775087029552905, 0.02688993505532725, 0.4004814337237632, 0.02593706519999441, 0.024153030791012685, 0.02459032796608438,
14, 1.7239062927688812e-05, 1.7239062927657455e-05, 1.7239062927688812e-05, 1.7239062927657455e-05, 0.09431812914793389, 0.312420254247929, 0.02467572540194549, 0.02134161889519772, 0.02529868102730073, 0.019629474846851163, 0.026725762923805806, 0.4012734628959291, 0.02577798872695168, 0.02402261128164156, 0.024447334530127155,
15, 7.233926464314279e-06, 7.233926464314279e-06, 7.233926464314279e-06, 7.233926464314279e-06, 0.09437205592043262, 0.3128664289943488, 0.024479653898841228, 0.021178633646217176, 0.025161463791155213, 0.019461567251376294, 0.026550345374168782, 0.40213400357549667, 0.02560272414113294, 0.023875333844593047, 0.02428885403380841,
16, 5.037658290374584e-06, 5.03765829036542e-06, 5.03765829036542e-06, 5.03765829036542e-06, 0.09444512731974379, 0.3132190989809359, 0.02430535130126787, 0.02103675215146547, 0.025044796883774142, 0.019315778961046488, 0.02639772594757805, 0.4028673868502288, 0.025448598925580112, 0.023748573611067005, 0.024150658611634856,
17, 5.961261503272894e-06, 5.961261503272894e-06, 5.961261503272894e-06, 5.961261503262051e-06, 0.09452593564096012, 0.31364805942690693, 0.024103669665376085, 0.02087576878375733, 0.024892953179908063, 0.01915346547911297, 0.02620373860871158, 0.4037169263349779, 0.0252674823752138, 0.023599695774595853, 0.023988459862375806,
18, 4.211783355338849e-06, 4.211783355331188e-06, 4.211783355331188e-06, 4.211783355331188e-06, 0.09460606498766452, 0.31402711310197917, 0.02394020321578093, 0.020736343731607796, 0.024762757345642126, 0.019012868541095847, 0.026041978627070694, 0.404422197281607, 0.025115491821899292, 0.023469040200556925, 0.023849094189559824,
19, 4.419232265141875e-06, 4.419232265141875e-06, 4.419232265141875e-06, 4.419232265133837e-06, 0.09469841885392856, 0.31447597557618157, 0.023752491455181848, 0.020579547532923407, 0.024601243115149884, 0.018857419729301585, 0.02584366829469552, 0.405229048318532, 0.02493906827543827, 0.02331775821672563, 0.023687683880340458,
20, 5.855272097045888e-06, 5.855272097045888e-06, 5.855272097045888e-06, 5.855272097045888e-06, 0.09481215853078942, 0.31498294158741547, 0.023543829766438203, 0.02040752050365858, 0.024412704336948355, 0.01868839035019051, 0.025617041424142183, 0.40611584259593503, 0.02474225117477815, 0.023147276160656493, 0.02350662265697858,
21, 8.188351363487339e-06, 8.188351363487339e-06, 8.188351363487339e-06, 8.188351363487339e-06, 0.09492342560325376, 0.31553312601203015, 0.023320973066143127, 0.020220006021361998, 0.024216135048122204, 0.018502785859643267, 0.025380273137534267, 0.40706255321914225, 0.024531605497794078, 0.02296393275352897, 0.023312430552812242,
22, 7.256828381989438e-06, 7.256828381989438e-06, 7.256828381989438e-06, 7.256828381989438e-06, 0.09505021582031602, 0.31615206988541417, 0.023083467620051177, 0.020018511557168665, 0.02399417179703179, 0.01830552557619312, 0.025123195167324117, 0.408076320313583, 0.024304945271734713, 0.022762143331142758, 0.023100406523893474,
23, 2.7493494863072703e-06, 2.7493494863072703e-06, 2.7493494863072703e-06, 2.7493494863072703e-06, 0.09522133367868554, 0.3166828927708692, 0.022846893295210908, 0.01983180496178827, 0.023792865184980232, 0.01812532040547451, 0.02488199851224634, 0.40904046227659796, 0.024088448707561983, 0.022576382685691215, 0.022900600301647908,
24, 1.1267927652770675e-06, 1.1267927652770675e-06, 1.1267927652770675e-06, 1.1267927652770675e-06, 0.0954094226456858, 0.3173055892491851, 0.02257699680774431, 0.019622280762999253, 0.023548235158610428, 0.017925859658000927, 0.024590091034910118, 0.4101434486740018, 0.023839094574639494, 0.0223632693220402, 0.022671205119210353,
25, 2.3211219300030466e-06, 2.3211219300030466e-06, 2.3211219300030466e-06, 2.3211219300030466e-06, 0.09552778333768075, 0.31786836804043656, 0.022344300297497673, 0.019435964204016564, 0.023321230861856213, 0.017744986417599258, 0.024322405393491422, 0.4111480629788009, 0.02362312118879405, 0.022181119358518395, 0.02247337361176988,
26, 4.8486684780253585e-06, 4.8486684780253585e-06, 4.8486684780253585e-06, 4.8486684780253585e-06, 0.09569512020660528, 0.31846076846569615, 0.022088715629892154, 0.019236760557566082, 0.02307575159385109, 0.01755461414243506, 0.024030943543312606, 0.41221259644593405, 0.023386082164618596, 0.021982426256797888, 0.022256826497429858,
27, 4.691429381804536e-06, 4.691429381804536e-06, 4.691429381804536e-06, 4.691429381804536e-06, 0.0958901145759485, 0.31910401583458864, 0.021807109009802726, 0.019023866182333624, 0.02280161896416059, 0.017352123685054857, 0.023696073157685345, 0.41339058105219073, 0.023126565305889787, 0.02176679121309389, 0.02202237548138022,
28, 3.883740950332322e-06, 3.883740950332322e-06, 3.883740950332322e-06, 3.883740950332322e-06, 0.0960714075141953, 0.3198104926230942, 0.021526025512915024, 0.01879864982793618, 0.02251996007566425, 0.01713315792804115, 0.02334274309868865, 0.41460945548992983, 0.022855543633943504, 0.021536951584267227, 0.02178007792641533,
29, 4.45862443770069e-06, 4.45862443770069e-06, 4.45862443770069e-06, 4.4586244376925794e-06, 0.096324821747883, 0.3204280991913629, 0.021252547836520846, 0.018587575317492125, 0.022262221766888694, 0.016931283512254692, 0.023014231446248295, 0.4157217930307172, 0.022594109368970227, 0.0213180448925965, 0.021547437570139164,
30, 6.8143135609327385e-06, 6.8143135609327385e-06, 6.8143135609327385e-06, 6.8143135609327385e-06, 0.09663909618712858, 0.3210790817936876, 0.020952288587168525, 0.018361560158032173, 0.021983195701986844, 0.016718277933920275, 0.022656734152133897, 0.41690231838065606, 0.022307615600385033, 0.021079596452959478, 0.02129297797548926,
31, 1.3329450746056894e-05, 1.3329450746056894e-05, 1.3329450746056894e-05, 1.3329450746056894e-05, 0.09698882651428982, 0.321801363370242, 0.020617785461607682, 0.018108673508937002, 0.0216784312719863, 0.016479695559846966, 0.022269988736730643, 0.41819318878450507, 0.02198827454302936, 0.020812351693751306, 0.021008102931341536,
32, 1.5023949634646448e-05, 1.5023949634646448e-05, 1.5023949634646448e-05, 1.502394963461912e-05, 0.09736843830723961, 0.32261870085747923, 0.02026192540864411, 0.01783631173020136, 0.02133689884655514, 0.01622524299684531, 0.02185401589782576, 0.4195775519915143, 0.02164522194317762, 0.02051839839713601, 0.020697198002546116,
33, 1.0053979195660542e-05, 1.0053979195660542e-05, 1.0053979195660542e-05, 1.0053979195660542e-05, 0.09778416828802904, 0.32351832479603476, 0.01985728614606005, 0.017544212552486133, 0.020945118594165806, 0.015953877165551873, 0.021331195869142956, 0.4212102651974653, 0.021252527647345393, 0.020204301599696373, 0.020358506405186143,
34, 7.198388297167551e-06, 7.198388297167551e-06, 7.198388297167551e-06, 7.198388297167551e-06, 0.09818544547794918, 0.3244711169403154, 0.019432697987975697, 0.01723136396527846, 0.020543301554218872, 0.01565990807003502, 0.02079506669656243, 0.42293324787630104, 0.02084109473726797, 0.019875118338476296, 0.02000284497987362,
35, 4.83050193288389e-06, 4.83050193288389e-06, 4.83050193288389e-06, 4.83050193288389e-06, 0.09849922902885118, 0.3253476505780506, 0.019062135939570853, 0.01694724269011976, 0.02016852739815862, 0.0153901679201234, 0.0203053259962578, 0.4245092458919883, 0.020479493553516494, 0.019584788244963916, 0.019686870929334854,
36, 4.294970967007812e-06, 4.294970967007812e-06, 4.294970967007812e-06, 4.294970967007812e-06, 0.09883174690974712, 0.32626017949165914, 0.01867503475355371, 0.016650350699335927, 0.019790268245638485, 0.015108940377789967, 0.0198112433276075, 0.42612396143975423, 0.020099630342807564, 0.019277186319117928, 0.01935427838735093,
37, 6.504558726312218e-06, 6.504558726312218e-06, 6.504558726312218e-06, 6.504558726312218e-06, 0.09915419980318488, 0.3272176187445385, 0.018278779113328567, 0.016345704553325357, 0.019384572351374328, 0.014820064373215562, 0.0192876678670569, 0.42780224340528916, 0.0197097777740186, 0.018960972614362543, 0.019012381342157433,
38, 5.3383113793143315e-06, 5.3383113793143315e-06, 5.3383113793143315e-06, 5.3383113793143315e-06, 0.0995172680054078, 0.3279231208783841, 0.01792980696608966, 0.016096952866704532, 0.0190568553037798, 0.014587555425180278, 0.0188504624038317, 0.42920280178469683, 0.019380708912699093, 0.018704896190482156, 0.01872821819347383,
39, 5.2371680480614545e-06, 5.2371680480614545e-06, 5.2371680480614545e-06, 5.2371680480614545e-06, 0.09995721498156208, 0.3285403537282369, 0.01758976485398595, 0.015862238410979827, 0.01875385654277628, 0.01437140576772229, 0.01844070304214788, 0.4304868838466461, 0.019062495640850927, 0.01845971009664379, 0.01845442459285107,
40, 9.799423806415364e-06, 9.799423806415364e-06, 9.799423806415364e-06, 9.799423806415364e-06, 0.10039346717122292, 0.3292084202550635, 0.017233601113750375, 0.015616403047133786, 0.018419722590880903, 0.014145575292925004, 0.017991030159631986, 0.43185611092930365, 0.01872723002669611, 0.01820257185054574, 0.01816667004423759,
41, 9.3225689106893e-06, 9.3225689106893e-06, 9.3225689106893e-06, 9.3225689106893e-06, 0.10088211099741275, 0.3299189277960883, 0.0169009858093202, 0.015373327483510595, 0.01809438409565546, 0.013924501434705652, 0.01757721385736702, 0.4330906294928175, 0.018398449747853686, 0.017925273887617485, 0.017876905297876694,
42, 1.4217316904432183e-05, 1.4217316904432183e-05, 1.4217316904432183e-05, 1.4217316904432183e-05, 0.10136371568178151, 0.33066655553006485, 0.016559181116723498, 0.015122776500052866, 0.01774504157100491, 0.013696271601245475, 0.017138535531569094, 0.43437458939153584, 0.018059685757228466, 0.017639014456996168, 0.01757776376879635,
43, 1.2598703405280715e-05, 1.2598703405280715e-05, 1.2598703405280715e-05, 1.2598703405280715e-05, 0.10187716816172293, 0.33144171309230663, 0.016232954380560452, 0.014874735871106198, 0.0174032335786165, 0.013472270006347473, 0.01672778726237141, 0.43557521353849676, 0.017725877714603062, 0.017341262713588428, 0.017277389040579773,
44, 1.8875395561305117e-05, 1.8875395561305117e-05, 1.8875395561305117e-05, 1.8875395561305117e-05, 0.10234667958884995, 0.33213795428222076, 0.015935867126556785, 0.014648322197447843, 0.017091195364500357, 0.013267428589528589, 0.01635562737164879, 0.43665144137808987, 0.017420077374534125, 0.017067724121996898, 0.017002181195823935,
45, 2.2179253939418236e-05, 2.2179253939418236e-05, 2.2179253939418236e-05, 2.2179253939418236e-05, 0.10287379219848998, 0.3329307153682242, 0.015623010372104848, 0.014398449816283928, 0.016758679823225257, 0.013041877955390276, 0.015975825725328352, 0.4377624570746055, 0.01708982985587559, 0.01675800590713636, 0.016698639060262664,
46, 2.9501417968771983e-05, 2.9501417968771983e-05, 2.9501417968771983e-05, 2.9501417968771983e-05, 0.10341405916769483, 0.33379068417564917, 0.015289016556653753, 0.014134046522707428, 0.01639043939939607, 0.012804644298083319, 0.015555031706344797, 0.43896356726626196, 0.016737371636496537, 0.01642827584591461, 0.016374857925667365,
47, 2.799939293685299e-05, 2.799939293685299e-05, 2.799939293685299e-05, 2.799939293685299e-05, 0.10395720147089317, 0.334462302346002, 0.014987601579048956, 0.013910723129460437, 0.01608177290916367, 0.012606718322041454, 0.015194996824041901, 0.4400045393342499, 0.016434091611767926, 0.016150290029536343, 0.01609776504654742,
48, 2.3478048759956997e-05, 2.3478048759956997e-05, 2.3478048759956997e-05, 2.3478048759956997e-05, 0.10458234288720474, 0.33513614173861367, 0.014638255469811843, 0.013668917112465002, 0.015757850757608712, 0.012392362355098385, 0.014795455943750684, 0.44118305062659346, 0.016098037090731498, 0.015855634370647007, 0.015798039625712374,
49, 2.149489535173464e-05, 2.149489535173464e-05, 2.149489535173464e-05, 2.149489535173464e-05, 0.1052087656230202, 0.33564769126800037, 0.014337624054493535, 0.01346613236495563, 0.015487604088232985, 0.012214652609980985, 0.014458251702475396, 0.4421343965141359, 0.015810915698840834, 0.015605249946320903, 0.015542736721980659,
50, 2.0132354594363674e-05, 2.0132354594327055e-05, 2.0132354594327055e-05, 2.0132354594327055e-05, 0.10573399762958528, 0.3361331771124134, 0.014065609037289371, 0.013281375696438483, 0.015228454461606027, 0.01205203461015146, 0.014135273726660362, 0.4430449957131146, 0.015551810216316842, 0.015380172189630933, 0.015312570363593441,
51, 2.248781936696292e-05, 2.248781936696292e-05, 2.248781936696292e-05, 2.248781936696292e-05, 0.10629984298351766, 0.3367003190764156, 0.013758691999377907, 0.013072178820257631, 0.014936626134415158, 0.01186826898141284, 0.013771914861229516, 0.44407031038563516, 0.015257559175291696, 0.015123497295383346, 0.015050839184250101,
52, 1.7575534463654368e-05, 1.7575534463654368e-05, 1.7575534463654368e-05, 1.7575534463654368e-05, 0.1068640965977553, 0.3371766220776163, 0.013501401430347434, 0.01289461956634911, 0.014690502898609226, 0.011713939816741714, 0.013468773729169579, 0.44489441784619443, 0.015005151393585771, 0.014895290318451026, 0.014824882361189368,
53, 1.3633703904158583e-05, 1.3633703904133784e-05, 1.3633703904158583e-05, 1.3633703904133784e-05, 0.10731716484363135, 0.33761475796922785, 0.013279688394267292, 0.012737498495396913, 0.014464791332525699, 0.011576322514365259, 0.013195361258431607, 0.44564791840687656, 0.014784133492541887, 0.014700104425166123, 0.014627724225926463,
54, 4.656040624769581e-06, 4.656040624769581e-06, 4.656040624769581e-06, 4.656040624769581e-06, 0.107718582781247, 0.3380217534567326, 0.013092791735086713, 0.012599761044649362, 0.01426452016185566, 0.011456184826533712, 0.012961146450562042, 0.44629526000800934, 0.014590172000475056, 0.014527580809124353, 0.014453622736622741,
55, 2.084855638488641e-06, 2.084855638484849e-06, 2.084855638488641e-06, 2.084855638484849e-06, 0.10813092722845123, 0.3384734661948076, 0.012884807960727137, 0.012441404064168745, 0.014051832013744693, 0.011315298731846108, 0.012713970500500112, 0.44700878058977495, 0.014374785333519782, 0.01433671275059838, 0.014259675383116842,
56, 1.1742484636878999e-06, 1.1742484636857639e-06, 1.1742484636878999e-06, 1.1742484636857639e-06, 0.10857329769109292, 0.3389360800910571, 0.012668035522760773, 0.012277982339195647, 0.013833918550905181, 0.011170678583189746, 0.012463090273851816, 0.44773005196458554, 0.014149878227229249, 0.014135943226686223, 0.014056346709143087,
57, 1.8775371388956607e-06, 1.8775371388956607e-06, 1.8775371388956607e-06, 1.8775371388956607e-06, 0.10899678824640686, 0.33932652487283765, 0.012475512312781458, 0.012135093695444557, 0.01364722865005005, 0.011045256023146854, 0.012249419391494954, 0.4483390308085272, 0.013948517197194482, 0.013954937677425535, 0.013874181151475921,
58, 2.761623314611198e-06, 2.761623314611198e-06, 2.761623314611198e-06, 2.761623314611198e-06, 0.10944843510278353, 0.3396677021613319, 0.01229058936142035, 0.012000674938381138, 0.013473401601544996, 0.010928534578467328, 0.012048575974812478, 0.44889183014969847, 0.01375613038282334, 0.013782672709537331, 0.013700406721110702,
59, 6.1084671416139695e-06, 6.1084671416139695e-06, 6.1084671416139695e-06, 6.1084671416139695e-06, 0.10989033929575104, 0.34003169706272496, 0.01210176949660671, 0.011862913823639859, 0.013286418486790354, 0.010808633683068008, 0.01183545106272763, 0.44947078613135744, 0.01355920237266558, 0.013606129278064207, 0.013522225612949513,
60, 5.661609551909595e-06, 5.661609551909595e-06, 5.661609551909595e-06, 5.661609551909595e-06, 0.11033234582043057, 0.34032036655637415, 0.011947622735219413, 0.011749513950078882, 0.013132776971758556, 0.010711476029871, 0.011662209956071628, 0.44990291189011394, 0.013393986556096459, 0.013452298786111922, 0.013371844485403532,
61, 6.2244360836412766e-06, 6.2244360836412766e-06, 6.2244360836412766e-06, 6.2244360836412766e-06, 0.11078826600022447, 0.34051066812806036, 0.01181661899233919, 0.01165716898932438, 0.013006941670086368, 0.01063418119560452, 0.011517706206186824, 0.4502205096257819, 0.013254333170248789, 0.013323207062506259, 0.013245501390557848,
62, 9.040729188086464e-06, 9.040729188086464e-06, 9.040729188086464e-06, 9.040729188086464e-06, 0.11130928267076089, 0.3407027311775816, 0.011670742870329693, 0.011554359494188513, 0.012874471067855602, 0.010548059191182403, 0.011364748563460557, 0.45055229775403394, 0.0130999139955688, 0.013181513406707975, 0.013105717066446494,
63, 1.359642431396648e-05, 1.359642431396648e-05, 1.359642431396648e-05, 1.359642431396648e-05, 0.11183003374933184, 0.34092236166499135, 0.011515837863719887, 0.011442115755514706, 0.012736935764399502, 0.01045249000825237, 0.011205688227436346, 0.45091668394899276, 0.012935974873671824, 0.013030579846083712, 0.012956912776013813,
64, 2.006472337047637e-05, 2.006472337047637e-05, 2.006472337047637e-05, 2.006472337047637e-05, 0.11236648305137653, 0.3411647432381032, 0.011351807855522323, 0.011323721217183245, 0.012585931086405216, 0.010352026527593039, 0.011032287607263115, 0.4513101580633809, 0.012762700910691767, 0.012870666888633876, 0.012799214837030974,
65, 2.20329592100708e-05, 2.20329592100708e-05, 2.20329592100708e-05, 2.20329592100708e-05, 0.11288516520992478, 0.34141829303833754, 0.011189662549879896, 0.01120674848498454, 0.012428734203696211, 0.01025248827152266, 0.01084890292341225, 0.4517315721278666, 0.01259177348587692, 0.012714449477295142, 0.012644078567667208,
66, 2.7146443920888968e-05, 2.7146443920888968e-05, 2.7146443920888968e-05, 2.7146443920888968e-05, 0.1134182326377368, 0.3415731092227487, 0.011050009327480926, 0.011110048730989105, 0.01229831895551731, 0.010172042759607048, 0.010693845135293126, 0.45203652067697797, 0.012445467367771749, 0.012581778347538255, 0.012512041239961453,
67, 2.6469588809950257e-05, 2.6469588809950257e-05, 2.6469588809950257e-05, 2.6469588809950257e-05, 0.11399158976779311, 0.34168882791727234, 0.0109347748772619, 0.01102799461523791, 0.012188293012076174, 0.01010551395669685, 0.010565172607991417, 0.452220656983265, 0.012318313237140098, 0.012457232111652703, 0.012395752736513133,
68, 1.9298617436523595e-05, 1.929861743648849e-05, 1.929861743648849e-05, 1.929861743645339e-05, 0.11460568696659161, 0.3418279702960228, 0.010823790752991395, 0.010944908187097726, 0.012078520789369702, 0.010039076733266468, 0.01044461652391974, 0.45236807838490617, 0.012190651389291346, 0.012323570802143727, 0.012275934883614642,
69, 1.2451078654750808e-05, 1.2451078654750808e-05, 1.2451078654750808e-05, 1.245107865472816e-05, 0.11521940049778233, 0.34189237924799415, 0.010722782258944994, 0.010875612440140335, 0.011987959214331411, 0.009985806379011301, 0.010343403976917047, 0.45246398602219295, 0.012079644904697573, 0.012207787678843632, 0.012171433242515108,
70, 8.099166026807345e-06, 8.099166026807345e-06, 8.099166026807345e-06, 8.099166026807345e-06, 0.11573741241235058, 0.3419455291373295, 0.010641459587294311, 0.01081774042123983, 0.01190735441424856, 0.009941481916842684, 0.010255791834522824, 0.45253633535326837, 0.011988632798300265, 0.012111401239513112, 0.012084464399463129,
71, 6.412428509594199e-06, 6.412428509582535e-06, 6.412428509582535e-06, 6.412428509582535e-06, 0.11634971355706045, 0.341896217886505, 0.010570049799753428, 0.010772282981124062, 0.011843233808171543, 0.00990999232933906, 0.010183092482037113, 0.452502858677118, 0.01190933569132888, 0.012028123252686623, 0.01200945000020579,
72, 1.6963097404069813e-06, 1.6963097404038955e-06, 1.6963097404069813e-06, 1.6963097404038955e-06, 0.11705192121980636, 0.341783600494047, 0.010493053246467945, 0.010729332064484001, 0.011783705334025871, 0.009882301921839717, 0.010111370939495176, 0.4524457657117705, 0.011829077014946577, 0.011948015876799781, 0.011935071115592973,
73, 8.192445281423879e-07, 8.192445281408977e-07, 8.192445281423879e-07, 8.192445281408977e-07, 0.11772093369701928, 0.34164836282718564, 0.010426334585797122, 0.010694547165517649, 0.011733789400555212, 0.009861732795136894, 0.010050515857290042, 0.4523538745493947, 0.011758863640273879, 0.011877457120438084, 0.011870311563468402,
74, 5.130503835180509e-07, 5.130503835180509e-07, 5.130503835180509e-07, 5.130503835180509e-07, 0.11840870104498087, 0.34152540211862337, 0.010353868020074295, 0.010654775097895076, 0.011682462945737774, 0.009836738112125333, 0.009988199523412596, 0.452267760169627, 0.011681811094443361, 0.011799388816059759, 0.011798841035617534,
75, 1.0985922469376854e-06, 1.0985922469376854e-06, 1.0985922469376854e-06, 1.0985922469376854e-06, 0.11906796823364134, 0.34142063122425304, 0.010279802889238155, 0.010610778237744305, 0.01163032375927837, 0.0098063106767065, 0.009925861258249057, 0.4522047102325307, 0.011603024937692486, 0.011720462028478401, 0.011725732332351317,
76, 1.5257684267185568e-06, 1.5257684267185568e-06, 1.5257684267185568e-06, 1.5257684267185568e-06, 0.11977796101542033, 0.3412780895425956, 0.010207374826060026, 0.010570049915191188, 0.011583015319312185, 0.00977970449937731, 0.009867450381708016, 0.45210441526088746, 0.011526605702381964, 0.011644185888749624, 0.011655044752925725,
77, 3.3848389459301645e-06, 3.3848389459301645e-06, 3.3848389459301645e-06, 3.3848389459301645e-06, 0.12052887232990574, 0.34113474918002096, 0.010128867832088656, 0.010525457145093823, 0.011531949430860819, 0.009750177762661, 0.009806234018492637, 0.45199849766306466, 0.01144352354511688, 0.011560574277950663, 0.011577557638289495,
78, 7.343975650719651e-06, 7.343975650719651e-06, 7.343975650719651e-06, 7.343975650719651e-06, 0.1213194517918188, 0.3410130386368727, 0.010038796485130645, 0.010472503482860404, 0.011466357034030617, 0.00971370323792009, 0.009731705957491671, 0.45191479368098064, 0.0113481945538967, 0.011464236238886706, 0.011487843177047742,
79, 8.50946292088366e-06, 8.50946292088366e-06, 8.50946292088366e-06, 8.50946292088366e-06, 0.12207103454474218, 0.34092889133035253, 0.009954460255553348, 0.01041901401744875, 0.011394864265831917, 0.009677106863060121, 0.009656714778240786, 0.4518406465846237, 0.011256489773970528, 0.011368388295577032, 0.011398351617033262,
80, 7.79939287697835e-06, 7.79939287697835e-06, 7.79939287697835e-06, 7.79939287697835e-06, 0.12288711230869578, 0.34083652597064884, 0.009851348259606174, 0.010357034039335153, 0.011312824006784015, 0.009634317000431913, 0.009570223229430056, 0.4518074640137063, 0.011152036503735892, 0.011263280163903561, 0.011296637111712108,
81, 5.109678081906587e-06, 5.109678081906587e-06, 5.109678081906587e-06, 5.1096780818972925e-06, 0.12378095219982853, 0.34078386436397745, 0.009739219848054247, 0.010284569903159785, 0.011217538539234864, 0.00958283877743361, 0.009469850044520991, 0.45177250716635314, 0.01103182552271629, 0.01113687807286225, 0.011179517030005507,
82, 5.585706035266506e-06, 5.585706035256346e-06, 5.585706035256346e-06, 5.585706035246186e-06, 0.12465708333195001, 0.34075208702729787, 0.009623547308775042, 0.0102093063504191, 0.011112525066033488, 0.009529043097791488, 0.00935979664020447, 0.4517614977575025, 0.010907196463633768, 0.011007005752645382, 0.011058568558388064,
83, 2.3296851002382535e-06, 2.3296851002382535e-06, 2.3296851002382535e-06, 2.3296851002340158e-06, 0.12559118855725962, 0.34070545231628485, 0.009489629167409221, 0.010125516591777024, 0.011002625956257672, 0.009468319656484654, 0.00924480172987344, 0.4517919937631765, 0.010771962409258427, 0.010871829598523473, 0.01092736169402988,
84, 1.982753786934561e-06, 1.982753786934561e-06, 1.982753786930954e-06, 1.982753786930954e-06, 0.12653248691797228, 0.34069125768016967, 0.009341746528769236, 0.010027386070653652, 0.010886633474580765, 0.00939319554442095, 0.00912439011249117, 0.45186585536500423, 0.010622723467804282, 0.010723958918550958, 0.010782435084661555,
85, 1.9850371337145947e-06, 1.9850371337145947e-06, 1.9850371337145947e-06, 1.9850371337145947e-06, 0.1274424981796176, 0.3407361692997568, 0.009182486952265844, 0.009914836184117565, 0.010765766890544775, 0.009302775976481993, 0.008998746671207647, 0.45200021302420357, 0.010460763561005709, 0.01056279519869892, 0.010625008092858509,
86, 2.039556908920459e-06, 2.039556908920459e-06, 2.039556908920459e-06, 2.039556908920459e-06, 0.1283514160964609, 0.3408083088467969, 0.009015390479575603, 0.00979373946751093, 0.010641345993693636, 0.00920380168709058, 0.008869013510292425, 0.4521651151853131, 0.010290736870469592, 0.01039338566618041, 0.010459588147865002,
87, 2.0051782055336828e-06, 2.0051782055336828e-06, 2.0051782055336828e-06, 2.0051782055336828e-06, 0.12921411743492814, 0.3409175956646349, 0.008844684846531892, 0.009665333974294442, 0.010516856068122162, 0.00909611100425047, 0.008738756935897306, 0.4523712890631934, 0.010116919183687035, 0.010220003456041273, 0.010290311836700343,
88, 2.801715734557205e-06, 2.801715734557205e-06, 2.801715734557205e-06, 2.801715734557205e-06, 0.13013671790998677, 0.3410572124801706, 0.008654893450927223, 0.009521369295134335, 0.010379844183587039, 0.008974468382205615, 0.00859681352857437, 0.45261475627508796, 0.009923739230697375, 0.010027218961601449, 0.010101759620224868,
89, 3.5709144846344904e-06, 3.5709144846344904e-06, 3.5709144846344904e-06, 3.5709144846344904e-06, 0.13088359706854044, 0.3411864853428278, 0.008499801455750232, 0.00939997130038738, 0.01026018198615151, 0.008871322923304855, 0.00847576819554956, 0.45283086484792917, 0.009762684718292872, 0.009870333522713777, 0.009944705161901693,
90, 4.649446523301552e-06, 4.649446523301552e-06, 4.649446523301552e-06, 4.649446523301552e-06, 0.13164909706480732, 0.34133623662149076, 0.008336647239063199, 0.009272906229509123, 0.010129028495203378, 0.008763692897807337, 0.00834364242924327, 0.45307182437524196, 0.0095934858708684, 0.009705334588385656, 0.009779506584152697,
91, 6.593169569645727e-06, 6.593169569633734e-06, 6.593169569633734e-06, 6.593169569633734e-06, 0.13241233456087537, 0.34151310501845544, 0.008167334640142574, 0.009141834474030866, 0.009982990573189703, 0.008653097221093272, 0.008197428532775252, 0.45334516503939515, 0.009418080271135599, 0.009534184169585392, 0.009608073003810407,
92, 9.178074725543942e-06, 9.178074725543942e-06, 9.178074725543942e-06, 9.178074725543942e-06, 0.13297233529812333, 0.3416515612621983, 0.00803953744663747, 0.00904233484584447, 0.009866725906890158, 0.008568908979859922, 0.00808073873666184, 0.45357010886743543, 0.009286088377735879, 0.009405861754591863, 0.009479086407990962,
93, 1.05546885687552e-05, 1.05546885687552e-05, 1.05546885687552e-05, 1.05546885687552e-05, 0.1335276625832664, 0.3417662375214328, 0.007927528233006739, 0.008954104816447735, 0.009765645040340802, 0.008495442262353544, 0.007981854117698932, 0.45372477178091797, 0.009166702246967194, 0.009286294545830085, 0.009361538279913003,
94, 1.4116861537360313e-05, 1.4116861537334634e-05, 1.4116861537334634e-05, 1.4116861537334634e-05, 0.13408304058492482, 0.3418284576977961, 0.007828174623684889, 0.008878032871228191, 0.009679532158724899, 0.008433420430498011, 0.007897158486623944, 0.4538173870483876, 0.009060960211986692, 0.009180006275289119, 0.00925736234817903,
95, 1.8986124237347787e-05, 1.8986124237347787e-05, 1.898612423731325e-05, 1.8986124237347787e-05, 0.13446996710390918, 0.34186555185304524, 0.0077593180515567895, 0.008826366593498398, 0.009615963823112675, 0.008392070588779027, 0.007834247090843748, 0.4538807941464264, 0.008987798433957547, 0.009106618974894669, 0.009185359025800092,
96, 2.0000100639468423e-05, 2.0000100639432045e-05, 2.0000100639432045e-05, 2.0000100639432045e-05, 0.13481856826248506, 0.34191685569037156, 0.007692178072160154, 0.008773842360235267, 0.009553446778764173, 0.008349309562877511, 0.007775787065116987, 0.4539704002961838, 0.008916647245719106, 0.00903839362194696, 0.00911457082306844,
97, 2.2021080178167885e-05, 2.202108017812783e-05, 2.202108017812783e-05, 2.202108017812783e-05, 0.1351626578146129, 0.34198722616114047, 0.007620045026972255, 0.008715241230814564, 0.009488001172982196, 0.00830026039010393, 0.007714252901864891, 0.4540808042252985, 0.008840195387892082, 0.008964802275058468, 0.009038429274999846,
98, 1.956678572778944e-05, 1.956678572778944e-05, 1.956678572778944e-05, 1.956678572778944e-05, 0.13554120923429822, 0.3420425717636149, 0.007531407196597093, 0.008648950829349206, 0.009419163310829577, 0.008244693806076875, 0.007650546852376891, 0.4542448904377767, 0.008756245467065596, 0.008887834053559933, 0.008954220087231474,
99, 2.340408024772975e-05, 2.340408024772975e-05, 2.340408024772975e-05, 2.340408024772975e-05, 0.13591681796203106, 0.3420644845728407, 0.007450261413591508, 0.008590015446067094, 0.009360424370572792, 0.00819625695448756, 0.007596977797337079, 0.454358870968898, 0.008679105776591492, 0.008816565698399018, 0.008876602900698903,
100, 2.1801235399276366e-05, 2.1801235399276366e-05, 2.1801235399276366e-05, 2.1801235399276366e-05, 0.13627410204053444, 0.3421267837540506, 0.007368289394431393, 0.008525470237891844, 0.009300934195139974, 0.008140827226815946, 0.007541087304787105, 0.45450131648817393, 0.008598187290328274, 0.008740211216114525, 0.00879558609354946,
101, 2.091782454892024e-05, 2.091782454892024e-05, 2.091782454892024e-05, 2.091782454892024e-05, 0.13656603702030176, 0.3421887099124734, 0.007296711863435401, 0.00846923879248934, 0.009244449564733692, 0.00809260348348333, 0.007488113003030612, 0.4546426994960957, 0.00852803384470406, 0.008674459614879677, 0.008725272291088399,
102, 1.599789048006457e-05, 1.599789048006457e-05, 1.599789048006457e-05, 1.599789048006457e-05, 0.13682170697779597, 0.3422697026878662, 0.007227421984272724, 0.00841191390823415, 0.009188955405269053, 0.008042509713475298, 0.0074387155203691005, 0.4548056768785967, 0.008461423088439614, 0.008611492282483325, 0.00865649017694069,
103, 1.4186307208271095e-05, 1.418630720824529e-05, 1.418630720824529e-05, 1.418630720824529e-05, 0.1370799201467833, 0.3423019165573026, 0.007169402546776871, 0.00836611400397131, 0.009146439888374817, 0.008003616384141843, 0.007401021045140354, 0.4549092520457933, 0.008406460190815342, 0.008559668147095325, 0.008599443999752963,
104, 9.178769927393409e-06, 9.178769927393409e-06, 9.178769927393409e-06, 9.178769927393409e-06, 0.1373889336491989, 0.342317206035878, 0.007114441258981484, 0.008322710586905634, 0.009108034018778837, 0.007967838756884265, 0.0073674789153749904, 0.4549722417206405, 0.00835340009972234, 0.008507362158651891, 0.008543637903710693,
105, 7.928368940383014e-06, 7.928368940368593e-06, 7.928368940368593e-06, 7.928368940368593e-06, 0.13766542160109616, 0.34235102296519504, 0.007058159668776177, 0.008275919697410566, 0.00906821823603609, 0.007927777226762652, 0.007332713558811469, 0.4550516308693835, 0.008298428474121043, 0.008453059210325376, 0.008485935202396964,
106, 4.273853075542223e-06, 4.273853075542223e-06, 4.273853075534449e-06, 4.273853075542223e-06, 0.13797332628844886, 0.34238469231909946, 0.007015020588639585, 0.008237187635832338, 0.009038427917564712, 0.007895805590943153, 0.007310698641490364, 0.4550416206431214, 0.008251939365158155, 0.008398946461855062, 0.00843523932091054,
107, 2.727771847874505e-06, 2.727771847874505e-06, 2.727771847874505e-06, 2.727771847874505e-06, 0.13835715806280785, 0.3423721316489223, 0.006970297781794097, 0.008199636766483363, 0.00901189878042543, 0.007866172647792454, 0.007290743074058096, 0.4549881154309086, 0.00820444453679955, 0.008344665478298903, 0.00838382488825729,
108, 2.3254823042432253e-06, 2.3254823042432253e-06, 2.3254823042432253e-06, 2.3254823042432253e-06, 0.1387604390917249, 0.3423761079956369, 0.0069178303607631934, 0.008154429526914, 0.00897940446735473, 0.007829271469199635, 0.007265867252866136, 0.4549528926631471, 0.00814876773659069, 0.008281812310881317, 0.008323875379930278,
109, 2.9369275227510924e-06, 2.9369275227510924e-06, 2.93692752274575e-06, 2.9369275227510924e-06, 0.13917435794795394, 0.3424095566282631, 0.006856098391582315, 0.008101662077935067, 0.008934094128285275, 0.007786206626407997, 0.007229147232567323, 0.4549515565634875, 0.008082805240917314, 0.008208975604176822, 0.008253792033202232,
110, 1.1968548738788958e-06, 1.1968548738767187e-06, 1.1968548738767187e-06, 1.1968548738767187e-06, 0.13958721662110998, 0.34247762024877, 0.006791726584117371, 0.008044815535456521, 0.008879181487356842, 0.007740202576388818, 0.00718641709561256, 0.4549669333869434, 0.008013016312122279, 0.008129847064165065, 0.00817823585444129,
