Optimize time:20.745542166431743
Begin Prob:-13657.168970523231
End Prob:-13622.004575717789
Substitution parameters:[0.217193946012299, 0.25552327007215786, 0.2673168501889244, 0.25996593372661875, 1.5487149530225384]
Trees:
(1:587.7054856834723,(5:673.7624049886572,(2:662.5573888960893,(3:673.7624049886572,4:618.0235874278635):673.7624049886572):673.7624049886572):674.5529163446388);
(1:673.7622388951245,((3:498.4056348895125,4:455.79247313260174):626.7621419886482,(2:455.79247313260174,5:498.4056348895125):617.4671770210375):618.034370715906);
(1:673.7624049886572,(4:498.4056348895125,(3:617.9784087857144,(2:674.5555253744684,5:618.0344316278736):617.9784087857144):673.7624049886572):662.5573888960893);
(1:627.9205689174701,((4:606.0721057555343,5:618.034370715906):674.1505196143933,(2:674.1505196143933,3:587.7054856834723):618.034370715906):618.034370715906);
(1:618.034370715906,(4:618.034370715906,(5:686.8770746025838,(2:673.7622388951245,3:529.3096057572143):674.1505196143933):594.7245787486721):618.034370715906);
((4:674.4957115500551,(3:673.7624049886572,5:673.7622388951245):610.787105973888):674.4965327612487,(1:618.4829062424701,2:617.989096563343):519.531633069487);
(1:662.5575232685799,(2:673.7624049886572,(5:674.1505196143933,(3:673.7624049886572,4:607.061024136013):674.4983989985758):587.7054856834723):674.1505196143933);
((4:673.7624049886572,(2:673.7624049886572,3:618.034370715906):674.4965327612487):498.4056348895125,(1:618.034370715906,5:618.0235874278635):673.7622388951245);
(1:673.7622388951245,(3:674.1505196143933,(4:673.7624049886572,(2:519.5316946817013,5:674.4957115500551):674.1505196143933):673.7624049886572):554.477760534628);
(1:673.7624049886572,(3:674.4965327612487,(5:673.7624049886572,(2:673.7624049886572,4:519.531633069487):612.966586403251):674.1505196143933):455.61315096750104);
((3:674.1505196143933,(2:455.7953284449164,4:455.7953284449164):455.7953284449164):618.034370715906,(1:674.1505196143933,5:618.034370715906):539.4312320668065);
(1:607.5880372924686,(3:618.0323253667577,(2:604.3017250294213,(4:673.7624049886572,5:674.4965327612487):618.034370715906):610.787105973888):616.2224881258165);
(1:607.5757073782398,((2:618.034370715906,4:519.5316946817013):455.61315096750104,(3:662.5573888960893,5:381.96669272617794):455.7947499765857):455.79247313260174);
(1:608.3510450313537,(4:617.4671770210375,(2:618.034370715906,(3:674.5529163446388,5:608.3509516359806):610.787105973888):455.7953284449164):381.96669272617794);
((3:618.0329432508075,(4:0.789326,5:1.29581):1e-06):0.125538,(1:618.034370715906,2:618.0338917157327):0.125538);

Position, Posteriors1, Posteriors2, Posteriors3, Posteriors4, Posteriors5, Posteriors6, Posteriors7, Posteriors8, Posteriors9, Posteriors10, Posteriors11, Posteriors12, Posteriors13, Posteriors14, Posteriors15,
0, 0.00023243794974332484, 0.00023243794974332484, 0.05858071469491509, 0.08043835121594968, 0.08032343735169928, 0.0954545388402122, 0.03065557628270239, 0.08911225833407935, 0.05880551820334572, 0.08036898313488917, 0.08908028901356534, 0.08026182137991149, 0.08045123339736951, 0.0804586434804997, 0.09554375830891314,
1, 0.00018003360006517183, 0.00018003360006517183, 0.05854229049783004, 0.08044908934985416, 0.08033471401963134, 0.09550575123765583, 0.030578927552520483, 0.0891567649627582, 0.058768426994381597, 0.08037958985317971, 0.08912481885855078, 0.08027320657435319, 0.0804619888609549, 0.08046939103364627, 0.09559497254204646,
2, 0.000150980071714714, 0.00015098007171443937, 0.058500589998089145, 0.08045251265525664, 0.08033875513910355, 0.0955576637575295, 0.030511370249647014, 0.08919781483146935, 0.05872809061937567, 0.08038289728156998, 0.08916590525199228, 0.08027738340323137, 0.08046542368844924, 0.08047281356451268, 0.09564681895414198,
3, 0.00013704000346949517, 0.00013704000346949517, 0.05846383843237254, 0.08044901927218867, 0.0803360266791249, 0.09560345171191506, 0.03045594582200183, 0.08923942182450886, 0.058692777237212584, 0.08037929873938335, 0.08920756565070598, 0.08027483660979322, 0.08046193415018053, 0.08046930448262402, 0.09569249891864975,
4, 0.00013131494046433902, 0.00013131494046410017, 0.0584254601292923, 0.08044070965272677, 0.08032856341630233, 0.0956529135516223, 0.030409896704193674, 0.08928043804109483, 0.05865588166972954, 0.0803708969762024, 0.08924864815513019, 0.08026758187990521, 0.08045362302360913, 0.08046096953463665, 0.09574178692286696,
5, 0.0001205168220464014, 0.00012051682204618218, 0.05838403375066492, 0.08042952495464012, 0.0803178903821837, 0.09570377499189614, 0.030370366214535136, 0.0893341134003333, 0.058615528790710886, 0.08035963603685496, 0.08930233568385659, 0.08025702161155902, 0.08044245184193557, 0.08044979358957334, 0.09579249464521547,
6, 0.000107499551782913, 0.00010749955178252193, 0.05834020069912415, 0.08043109814758151, 0.08031934026578351, 0.09574317941868644, 0.030298758532392958, 0.08938254701862458, 0.05857220961011277, 0.08036114424853373, 0.08935071487664063, 0.08025839786628428, 0.08044403996313725, 0.08045139103022557, 0.09583197875727226,
7, 9.589620174156428e-05, 9.589620174138985e-05, 0.058296247098651915, 0.08042743439880122, 0.08031545970140638, 0.09578455597796776, 0.030239327605199727, 0.08943756881037149, 0.058528564502691234, 0.08035742212585782, 0.08940566417737365, 0.08025441679422841, 0.08044039189067118, 0.08044775592246074, 0.0958733981293223,
8, 7.601143967995412e-05, 7.601143967953932e-05, 0.058264413525877266, 0.08042688288631082, 0.08031426618111062, 0.09583916196391609, 0.030188144581268887, 0.08946282812647843, 0.05849646465331954, 0.08035681571849713, 0.08943083372522173, 0.08025299545503083, 0.08043986287282419, 0.0804472554573452, 0.09592805151161392,
9, 6.764189524081776e-05, 6.764189524057168e-05, 0.058237598906120944, 0.08041935412691519, 0.08030664813457292, 0.09587743484208373, 0.030143991434224443, 0.08950441845304688, 0.05846992737174131, 0.08034922723923589, 0.08947238052102655, 0.08024531312395089, 0.08043234687348062, 0.0804397490827587, 0.09596632563852402,
10, 5.969773185513137e-05, 5.969773185491419e-05, 0.058201915128839564, 0.08041342871710541, 0.08030090759788616, 0.09591912977836853, 0.030091913166253297, 0.08954966913112086, 0.0584348968017446, 0.08034325018900466, 0.08951761361812854, 0.0802395895828944, 0.08042645235136815, 0.08043387347162213, 0.09600796453961234,
11, 4.689390503174049e-05, 4.689390503156989e-05, 0.058173529379693466, 0.08040392946245419, 0.0802912701108892, 0.09595358160304358, 0.03005186019505925, 0.08960502695884097, 0.05840668498841011, 0.08033370710469921, 0.08957290303491067, 0.08022987290578833, 0.08041699135452138, 0.08042444529250219, 0.09604240933650342,
12, 3.8046360670237445e-05, 3.804636067016824e-05, 0.058129575355965926, 0.08039619969801712, 0.08028311942852112, 0.09599256970042482, 0.03000015004209215, 0.08966835126909536, 0.05836280034785187, 0.08032594758144822, 0.0896361207641988, 0.08022156300191938, 0.08040929829386435, 0.08041678969932439, 0.09608142163463985,
13, 3.147271729945727e-05, 3.147271729934277e-05, 0.058067811400142916, 0.08039076003554618, 0.08027698262025684, 0.09603747411158119, 0.029934984016125075, 0.08974150520353255, 0.05830103095590223, 0.08032049005654929, 0.08970912876145042, 0.08021518793053088, 0.08040389441432451, 0.0804114284879103, 0.09612637611053226,
14, 2.860771838796353e-05, 2.8607718387911494e-05, 0.05801282948632587, 0.08038595483519424, 0.08027201140209436, 0.09608992197190244, 0.02987089339391761, 0.08979332387605829, 0.05824658132058933, 0.08031565714425291, 0.08976088513905026, 0.08021013530050225, 0.08039912904101626, 0.08040669678018215, 0.09617876441122575,
15, 2.6444380656982216e-05, 2.6444380656934114e-05, 0.05794470885835911, 0.08037724053369694, 0.08026340512782297, 0.09614987236697307, 0.029808939863434334, 0.089860324790696, 0.058179331769053794, 0.08030690057228605, 0.08982784572780585, 0.08020152506481908, 0.08039044076825631, 0.08039802693609492, 0.09623854839878483,
16, 3.054712898399252e-05, 3.054712898393695e-05, 0.05786237371496173, 0.08036311067357473, 0.08025030757573386, 0.09621732101752706, 0.0297501795712108, 0.08994086678391186, 0.05809900320876777, 0.08029272971857118, 0.08990845522871828, 0.08018869967631868, 0.08037632796208011, 0.08038390564649889, 0.09630562450353519,
17, 3.123857278761633e-05, 3.123857278761633e-05, 0.05775965595884591, 0.08034765199093812, 0.0802355182524927, 0.09629504499373871, 0.029688475917010196, 0.09004092746002595, 0.05799810825704184, 0.08027722702878325, 0.09000852015100369, 0.08017407271231795, 0.08036088895447972, 0.08036846898412443, 0.09638296173327712,
18, 2.8893197995444505e-05, 2.8893197995444505e-05, 0.057666260495008156, 0.08033104979704955, 0.08021919431494162, 0.0963504837455451, 0.029632164075099873, 0.09015840362713795, 0.057905939507157396, 0.0802605859842062, 0.09012593259491393, 0.08015779592758475, 0.08034431332964856, 0.08035191044411316, 0.0964381793018453,
19, 3.0364572882056463e-05, 3.036457288200123e-05, 0.057582111367035345, 0.08031130709037435, 0.08020041454515012, 0.09641855294693179, 0.029582551776001633, 0.0902551618698884, 0.0578237378516205, 0.08024079724421943, 0.09022272513094268, 0.08013927044058423, 0.08032459180371361, 0.08033218228448753, 0.09650586604381309,
20, 2.9440355147870967e-05, 2.9440355147870967e-05, 0.05750646905814146, 0.08028871248014682, 0.08017849144920458, 0.0964909481123824, 0.029544475240256867, 0.09034484095538607, 0.05774957286749374, 0.08021816355558091, 0.09031240160691535, 0.08011751676324914, 0.08030202607586587, 0.08030962331290525, 0.09657787735265305,
21, 3.28018496709639e-05, 3.28018496709639e-05, 0.057437127000047064, 0.08026869905386733, 0.08015950376483244, 0.09656904288786261, 0.02950790563334133, 0.09040916102626119, 0.05768206853076452, 0.08019811070517371, 0.09037679682548795, 0.08009880347878787, 0.08028203490364134, 0.08028962679842964, 0.09665551523285555,
22, 3.5358312334372994e-05, 3.535831233430868e-05, 0.05734005976046998, 0.08025292226744203, 0.08014423353436025, 0.09665731695427451, 0.029453469136951328, 0.09048872061135936, 0.057586694194971214, 0.08018230614443908, 0.0904563569906673, 0.08008365668914004, 0.0802662808986226, 0.08027387816717316, 0.09674338756615983,
23, 4.0797576520570645e-05, 4.079757652049644e-05, 0.05725311193148498, 0.08023600373756538, 0.08012789479708074, 0.09671662672104729, 0.029405690512648037, 0.09058417920309393, 0.05750142910719613, 0.08016537348580995, 0.09055181341203537, 0.08006747010108461, 0.08024938357674072, 0.08025698034537111, 0.09680244745675229,
24, 4.4902779341702295e-05, 4.4902779341620614e-05, 0.05715148884594552, 0.08021687475288884, 0.08010936685224987, 0.09678393973786768, 0.02935702280716848, 0.09069463508595234, 0.05740162488676591, 0.08014624475578935, 0.09066225604409901, 0.08004910224357895, 0.0802302924158801, 0.08023790253450386, 0.0968694430198855,
25, 4.725673373981146e-05, 4.72567337397255e-05, 0.057049438338318735, 0.08021205311865558, 0.08010450775772847, 0.09685355130811499, 0.02927758017464665, 0.09077839242406774, 0.05730078809238243, 0.08014143251270882, 0.09074595916730314, 0.08004421523933175, 0.08022551057063781, 0.08023314859887654, 0.09693890877113832,
26, 5.125108216268179e-05, 5.125108216258857e-05, 0.05693359979169339, 0.0802044531836386, 0.08009704776481297, 0.09693026929321055, 0.029197709542752484, 0.09087539905106146, 0.05718647201215611, 0.08013385436928024, 0.09084292263575468, 0.08003678154971165, 0.08021796143213143, 0.08022563346294816, 0.09701539328765811,
27, 5.05767872601586e-05, 5.05767872601586e-05, 0.05679867588249392, 0.08019703702586609, 0.08008929933915039, 0.09701620344474288, 0.029112242601378978, 0.09098994100002676, 0.05705270511403506, 0.08012645711328636, 0.0909573456548275, 0.08002891688144656, 0.08021059678893559, 0.08021831490226855, 0.09710111021797257,
28, 4.8574417770214235e-05, 4.857441777012588e-05, 0.05666096319080953, 0.08020288055363986, 0.08009415816383077, 0.09709042425926782, 0.028991278190564948, 0.09109924493444961, 0.0569155174688108, 0.08013233105391292, 0.09106645873236603, 0.08003346784364661, 0.08021649347268535, 0.08022427228046618, 0.09717536056079054,
29, 4.563462661930021e-05, 4.56346266192172e-05, 0.05649085744588954, 0.08021394457296256, 0.08010367785094764, 0.09717629301993659, 0.028847403552913053, 0.0912267678781906, 0.05674572912403659, 0.08014343801282761, 0.09119370247477603, 0.08004251667868388, 0.0802276119309423, 0.080235463534145, 0.09726132421208074,
30, 4.623597827149003e-05, 4.623597827149003e-05, 0.05631938525249337, 0.08022063001234371, 0.08010888438781165, 0.0972668278754549, 0.0287152928336198, 0.09135464067875201, 0.05657460463747939, 0.08015017933037656, 0.09132130726603403, 0.08004727436882733, 0.08023434653640753, 0.08024226708496048, 0.09735188732104835,
31, 4.4121606419602786e-05, 4.412160641952253e-05, 0.05614268518568739, 0.08022330796728955, 0.08010974134468064, 0.09736421443401126, 0.02859372625236315, 0.09149100375881752, 0.056397765215558664, 0.08015292633319925, 0.09145734439086599, 0.08004758243408568, 0.08023708498694274, 0.08024509257976928, 0.0974492814461997,
32, 3.967757073386509e-05, 3.967757073386509e-05, 0.05597687337103583, 0.08022621622505385, 0.08011039872584486, 0.09743455666196513, 0.02847577536129894, 0.09164408991941127, 0.05623115191730271, 0.08015591731583283, 0.09161002442089883, 0.08004756702856683, 0.08024006370089465, 0.08024817506465481, 0.09751983468811931,
33, 3.251834842108481e-05, 3.2518348420966506e-05, 0.0557898008378953, 0.08022425236112748, 0.08010627118546156, 0.09751600503697834, 0.02836295781264973, 0.09182198199227039, 0.05604347807117066, 0.08015401973893799, 0.09178748950434668, 0.08004278792817009, 0.08023816015621184, 0.08024636665201153, 0.097601391567774,
34, 2.7489252406147446e-05, 2.7489252406097444e-05, 0.05561175522773226, 0.08021926527322538, 0.08009908980162884, 0.09757690782734159, 0.02825899706352367, 0.09201395449262824, 0.0558647094936832, 0.08014911449755756, 0.09197900979244784, 0.0800349531235627, 0.0802332324301809, 0.08024153126890717, 0.09766250074455074,
35, 3.1130110370563385e-05, 3.113011037045013e-05, 0.0554313300344094, 0.08021734217460523, 0.08009654686462746, 0.0976363223388679, 0.028144591671947477, 0.09219429749629758, 0.05568572613486748, 0.08014724594300938, 0.09215914064156305, 0.08003222041317642, 0.08023135620421123, 0.08023970158224335, 0.09772191782144503,
36, 3.2331854334360254e-05, 3.233185433430144e-05, 0.055267545201237986, 0.08021965784699443, 0.0800977268185459, 0.09770771011228575, 0.028038245219768408, 0.09233272601476779, 0.05552253232417807, 0.08014961649247306, 0.09229734635090985, 0.08003305562014987, 0.08023371626203055, 0.08024211965924179, 0.09779333791082132,
37, 3.6222062846645687e-05, 3.622206284651391e-05, 0.05511054284503013, 0.08021701269714114, 0.08009401754311894, 0.09777465298145138, 0.027944317906517184, 0.09247473627434251, 0.05536611446740014, 0.0801470354988893, 0.09243913965174902, 0.08002902450082258, 0.08023110895423415, 0.08023956544647172, 0.0978602866487702,
38, 4.1782678980553856e-05, 4.178267898040185e-05, 0.05493772351761552, 0.08021154096047657, 0.08008765499099893, 0.09784904302907164, 0.02784966355646404, 0.09263194213058859, 0.05519421233706485, 0.08014164107879798, 0.09259613623698904, 0.08002239317985492, 0.08022568640213018, 0.0802342024951147, 0.09793459426841897,
39, 4.9296284622307063e-05, 4.92962846222174e-05, 0.05472483523200213, 0.08020461670024534, 0.08007973652695706, 0.09793939100894013, 0.027746642392452836, 0.09281977822621466, 0.054982726311738825, 0.0801347987161303, 0.0927837090530131, 0.08001417866606336, 0.08021880853909479, 0.08022738181508444, 0.09802480378457788,
40, 5.713617148932956e-05, 5.71361714891217e-05, 0.05449907512494319, 0.08019965906587531, 0.08007406923953643, 0.09803440671289483, 0.027634106456090397, 0.09301373487004715, 0.054758921857113174, 0.08012993205858883, 0.09297743109118511, 0.08000829955667754, 0.08021391704780134, 0.0802225579585808, 0.09811961615937831,
41, 6.389518996616823e-05, 6.3895189966052e-05, 0.054277985765774764, 0.08018932484921064, 0.08006289447185903, 0.09813545624511051, 0.02753335532969878, 0.09320863989426338, 0.0545394899511003, 0.08011968701819787, 0.09317206809381699, 0.0799968756354342, 0.0802036495837234, 0.08021235978560907, 0.09822042253819063,
42, 6.684803038025653e-05, 6.684803038001335e-05, 0.05405020193905876, 0.0801749246260831, 0.08004728678341407, 0.09824382329237553, 0.02744201503980129, 0.09341492629440389, 0.05431283391024497, 0.08010538775405716, 0.0933780160754984, 0.0799809107539828, 0.08018932661503458, 0.0801981239284233, 0.09832852646936376,
43, 7.415860438244176e-05, 7.415860438230687e-05, 0.05382995264132256, 0.08015798937121194, 0.08002963708113137, 0.09833545095695555, 0.027353417064048507, 0.0936314685983921, 0.05409423757322853, 0.08008853468695679, 0.09359427066821979, 0.07996304684904812, 0.08017246042273815, 0.080181328260401, 0.09841988815963677,
44, 7.515528206518365e-05, 7.515528206491023e-05, 0.05362623867709224, 0.08014509322479035, 0.08001546405844519, 0.09843900436602789, 0.02726960557969761, 0.09381246852049703, 0.05389121440497351, 0.08007571788688854, 0.093774951660805, 0.07994849103252648, 0.08015963577192188, 0.0801685884649147, 0.09852321533034342,
45, 7.807737493731478e-05, 7.807737493703073e-05, 0.05342581018432356, 0.08013312347592258, 0.08000185965494182, 0.09852481429932144, 0.02717974633743544, 0.09400683371844669, 0.05369101436246817, 0.08006383945484645, 0.0939689304147225, 0.07993440098716509, 0.08014773498958722, 0.08015677804141143, 0.0986089588715849,
46, 7.692379038310359e-05, 7.692379038296368e-05, 0.05322052719008746, 0.08011829672887294, 0.07998494223988165, 0.09861673318685471, 0.02709718923702241, 0.09420979521048113, 0.0534853023407074, 0.08004912056331054, 0.09417142633980306, 0.07991686409816029, 0.08013299091254113, 0.08014214706888413, 0.09870081684497374,
47, 7.647151358496378e-05, 7.647151358482469e-05, 0.05301433291374849, 0.08009770179481304, 0.07996216885639021, 0.09870905458021724, 0.027025907841628415, 0.09442446443750574, 0.053278449266422015, 0.08002864287162498, 0.09438559919061101, 0.07989344762616521, 0.08011248198145479, 0.08012175708709704, 0.09879304806763543,
48, 7.210519749760693e-05, 7.210519749734461e-05, 0.052815751284620016, 0.08007941555101762, 0.07994166753834357, 0.09878561024262804, 0.026949122752306386, 0.09464715545696945, 0.053079019519441016, 0.08001044963434031, 0.09460777147742033, 0.07987228630741697, 0.08009426997693928, 0.08010365587035508, 0.09886961353621433,
49, 6.803974103753753e-05, 6.803974103741377e-05, 0.052623513755676074, 0.08005647616066558, 0.07991649461371518, 0.09884525619825278, 0.026876509764530283, 0.09489204478624921, 0.05288582682921363, 0.07998760770385555, 0.09485209538566529, 0.07984644680343898, 0.08007141267343972, 0.08008091753956731, 0.09892931784732789,
50, 6.0119994425780956e-05, 6.01199944256716e-05, 0.052428660992236836, 0.08004666744200377, 0.07990457230059803, 0.09890396356996482, 0.026770173827209545, 0.09512151412756975, 0.0526902846085266, 0.07997786394427468, 0.09508105390481252, 0.07983388387594252, 0.0800616786977895, 0.08007129477309562, 0.09898814749032687,
51, 5.4968065272816604e-05, 5.4968065272716614e-05, 0.052242314507537746, 0.08003353491006522, 0.07988929418899836, 0.09894182376742769, 0.026672112979302227, 0.09536644240538474, 0.05250313090674754, 0.07996481237488778, 0.0953254410280689, 0.07981796303611802, 0.08004861999822838, 0.08005834445907685, 0.09902622885125534,
52, 5.208762614779637e-05, 5.2087626147701625e-05, 0.052069809242895296, 0.08002097490420865, 0.07987445674275732, 0.09898892021446959, 0.026587763580584747, 0.09557772600098183, 0.05232955826005421, 0.0799523467579474, 0.09553621924167273, 0.0798024456374213, 0.08003612848768021, 0.0800459620206213, 0.09907351320077672,
53, 5.651588876942043e-05, 5.6515888769317626e-05, 0.05188134892441727, 0.0800026396308635, 0.07985461279668651, 0.09904254636041644, 0.026506561525521694, 0.095805527024148, 0.052141082473795446, 0.0799341102930156, 0.09576361031907708, 0.07978215215129088, 0.08001785429415763, 0.0800277747337779, 0.09912714723942737,
54, 6.025273156518799e-05, 6.025273156496879e-05, 0.05169904363909403, 0.07997963692050536, 0.07982997110239086, 0.09910019266436133, 0.026435702731044248, 0.09603296967163795, 0.05195850328751068, 0.07991121088208815, 0.09599060980023073, 0.07975702592198756, 0.07999491792583263, 0.08000493073997172, 0.09918477879466121,
55, 6.638938682890745e-05, 6.638938682890745e-05, 0.05153478755832931, 0.07996132493412965, 0.07980988125660878, 0.09917132802740804, 0.026375426904974287, 0.09620738345386246, 0.05179370174461327, 0.07989301225444767, 0.09616465207666737, 0.07973641127652564, 0.07997666749150446, 0.07998677372759531, 0.09925587006353502,
56, 7.246851910239007e-05, 7.246851910225826e-05, 0.05138435617260409, 0.07994202618108646, 0.0797889902881707, 0.09925619524976059, 0.026322168036502516, 0.09635354193590531, 0.05164280660406067, 0.07987380640508439, 0.0963104963915004, 0.07971504878532222, 0.07995742031788947, 0.0799676054935337, 0.09934060064440164,
57, 7.348107958289882e-05, 7.348107958276515e-05, 0.051210601818313786, 0.079921322115964, 0.07976629411376628, 0.09935249977396247, 0.026265875828878172, 0.0965230362614467, 0.051468289113450603, 0.07985319348282979, 0.09647959019214607, 0.07969176046679215, 0.07993677100009837, 0.07994704723558511, 0.09943675598090122,
58, 7.147755483134727e-05, 7.147755483134727e-05, 0.051053379170574176, 0.07990048308872116, 0.07974341940816405, 0.09946255867392603, 0.026222003492627124, 0.0966596432312471, 0.05131008417803802, 0.07983243452422209, 0.09661583348033596, 0.0796682780763029, 0.0799159835103252, 0.07992634870244361, 0.0995465948964234,
59, 6.810360788837665e-05, 6.810360788825278e-05, 0.050878541041650786, 0.07988086702071569, 0.0797211375282697, 0.099579403974756, 0.02617075259591161, 0.09680949793348309, 0.05113364565073405, 0.07981291459509804, 0.09676522154986898, 0.079645205959802, 0.07989642000410414, 0.07990688773660821, 0.09966329673622264,
60, 6.148854585324904e-05, 6.148854585313719e-05, 0.05071984628764608, 0.07986097677172477, 0.079698539216851, 0.0997102376666646, 0.02613162380540744, 0.09692739614987969, 0.05097315986041976, 0.07979310958169054, 0.09688269039509387, 0.07962180225899786, 0.07987657921747063, 0.07988714746778304, 0.09979391377153539,
61, 4.7026681583015755e-05, 4.702668158293021e-05, 0.050573529386341305, 0.0798449710044113, 0.07967927480968601, 0.0998541024600295, 0.026095844992081143, 0.09701538794785336, 0.05082432058182875, 0.07977718712045032, 0.09697022493760948, 0.07960156758670951, 0.0798606260603507, 0.07987130945086332, 0.09993759984195383,
62, 2.5743904742750473e-05, 2.5743904742703645e-05, 0.050441786124514436, 0.07982918715473669, 0.079660246964866, 0.10001433855979677, 0.026068683468152814, 0.09707436027840889, 0.050689965619787405, 0.07976146488030625, 0.09702877481562902, 0.07958157002320342, 0.07984488494911886, 0.07985567393285656, 0.10009757496190484,
63, 1.2295844099991676e-05, 1.2295844099946944e-05, 0.0503236347766296, 0.07981554008766345, 0.07964332263241714, 0.10018761448845621, 0.026051532686215954, 0.0970875200394333, 0.05056914097251744, 0.07974789153407143, 0.0970415721090983, 0.07956366758198223, 0.07983127493403296, 0.07984216783388162, 0.10027052817769298,
64, 9.9555762858987e-06, 9.95557628586248e-06, 0.05020316181628189, 0.07980423014602454, 0.07963027651577839, 0.10035764209123388, 0.026025440946460802, 0.0970899659019665, 0.050447837281201016, 0.07973662891206415, 0.09704386211948339, 0.07955009740714546, 0.07981998979483004, 0.07983094177602117, 0.10044001368156351,
65, 8.446596212365182e-06, 8.446596212334453e-06, 0.05007990278714218, 0.07978773563766817, 0.07961204331403132, 0.10052509335328416, 0.02600481604460622, 0.09710977111209142, 0.05032378063868565, 0.07972018517190135, 0.09706348685884109, 0.07953134220218933, 0.07980351535504972, 0.07981452150648943, 0.10060691236877445,
66, 9.467025348205117e-06, 9.467025348187897e-06, 0.04996354011536327, 0.07977363373922758, 0.0795966413732324, 0.10069971787765764, 0.02598704072786529, 0.09710365362259912, 0.050207099154395786, 0.07970613358702928, 0.09705728131871615, 0.07951554826055807, 0.07978942577777959, 0.07980047144148861, 0.10078087849620046,
67, 1.0130652631522037e-05, 1.0130652631503611e-05, 0.049851469724311155, 0.07976341369903905, 0.07958451627312545, 0.10088107057156556, 0.025967308115058232, 0.09707719272272386, 0.05009405425156774, 0.07969598279350446, 0.09703067796929596, 0.07950285593816526, 0.07977921788515317, 0.0797903161117121, 0.1009616621814809,
68, 1.2240921054369106e-05, 1.2240921054324574e-05, 0.049729326801440876, 0.07975246467904976, 0.07957215321919046, 0.1010678898759346, 0.02594454278318922, 0.09705674756886552, 0.04997157241400515, 0.07968510104804871, 0.09701014342420655, 0.07949007071584344, 0.07976828739653545, 0.07977943289494559, 0.10114778487858193,
69, 1.4168254052271054e-05, 1.416825405221951e-05, 0.04961441822980026, 0.07973828313544726, 0.07955657184863663, 0.10123656010307495, 0.025926260971632673, 0.0970548372076434, 0.04985625832098666, 0.0796709898329878, 0.09700812152751796, 0.07947407010120454, 0.07975413174312516, 0.07976533144076318, 0.10131582857095342,
70, 1.794025945328708e-05, 1.7940259453221814e-05, 0.049505597636174174, 0.0797197647208015, 0.07953672116474697, 0.10140097449397806, 0.02591822749877729, 0.09705706803652832, 0.049747039650240285, 0.07965255067616271, 0.09701024615687227, 0.07945382166805444, 0.07973563292817921, 0.07974688212502604, 0.10147959226741436,
71, 2.310338825364069e-05, 2.3103388253514617e-05, 0.04940570683643617, 0.07970116022093371, 0.07951662605077682, 0.10157573780538258, 0.02592038810786911, 0.09703410398008225, 0.04964651442451186, 0.07963403977154639, 0.09698718326271041, 0.07943328363149123, 0.07971704381622813, 0.07972834468103181, 0.10165366017642262,
72, 2.6252448367905224e-05, 2.625244836780972e-05, 0.04929229466347617, 0.07968525017972372, 0.07949907930918684, 0.10175688345967632, 0.025911190375412407, 0.09701805390332612, 0.04953246473436463, 0.07961822454883025, 0.09697100298348735, 0.07941524939220887, 0.07970116259128425, 0.07971252916009189, 0.10183410934404764,
73, 2.7882541945181994e-05, 2.788254194502984e-05, 0.049184340424551755, 0.07967410058595838, 0.07948613739354786, 0.10194525073709577, 0.025898011359790012, 0.09697880647956703, 0.049423660133443716, 0.07960717612461904, 0.09693163338898841, 0.07940177277610759, 0.07969005702179888, 0.07970150602639214, 0.10202178200713163,
74, 3.061342583808179e-05, 3.061342583785905e-05, 0.049063348632013636, 0.0796599592172141, 0.07947034960470313, 0.10214197932991202, 0.02588472806230291, 0.09695191663712488, 0.04930202957808878, 0.07959314884871732, 0.09690462928122927, 0.07938549526990009, 0.07967597049441147, 0.07968750863843807, 0.10221770909693673,
75, 3.704218648314932e-05, 3.704218648294718e-05, 0.04894085397177921, 0.07964110338632549, 0.07945002104368183, 0.10233594889060256, 0.025878573920225013, 0.09693590082760783, 0.049179052934659684, 0.07957441997377752, 0.0968885111793667, 0.07936473451511905, 0.07965716678137, 0.07966878641239078, 0.10241084133332556,
76, 4.134781428519172e-05, 4.134781428496609e-05, 0.048829427847786704, 0.07962326320832522, 0.07943033663644802, 0.1024993302000985, 0.025876347990088033, 0.09693707274445422, 0.04906663968468298, 0.07955671953763813, 0.09688951717595377, 0.07934451165210464, 0.07963938895921577, 0.07965110546622052, 0.1025736428113335,
77, 4.506408390973929e-05, 4.5064083909493375e-05, 0.04872207118780186, 0.0796001852388257, 0.07940522102819521, 0.1026589057365977, 0.025884604690954816, 0.09694941895897603, 0.04895800605398102, 0.0795337848649355, 0.09690165729281452, 0.07931879994511407, 0.07961637505858761, 0.07962819546597968, 0.10273264585275817,
78, 4.927313509568898e-05, 4.9273135095420094e-05, 0.048602581689700254, 0.07957316962293871, 0.0793763081228582, 0.1028265635244393, 0.02589511517163908, 0.09697584124265926, 0.04883739615210553, 0.07950690269372505, 0.09692787889677398, 0.07928932962273431, 0.0795894124232624, 0.07960132656650197, 0.10289962754380608,
79, 4.9855361972511084e-05, 4.985536197232971e-05, 0.048493104321620156, 0.07954350845315655, 0.0793445949747672, 0.10297318775601565, 0.02591273519013761, 0.09702160892065975, 0.04872648587981396, 0.07947735870556485, 0.09697340176429572, 0.07925700881961335, 0.07955979401315359, 0.07957179912062129, 0.10304570090055874,
80, 4.844139108016682e-05, 4.844139107999059e-05, 0.048390280125574094, 0.0795138576494788, 0.07931318592631488, 0.10310586760084084, 0.02592956005873466, 0.09707662590693075, 0.04862242530086321, 0.07944778842950681, 0.09702819505789834, 0.0792250700547351, 0.0795301652720317, 0.07954224039225431, 0.10317785498660167,
81, 5.000363421488944e-05, 5.0003634214707534e-05, 0.04829299565607726, 0.0794797296800836, 0.07927734277955571, 0.1032341898569983, 0.025956319014639326, 0.0971359156217039, 0.048523895672096404, 0.07941375000785154, 0.09708726268189133, 0.07918871145470335, 0.07949605340785809, 0.0795081946495983, 0.10330563179229232,
82, 5.076817171714751e-05, 5.076817171696282e-05, 0.04819875848460301, 0.07944707839749181, 0.07924310222708841, 0.10335168442091185, 0.025978645672267712, 0.09720133138078618, 0.048428517789097895, 0.07938119101077759, 0.09715245697305526, 0.07915399078796571, 0.07946343429587542, 0.07947565266351567, 0.10342261909765374,
83, 5.794764337061472e-05, 5.7947643370298496e-05, 0.04811086447448392, 0.07941763648756908, 0.07921241885823026, 0.10347620392471847, 0.026001063908489642, 0.09723671972423906, 0.048339842324511696, 0.07935183999761657, 0.097187712383919, 0.07912293011814177, 0.079434018348798, 0.0794463020975884, 0.10354655160960245,
84, 6.260182735766521e-05, 6.260182735743746e-05, 0.048030307737890694, 0.07938696832372273, 0.07918010109147967, 0.10358329267125684, 0.026030053513822166, 0.09728576857783457, 0.048257999311243895, 0.07932127863788084, 0.09723656094020915, 0.07909011867940677, 0.0794033868793785, 0.07941575263486322, 0.103653206890348,
85, 6.660432771578901e-05, 6.66043277155467e-05, 0.0479522438553899, 0.07935112051701826, 0.07914249498742477, 0.10369762850644207, 0.02606868927935754, 0.09733668827681428, 0.04817848571994478, 0.07928553639816754, 0.09728725291857351, 0.07905198802475315, 0.07936757722238749, 0.07938002685631831, 0.10376705832586465,
86, 7.05428259686182e-05, 7.054282596836157e-05, 0.04787771331697482, 0.07931658517761332, 0.07910643780656236, 0.10379882020732065, 0.026102501548145064, 0.09739533564909464, 0.0481027208822742, 0.07925110808543039, 0.097345685073152, 0.0790154746856259, 0.0793330963062835, 0.07934563861751003, 0.10386779653570523,
87, 7.168018881617146e-05, 7.168018881591069e-05, 0.04780976929759838, 0.0792840205557192, 0.07907256844888111, 0.10390639827830997, 0.026135365130455564, 0.0974381110398011, 0.0480336656967216, 0.07921861807911246, 0.09738829052509447, 0.07898120713932975, 0.07930057020795214, 0.0793131870289693, 0.1039748677385962,
88, 6.893955858769925e-05, 6.893955858757384e-05, 0.047752663527885784, 0.07925143762077516, 0.07903857282424202, 0.10402777095805553, 0.026176323388978726, 0.09745642096404782, 0.04797521905745356, 0.07918609339446973, 0.0974064402523259, 0.07894677829192591, 0.07926801857976025, 0.07928070534400723, 0.10409567622338882,
89, 6.568067638522678e-05, 6.568067638498784e-05, 0.047702941314051416, 0.07922610618044591, 0.07901124664255346, 0.10416049204918928, 0.02621315822376027, 0.097437734112783, 0.04792358795156299, 0.0791608348652062, 0.097387569708446, 0.07891884907774742, 0.07924271911808119, 0.0792554889896005, 0.10422790995859045,
90, 6.594677508676666e-05, 6.59467750866467e-05, 0.04765000848152487, 0.07920815854041073, 0.0789922670784654, 0.10429122556479335, 0.0262312072656788, 0.09740630231768091, 0.04786981033204432, 0.07914295050998041, 0.09735608656361078, 0.07889954846972551, 0.07922482197786052, 0.07923766826202633, 0.10435805063114759,
91, 6.302793883541591e-05, 6.302793883530127e-05, 0.047604676941782914, 0.07919081123267425, 0.07897334745323908, 0.10443089548729437, 0.026257178612060766, 0.09735669920324728, 0.04782299851049802, 0.07912567036525021, 0.0973063810389455, 0.07888014635325286, 0.07920752312648689, 0.07922045835293971, 0.10449715698941066,
92, 6.231602616849015e-05, 6.23160261683768e-05, 0.04757028790475698, 0.07917696842555784, 0.07895778279514358, 0.10458645553394222, 0.026291882200625918, 0.09726344781930096, 0.04778693858803095, 0.07911190685641203, 0.09721306348413876, 0.07886405576308338, 0.0791937252145779, 0.07920675176893055, 0.10465210113869831,
93, 6.211458170498362e-05, 6.211458170475764e-05, 0.04752549487958132, 0.07915913090724977, 0.0789383475945235, 0.10474886660240273, 0.026328745299918545, 0.0971840071260643, 0.0477405963715503, 0.07909413890511854, 0.09713356158625325, 0.07884412874071209, 0.07917592179718562, 0.07918902996618633, 0.10481380060561236,
94, 6.498831678049971e-05, 6.498831678049971e-05, 0.047486749201823636, 0.07914147687033751, 0.07891947599317316, 0.1049195209555661, 0.026369637157766815, 0.09708408439986636, 0.04770061361618274, 0.07907654011425413, 0.09703364957828754, 0.07882487501528325, 0.07915829754247905, 0.07917147532386, 0.10498362714353031,
95, 7.093397976438306e-05, 7.093397976438306e-05, 0.047434173299323396, 0.07912021798850835, 0.07889729444108033, 0.10509856019087625, 0.026409177155531198, 0.09699754872326449, 0.04764714700325469, 0.07905534928461772, 0.09694715099550336, 0.0788024007678868, 0.07913708017187246, 0.0791503316604764, 0.10516169990496174,
96, 7.252752665219187e-05, 7.252752665205994e-05, 0.04739057143998178, 0.0790965939340095, 0.07887259300098128, 0.10525600020749057, 0.026455960958074225, 0.09693176014891722, 0.04760236653459326, 0.07903177718781276, 0.096881354536453, 0.07877735661754338, 0.07911348745986692, 0.07912680979192735, 0.10531831267647855,
97, 7.310781813198641e-05, 7.310781813198641e-05, 0.04732425989372271, 0.07907605145883966, 0.07885043274512021, 0.10542283473238, 0.026487659382117192, 0.09687935333340827, 0.04753459792244423, 0.07901129965880858, 0.09682886016170723, 0.07875469694041591, 0.07909297678191556, 0.07910638115171943, 0.10548437974825019,
98, 8.148006331755077e-05, 8.148006331755077e-05, 0.04726274876608164, 0.07905745023766857, 0.07883056638692988, 0.10559687175874016, 0.026520590554103204, 0.09680015042134933, 0.04747198021932305, 0.07899276345643437, 0.09674965256960463, 0.07873443557258449, 0.07907440094237062, 0.07908787556840448, 0.10565755296663534,
99, 8.372129589540916e-05, 8.372129589525687e-05, 0.04720976049584502, 0.07904238554423383, 0.07881367739134182, 0.10578563853832723, 0.026555302140083267, 0.09669327009191005, 0.047417260824616315, 0.07897776684707411, 0.09664272566300207, 0.07871698526858799, 0.07905936964425579, 0.07907293383865374, 0.10584548066702931,
100, 8.187855404634087e-05, 8.187855404619195e-05, 0.04716530684996792, 0.07902488149684225, 0.0787940265809203, 0.10598341453760327, 0.026603605834206477, 0.09657406674084829, 0.04737063811569114, 0.07896033292628094, 0.09652343846579227, 0.07869667668750542, 0.07904190125789118, 0.07905556439026362, 0.10604238855495754,
101, 9.061246715421823e-05, 9.061246715421823e-05, 0.04712400246419358, 0.07900587898001102, 0.07877378289654598, 0.10618960828468607, 0.02665223568414766, 0.09643561551558046, 0.047328077253387044, 0.07894138796594705, 0.09638504003420546, 0.07867604545229111, 0.07902292738636872, 0.07903666059061075, 0.10624751210485384,
102, 0.00010392603255399366, 0.00010392603255399366, 0.04709437954148437, 0.07899128378444395, 0.07875778353623665, 0.10641784898384946, 0.026710513531360718, 0.09624111385578238, 0.0472969909677076, 0.07892686287218614, 0.09619064784885485, 0.0786596106828012, 0.07900835740716977, 0.07902216372904534, 0.10647459074109296,
103, 0.00010920266611986317, 0.00010920266611986317, 0.04706591429873662, 0.07898769714331286, 0.07875210273273221, 0.10663145013602275, 0.026745843858670966, 0.09604758175109947, 0.04726641478226319, 0.07892334697805746, 0.09599712586648301, 0.07865328781690051, 0.0790048013776808, 0.07901870051408656, 0.10668732695828016,
104, 0.000111829678796467, 0.00011182967879626359, 0.04704920488078768, 0.0789892276434945, 0.07875101255210488, 0.10686691133071682, 0.026789914708707296, 0.09580425141684275, 0.04724700694013045, 0.07892496260812008, 0.09575378994871567, 0.07865139898071229, 0.07900637235859898, 0.07902038593604535, 0.10692190088441436,
105, 0.0001164476667048403, 0.0001164476667048403, 0.047038911951824976, 0.07899635677298783, 0.07875515899738902, 0.107121568147053, 0.02682964874715145, 0.09551926347822401, 0.04723368597184832, 0.07893218624900558, 0.0954687898370601, 0.07865464293120235, 0.07901354267678035, 0.07902767735062811, 0.10717567110281202,
106, 0.00012324899271350708, 0.00012324899271350708, 0.0470343057592963, 0.07900847633732865, 0.07876391399781695, 0.10739449894351388, 0.026865883331634467, 0.09519551453929659, 0.047225704961195165, 0.07894441116686883, 0.09514501216007483, 0.07866238626147308, 0.07902570395061656, 0.07903996665261012, 0.10744772350037865,
107, 0.00013627014370850687, 0.00013627014370850687, 0.047019168868100966, 0.07901702522676846, 0.0787696218266289, 0.10767196515170462, 0.02690040644036765, 0.09488230240470527, 0.04720776107487716, 0.07895304414844291, 0.09483184477338345, 0.07866723303496308, 0.07903428359621471, 0.07904865485700648, 0.10772414785717212,
108, 0.00014323798207755434, 0.00014323798207729378, 0.04699948828031153, 0.07902135448622567, 0.07877073124099988, 0.10795702508657644, 0.026942939848431314, 0.09458141757630756, 0.04718485604612511, 0.07895746980467797, 0.09453092518150544, 0.0786673704287608, 0.07903865437613276, 0.079053152393312, 0.10800813883338103,
109, 0.00015504116692353475, 0.00015504116692353475, 0.046992520152733204, 0.07903129302684464, 0.07877718120165819, 0.1082715484337547, 0.02699703358274507, 0.09421140044355421, 0.047174353665153754, 0.07896751968103276, 0.09416091820600439, 0.0786727691994015, 0.07904863181501996, 0.0790632630192013, 0.10832148478624717,
110, 0.0001751232598917548, 0.0001751232598917548, 0.04699007295497381, 0.07903871278290972, 0.0787815561148582, 0.10856540621979005, 0.02705346047916483, 0.09385493144050201, 0.04716872276024679, 0.07897503512815252, 0.09380451563258824, 0.07867622205734193, 0.07905608465189773, 0.07907083509469048, 0.10861419771031271,
111, 0.00018504072026021863, 0.00018504072025988204, 0.04698909034342329, 0.0790420868453803, 0.0787814454678225, 0.10884780257442943, 0.027116820072704512, 0.09352801403735637, 0.04716407660388832, 0.07897851147986144, 0.0934775489607142, 0.07867505989496, 0.07905950263599286, 0.07907439030012672, 0.10889556888977313,
112, 0.00019253928061217294, 0.0001925392806118227, 0.04698628968021967, 0.07905997727703372, 0.07879515422743787, 0.10911382169969601, 0.02714770178206036, 0.0931953209057249, 0.047157081419152105, 0.07899651650920633, 0.09314470336187086, 0.07868751304853908, 0.07907743893732369, 0.07909247964776167, 0.10916092249012022,
113, 0.00019762283709113176, 0.00019762283709077227, 0.046969457475407615, 0.07907423350796042, 0.0788052688002198, 0.10938779738873289, 0.027177017651057428, 0.09288273419018571, 0.04713614507048655, 0.07901090271195275, 0.09283195414523607, 0.07869638583507298, 0.07909175826836654, 0.07910696604768758, 0.1094341327806634,
114, 0.00019606270444086306, 0.0001960627044405064, 0.046957461844020075, 0.07908548114516882, 0.07881199469810159, 0.10967694534916532, 0.027218397049291014, 0.09256048718713923, 0.047119593096422316, 0.0790222814232618, 0.09250947809550258, 0.0787017563348742, 0.07910307337450682, 0.07911846159141687, 0.10972246295060428,
