Optimize time:19.57069944355223
Begin Prob:-13290.77614029544
End Prob:-13114.079500094213
Substitution parameters:[0.22787719151606756, 0.2572437462243431, 0.2629753486881416, 0.25190371357144786, 2.3635280029063215]
Trees:
((2:850.4401126451263,5:855.1154062534429):902.8595772158565,(1:876.8302980277936,(3:880.3393868408384,4:868.8250706610655):858.9129256882304):859.1266467921274);
((5:880.3311976072348,(2:736.0682414318121,4:889.739405818138):858.9109026125492):856.7548050072115,(1:889.7361324129241,3:856.7548050072115):764.8490771030748);
((3:763.973947931155,(2:856.4939273341754,4:856.7548050072115):856.7548050072115):856.4939273341754,(1:765.6683511986287,5:856.4733088603479):856.4733088603479);
(1:868.7770216805056,(5:904.2305553596142,(2:904.2305553596142,(3:868.821718837123,4:856.4939273341754):876.8302980277936):904.2305553596142):858.9109026125492);
(1:736.0682414318121,(2:769.681891015857,(5:856.4938489154714,(3:903.9652027149702,4:876.8302980277936):889.739405818138):889.739405818138):904.2305553596142);
((3:904.2305553596142,(4:868.7770216805056,5:903.9602453423373):876.8302980277936):855.1154062534429,(1:903.9597078523749,2:856.4938489154714):903.9856228135985);
((2:903.9597078523749,(4:880.3311976072348,5:994.9340715574765):868.8250706610655):902.8595772158565,(1:856.7548050072115,3:763.973947931155):868.8250706610655);
(1:903.9568150996662,((4:880.3314029101318,5:889.739405818138):856.4939273341754,(2:856.4939273341754,3:856.4733088603479):763.9322585681878):856.4733088603479);
((2:855.1153278347389,5:736.0682414318121):904.2305553596142,(3:856.7548050072115,(1:764.8490771030748,4:880.3311976072348):856.7548050072115):736.0682414318121);
(1:903.960293807777,(4:859.1266467921274,(5:876.8302980277936,(2:868.8250706610655,3:903.9564044938721):876.8296037003738):763.9322585681878):765.6683511986287);
((4:641.7810335764563,(3:641.7810335764563,5:850.2395151153736):586.1818554034692):641.7789725301564,(1:763.9324195750148,2:850.4401126451263):409.2404435481828);
((4:856.7548050072115,(2:764.8490771030748,3:856.7548050072115):889.7361324129241):856.7548050072115,(1:764.8490771030748,5:855.1153278347389):856.4733088603479);
((2:763.9322585681878,5:856.7548050072115):904.2305553596142,(4:903.965249456275,(1:763.9322585681878,3:763.9322585681878):868.7770216805056):903.9602453423373);
(1:889.7358002258587,((2:868.7770216805056,4:763.9322585681878):904.2305553596142,(3:764.8490771030748,5:855.1153278347389):868.821718837123):856.7548050072115);
(1:763.9322585681878,(4:0.406434,(2:763.9322585681878,(3:763.9322585681878,5:1.39472):1e-06):1e-06):0.703058);

Position, Posteriors1, Posteriors2, Posteriors3, Posteriors4, Posteriors5, Posteriors6, Posteriors7, Posteriors8, Posteriors9, Posteriors10, Posteriors11, Posteriors12, Posteriors13, Posteriors14, Posteriors15,
0, 0.001490726609561945, 0.001490726609561945, 0.0014907266095592333, 0.25141706209489345, 0.6537109059316756, 0.0015286790017998394, 0.0017110182258617554, 0.0016752190887928643, 0.03988531760791787, 0.0016751941278018946, 0.0015279365959343413, 0.0014840818934412103, 0.03756198847101814, 0.0016752029527702698, 0.0016752135707876648,
1, 0.0014170058746207149, 0.0014170058746232925, 0.00141700587461556, 0.2516484527533235, 0.6544289100770754, 0.0014591508168270626, 0.0016381876859839543, 0.0016024367980521752, 0.039808644678872, 0.0016024119991099148, 0.001458415333881184, 0.0014147813883996266, 0.03748273828616703, 0.0016024207414222513, 0.0016024312084717035,
2, 0.0012522048502827223, 0.0012522048502850002, 0.001252204850278167, 0.25197712977079134, 0.6553548294058033, 0.0013746668000609783, 0.001556861490707524, 0.0015212497985975504, 0.03975308220412978, 0.001521225160500191, 0.001373930230054074, 0.0013442950449017788, 0.03742363662485862, 0.001521234021741101, 0.0015212442902749073,
3, 0.0011563058775421243, 0.0011563058775421243, 0.0011563058775358145, 0.2523156263090212, 0.6562557459134433, 0.0012760133692119961, 0.0014554698120113612, 0.0014204027448387487, 0.03966938051064684, 0.0014203786913324586, 0.0012752936045675768, 0.0012655604649171926, 0.037336425505097616, 0.0014203875046369281, 0.0014203973310932545,
4, 0.0008798622833247503, 0.0008798622833247503, 0.0008798622833215494, 0.252838752201449, 0.6576051637129701, 0.0011664386186072883, 0.0013363895674448096, 0.0013011384911976562, 0.03960402688390151, 0.0013011149599537304, 0.0011657476783082047, 0.0011714658910081397, 0.03726791659284618, 0.0013011243591096154, 0.0013011335868672138,
5, 0.0006649430234913854, 0.0006649430234925948, 0.0006649430234901758, 0.2531887083002095, 0.6586215412233329, 0.0010851131421609314, 0.0012567261314210263, 0.0012210332529803193, 0.03956554190540414, 0.0012210102444763817, 0.001084434793039137, 0.0010923562154933131, 0.03722665655791412, 0.0012210199596981838, 0.0012210285981553721,
6, 0.00027882084957740137, 0.00027882084957740137, 0.000278820849576387, 0.2537095815721556, 0.6599989908689575, 0.0010165337372300975, 0.0011824939052916593, 0.0011455617122144268, 0.039485883129394474, 0.0011455391404358497, 0.001015880617006202, 0.0010248983451606917, 0.037147067071834926, 0.0011455493532126896, 0.0011455573910323753,
7, 0.00016613220833019217, 0.00016613220833049436, 0.00016613220832988997, 0.25398303873071687, 0.6608606744265693, 0.0009474888156251542, 0.001105740349786913, 0.0010676281311018355, 0.03939100426228301, 0.0010676057171551058, 0.0009468617102639141, 0.0009433361563759245, 0.03705298413329323, 0.0010676165704344453, 0.0010676237665571725,
8, 0.00013177175928112212, 0.00013177175928112212, 0.00013177175928064274, 0.2541054947680613, 0.6613540724385877, 0.0009005739750229288, 0.0010615883294298376, 0.0010225466503119443, 0.039320798483344424, 0.0010225243742035867, 0.0008999534471791612, 0.0008882571543219313, 0.03698379669496388, 0.0010225355856375371, 0.0010225422131670417,
9, 0.00010461966171998497, 0.00010461966171998497, 0.00010461966171960437, 0.2542694979234386, 0.661917963932954, 0.0008519974744872671, 0.001009112971045855, 0.0009692385738755988, 0.03920741379073587, 0.000969216745303023, 0.0008513981679292194, 0.0008299375209763687, 0.03687190098409871, 0.0009692282293317791, 0.000969234090698538,
10, 5.87651907465845e-05, 5.87651907465845e-05, 5.8765190746477604e-05, 0.2544479522550456, 0.6625019793708329, 0.0008117611614859931, 0.0009632722427232239, 0.0009233079099748508, 0.03907517375702237, 0.0009232869062197051, 0.000811183889483675, 0.0007807613844970906, 0.03673842278327588, 0.0009232982233340711, 0.0009233039337367579,
11, 5.002538121119876e-05, 5.002538121119876e-05, 5.002538121110776e-05, 0.2546019295418464, 0.6630110799917553, 0.0007668316620344993, 0.0009155982591623756, 0.0008756463841763653, 0.0389459021824494, 0.0008756261405815854, 0.0007662755463640825, 0.0007318710803858768, 0.036607882354371124, 0.0008756373291860196, 0.0008756427740279113,
12, 3.82083537062338e-05, 3.82083537062338e-05, 3.82083537061643e-05, 0.2547941120492376, 0.663602931220536, 0.0007141487099128715, 0.000855495508804492, 0.0008171178767326989, 0.03880264804861707, 0.0008170983938658708, 0.0007136213481504059, 0.0006766104277805518, 0.03645736663063545, 0.0008171094470165473, 0.0008171146682635314,
13, 3.476916487791457e-05, 3.4769164878041055e-05, 3.476916487785132e-05, 0.25500297486133894, 0.664210827633737, 0.0006671030544393006, 0.0007980619683832156, 0.0007613942553757159, 0.03861635400763118, 0.0007613756893473561, 0.0006666097022439935, 0.0006259785328440818, 0.036262234245753464, 0.0007613865189916213, 0.0007613914272401348,
14, 2.5293237639643945e-05, 2.5293237639689953e-05, 2.5293237639597938e-05, 0.2552257834251028, 0.6648928522160322, 0.000617293149772913, 0.0007286942707108428, 0.000695174421885312, 0.0384366541203137, 0.0006951576376681794, 0.0006168469535621702, 0.0005571970324796564, 0.036068126304360994, 0.000695167423011359, 0.0006951727239612585,
15, 1.4535579949638811e-05, 1.453557994966525e-05, 1.453557994961237e-05, 0.25543715168052755, 0.6655396644372096, 0.0005743026975399627, 0.000667168162369542, 0.0006363940888469514, 0.03825194771263122, 0.0006363779978186165, 0.000573896135949894, 0.0004979889768234118, 0.03586872029089649, 0.0006363876208655946, 0.0006363928512573524,
16, 7.84562570222921e-06, 7.845625702243481e-06, 7.84562570221494e-06, 0.25573032752772623, 0.6663340887987191, 0.0005356640405930105, 0.0006031635050788733, 0.0005755401671405145, 0.03794922264606173, 0.0005755251088858503, 0.0005353058360713178, 0.0004431466557671284, 0.03554340437777707, 0.0005755344068212055, 0.0005755394461891312,
17, 3.817490353445332e-06, 3.817490353452276e-06, 3.817490353438388e-06, 0.25596214278994495, 0.6670033772141348, 0.0005036954327903495, 0.0005543967914906949, 0.000528856944719734, 0.037686450312490585, 0.0005288432843939806, 0.0005033751263666096, 0.00039623391980089307, 0.03526346603815364, 0.0005288517463649654, 0.0005288573219421546,
18, 1.2421804998872774e-06, 1.2421804998917966e-06, 1.242180499885018e-06, 0.2563056087034258, 0.6678829013620579, 0.0004751637937756414, 0.0005035355814759679, 0.00048040871662002757, 0.03726519889521171, 0.0004803967648164692, 0.00047488797364288995, 0.0003527040527885723, 0.034814652507486346, 0.00048040423043651295, 0.0004804102709115965,
19, 9.990179703635405e-07, 9.990179703635405e-07, 9.990179703617234e-07, 0.25665612841774443, 0.6687664909270964, 0.00044923959958335626, 0.0004555189491884366, 0.0004346995852979131, 0.03682383199732557, 0.0004346890507635158, 0.00044900462750205165, 0.00031329959561296456, 0.03434470192026761, 0.000434695675265115, 0.00043470199329816145,
20, 1.1646309829074645e-06, 1.164630982909583e-06, 1.1646309829074645e-06, 0.2570405063930712, 0.6697365030861866, 0.0004213708108109186, 0.00040048565564180746, 0.00038230712265564256, 0.03634361125560906, 0.0003822979471371814, 0.00042118038248327395, 0.000270292364275002, 0.03383333655042007, 0.000382303744756688, 0.00038231018771150315,
21, 5.430394964492581e-07, 5.430394964502459e-07, 5.430394964492581e-07, 0.25736329785821316, 0.6705613490789591, 0.00040274660460763387, 0.0003647621402270144, 0.00034812003552524875, 0.035903681380047105, 0.00034811179746677893, 0.00040258689475065174, 0.00024069990289168935, 0.03336677386033663, 0.00034811704055841947, 0.00034812368373979903,
22, 4.036646209180263e-07, 4.036646209180263e-07, 4.0366462091729203e-07, 0.25757655258042284, 0.6711613545641488, 0.0003911470772851547, 0.00034495156382301115, 0.00032910111935109047, 0.03557596359575293, 0.00032909345340495337, 0.00039100531125611896, 0.0002212460906763281, 0.03302016957891889, 0.0003290983603110153, 0.00032910510879652263,
23, 3.4870205319258e-07, 3.4870205319258e-07, 3.4870205319258e-07, 0.2578545978102517, 0.6718703308119973, 0.0003768621713040753, 0.00031937728303592686, 0.0003046199012368349, 0.03518141556838622, 0.0003046130513787641, 0.00037674472524538245, 0.00019912077916245984, 0.032602029403632875, 0.00030461748651078264, 0.00030462430156529794,
24, 5.296559551320804e-07, 5.296559551330438e-07, 5.296559551320804e-07, 0.2581032961440906, 0.6724888105392558, 0.0003596490704995669, 0.0002942716035738606, 0.00028054093217267344, 0.034845573745864895, 0.00028053491807316733, 0.00035955331243208674, 0.00017826621210051524, 0.03224682941245076, 0.00028053887175122903, 0.0002805456716096115,
25, 3.940695838317307e-07, 3.940695838317307e-07, 3.940695838317307e-07, 0.25839559547522273, 0.6731899085657868, 0.0003389195583616217, 0.00026222381908261186, 0.00025058032936166807, 0.03447482074752437, 0.00025057524474066844, 0.0003388505944191795, 0.00015439124554024656, 0.03184178753641708, 0.0002505786255974042, 0.0002505854508484689,
26, 3.142033089874635e-07, 3.142033089874635e-07, 3.142033089874635e-07, 0.25853955699306874, 0.6735958189956371, 0.00032935381794395763, 0.0002503341424552402, 0.00023945217509264988, 0.03425361878097448, 0.00023944749931986649, 0.0003292950231541903, 0.00014279523232972399, 0.03160047602487598, 0.00023945063207410545, 0.00023945747548969717,
27, 1.2646855860364825e-07, 1.2646855860364825e-07, 1.2646855860364825e-07, 0.25865644551733813, 0.6739220202534704, 0.00031801097807553276, 0.00024012950834151242, 0.0002298740218173475, 0.03408059209014216, 0.00022986972944628718, 0.0003179579912262022, 0.0001333056816420366, 0.03141166212597038, 0.00022987263178647258, 0.00022987946772612243,
28, 9.99936412573701e-08, 9.999364125755198e-08, 9.99936412573701e-08, 0.25878249020013516, 0.6742458147671373, 0.00030371636483584447, 0.000228314230515184, 0.00021878324967290546, 0.03391081274796314, 0.00021877935793234143, 0.00030366910335605804, 0.00012369894018910652, 0.031226049637933892, 0.00021878201640695204, 0.00021878880650106868,
29, 4.9183274542859306e-08, 4.9183274542859306e-08, 4.9183274542859306e-08, 0.2589230918668452, 0.6745801909321522, 0.0002873009151922486, 0.0002143581237000527, 0.00020564652305925262, 0.03373609257827317, 0.00020564309893186545, 0.0002872603011989935, 0.00011358615408983439, 0.031035383731056663, 0.00020564547368023627, 0.00020565215539336868,
30, 9.809712481790515e-08, 9.809712481790515e-08, 9.809712481790515e-08, 0.2590690466480741, 0.6749190717463798, 0.0002723963136488939, 0.0002012122743513251, 0.00019328420452918683, 0.03355260199993051, 0.00019328116538474071, 0.0002723617556430909, 0.00010446589217763476, 0.03083540997397037, 0.00019328330099459422, 0.00019328983520865652,
31, 6.527367860918577e-08, 6.527367860918577e-08, 6.527367860918577e-08, 0.2591850081092691, 0.6751964986382205, 0.00026363792844083815, 0.00019438103394412408, 0.00018689231207705246, 0.033390739072436504, 0.00018688952280371702, 0.0002636062186478072, 9.918349741607434e-05, 0.030659177782365692, 0.00018689150645956839, 0.00018689795595498382,
32, 1.1830689106781478e-07, 1.1830689106781478e-07, 1.1830689106759959e-07, 0.2593182617384785, 0.6754934121616224, 0.0002557703537841607, 0.00018756772044142294, 0.0001805189811332639, 0.033209666043967224, 0.00018051639782257968, 0.0002557416420755909, 9.46268752274999e-05, 0.030462519728744048, 0.0001805182518940349, 0.00018052458423535724,
33, 1.1070446323402028e-07, 1.1070446323402028e-07, 1.1070446323402028e-07, 0.2594532509845215, 0.6757721925942286, 0.0002446332823133137, 0.00017908013934133478, 0.00017252196606703192, 0.03304368951300657, 0.0001725196415587, 0.0002446064796100073, 8.96196243441943e-05, 0.030282504238577496, 0.0001725213349642462, 0.00017252748770998718,
34, 3.3000359763885717e-07, 3.3000359763885717e-07, 3.3000359763885717e-07, 0.259594049482333, 0.676056459280639, 0.0002345121362817227, 0.00017107473218982495, 0.0001649894880905753, 0.03286951458025747, 0.00016498737196459832, 0.0002344870566140153, 8.513468548116554e-05, 0.030093816758027605, 0.00016498893202234458, 0.00016499488455801845,
35, 5.774282868368066e-07, 5.774282868368066e-07, 5.774282868368066e-07, 0.2597203651322355, 0.6762994649081095, 0.00022350047612987878, 0.00016388001366418468, 0.00015820720237107237, 0.03272079443421035, 0.0001582052882580539, 0.00022347434399759612, 8.137564838239995e-05, 0.029932580471487558, 0.00015820672071359686, 0.00015821247517799818,
36, 4.0945554080772245e-07, 4.0945554080772245e-07, 4.0945554080772245e-07, 0.25985371730202, 0.6765519880891784, 0.00021044213444419222, 0.00015524318904152744, 0.00014999856854995802, 0.032570124552144065, 0.00014999679437868222, 0.0002104144838715709, 7.70738427510937e-05, 0.029769770310868374, 0.0001499981297029488, 0.00015000363552814146,
37, 4.1668024695460146e-07, 4.1668024695460146e-07, 4.1668024695460146e-07, 0.25999657957716155, 0.6768233611726672, 0.0001951896393855524, 0.0001447497805461694, 0.00014001597816918642, 0.03241238854623214, 0.0001400143231115913, 0.00019516049246145518, 7.20073391494769e-05, 0.029599246196003043, 0.00014001556703526928, 0.00014002074349718806,
38, 3.1122956364455085e-07, 3.1122956364455085e-07, 3.112295636439847e-07, 0.26014127442407653, 0.6770811532998996, 0.00017697948148412613, 0.0001334515454353915, 0.00012909493802994244, 0.03226426796502084, 0.0001290932988217859, 0.00017694621765711044, 6.702323405040426e-05, 0.029441587468671815, 0.00012909452861974775, 0.0001290993065103632,
39, 1.0703435530241285e-07, 1.0703435530241285e-07, 1.0703435530241285e-07, 0.2602753252665773, 0.6773393878304362, 0.00015899225686429822, 0.00012199871995663877, 0.00011800917780547893, 0.032121782907349745, 0.00011800756295050907, 0.0001589556186775596, 6.130752564999284e-05, 0.02928988952788444, 0.00011800877459083452, 0.00011801312347231497,
40, 1.112960414257433e-07, 1.112960414257433e-07, 1.112960414257433e-07, 0.2604258572371764, 0.6776124312646061, 0.0001425927407816201, 0.0001106449331700858, 0.00010701919684315835, 0.03196146871510405, 0.00010701754382189566, 0.0001425534816868117, 5.634151073872644e-05, 0.02911969746672062, 0.00010701876943848527, 0.00010702264715593836,
41, 2.1691755833058496e-07, 2.1691755833058496e-07, 2.169175583301904e-07, 0.26057467492228653, 0.6778886386065989, 0.0001254356276971904, 9.78650316686723e-05, 9.4661781900802e-05, 0.03180510655230749, 9.466013600700474e-05, 0.0001253964667313353, 4.999971937084731e-05, 0.028953583759154602, 9.466135212874636e-05, 9.46646850017991e-05,
42, 2.747709700291171e-07, 2.747709700291171e-07, 2.747709700291171e-07, 0.2606939612019643, 0.6781112635310211, 0.00011479801891347338, 9.083560378437877e-05, 8.785135627916894e-05, 0.03166790501169359, 8.784972194547777e-05, 0.00011475762288064054, 4.628966601920217e-05, 0.028807958485614685, 8.785093058922986e-05, 8.785392964883067e-05,
43, 3.570035976237802e-07, 3.570035976237802e-07, 3.570035976237802e-07, 0.26088106154189755, 0.6784255052202899, 0.00010533677241104449, 8.361834444045039e-05, 8.089739360566244e-05, 0.03145213945504053, 8.089580869253525e-05, 0.00010529816275532602, 4.300826443944087e-05, 0.028579370795215733, 8.089699187879274e-05, 8.089963219607197e-05,
44, 3.412479059482218e-07, 3.412479059482218e-07, 3.412479059482218e-07, 0.26109589701679187, 0.6787697224878328, 9.67268472855403e-05, 7.651416603143244e-05, 7.398721263781708e-05, 0.03120584463384618, 7.398570670084153e-05, 9.669047490356507e-05, 4.0181016466883494e-05, 0.028321450092677444, 7.398682674484878e-05, 7.398916835212154e-05,
45, 1.6981546256014073e-06, 1.6981546256014073e-06, 1.6981546256014073e-06, 0.261281570764913, 0.6790782186031445, 8.919099776316074e-05, 7.081884500176734e-05, 6.845754810312084e-05, 0.030984691259000482, 6.845609053618751e-05, 8.915578870219429e-05, 3.7593229806525837e-05, 0.028089835389049606, 6.845716767662458e-05, 6.845924714064316e-05,
46, 2.1069785597240503e-06, 2.1069785597240503e-06, 2.1069785597240503e-06, 0.2614945868000446, 0.6794298533534191, 8.121168833252965e-05, 6.397729120182353e-05, 6.200969496325515e-05, 0.03073778663505025, 6.200822774985529e-05, 8.117826219788725e-05, 3.4717911254148765e-05, 0.027822328221389834, 6.200929963108868e-05, 6.201107418054089e-05,
47, 3.198622006402826e-06, 3.198622006402826e-06, 3.198622006402826e-06, 0.2616784600106565, 0.6797428477197308, 7.437746446721389e-05, 5.857014803359643e-05, 5.690538243730713e-05, 0.030517552067167747, 5.690395754950252e-05, 7.434498930260811e-05, 3.218601667021594e-05, 0.027584444234390222, 5.6904973562374736e-05, 5.6906565598797026e-05,
48, 3.3566860925023697e-06, 3.3566860925023697e-06, 3.356686092496264e-06, 0.26191561511254263, 0.6801241447817711, 6.84963404035334e-05, 5.34944666543388e-05, 5.20190303650259e-05, 0.030234980879875802, 5.201763982805799e-05, 6.846566479083812e-05, 3.0121231288345777e-05, 0.027286535538895835, 5.201861131264975e-05, 5.2020039569383116e-05,
49, 2.799704436239418e-06, 2.799704436244511e-06, 2.799704436239418e-06, 0.2622577061161928, 0.6806448969883825, 6.387611681236558e-05, 4.8755900717874794e-05, 4.758196382471451e-05, 0.029836303755597485, 4.7580637927171206e-05, 6.384827882230769e-05, 2.8709880479185352e-05, 0.026857176249993665, 4.758154239799513e-05, 4.7582850666325323e-05,
50, 2.5379111102764814e-06, 2.5379111102764814e-06, 2.5379111102718647e-06, 0.2625617862563679, 0.6810858438253475, 5.8599827757814684e-05, 4.4395836117017254e-05, 4.3484971407732335e-05, 0.029493407691198285, 4.348371076315052e-05, 5.85734238412169e-05, 2.752962524248955e-05, 0.02648831020407668, 4.3484551129803875e-05, 4.348573974008031e-05,
51, 2.5572701952477843e-06, 2.5572701952477843e-06, 2.557270195243133e-06, 0.26303441105221187, 0.6817386625451313, 5.420823793209747e-05, 4.0010256127197906e-05, 3.9402600066108056e-05, 0.028966337412713723, 3.940143031754399e-05, 5.4184863610516096e-05, 2.6890299990933992e-05, 0.025920013443356302, 3.940219295109151e-05, 3.9403251278666584e-05,
52, 2.411879816162186e-06, 2.411879816162186e-06, 2.411879816162186e-06, 0.26348961514423597, 0.6823364364943264, 4.833101573874729e-05, 3.5014701443483884e-05, 3.4625871041926956e-05, 0.02847310581420717, 3.4624736727519125e-05, 4.831012660878515e-05, 2.607517932605552e-05, 0.025397372848535014, 3.462546503001477e-05, 3.462635755444134e-05,
53, 3.2943786436231853e-06, 3.2943786436231853e-06, 3.294378643617193e-06, 0.2638249958183206, 0.6827853106952344, 4.453337981381336e-05, 3.244093476066377e-05, 3.21792717852105e-05, 0.028100299427453623, 3.217815138109029e-05, 4.451297839729371e-05, 2.6003323369885168e-05, 0.025003303765702867, 3.217886351866823e-05, 3.217964829771063e-05,
54, 5.537099002584488e-06, 5.537099002584488e-06, 5.537099002584488e-06, 0.2641557545352518, 0.683234755552678, 4.001432482855875e-05, 2.8610479831194152e-05, 2.8506767528232666e-05, 0.02773174581350186, 2.8505700123789973e-05, 3.9996151914666943e-05, 2.4710922791708256e-05, 0.02461377445760982, 2.8506373568016125e-05, 2.8507015190789216e-05,
55, 5.620048855430187e-06, 5.620048855430187e-06, 5.620048855419964e-06, 0.2644477923936468, 0.6836720080378439, 3.544482884777998e-05, 2.4429337942866497e-05, 2.4431072132859897e-05, 0.027390478176476024, 2.443006405953464e-05, 3.542946393414104e-05, 2.2479467471843393e-05, 0.02425735448413254, 2.4430705743971294e-05, 2.443121199425848e-05,
56, 5.883620291974838e-06, 5.883620291974838e-06, 5.883620291974838e-06, 0.2648136650044035, 0.6841990721944706, 3.2044899243515006e-05, 2.1030034400965116e-05, 2.113094321684694e-05, 0.02696563992312541, 2.112998936213253e-05, 3.2032359149347944e-05, 2.0998284378181266e-05, 0.02381334330904461, 2.11306036706063e-05, 2.113098572413356e-05,
57, 6.134479452283803e-06, 6.134479452283803e-06, 6.134479452283803e-06, 0.26506969930008345, 0.6845579238681617, 2.9367924743360146e-05, 1.917579387777039e-05, 1.933090291843958e-05, 0.026671586204030002, 1.9329978652796257e-05, 2.9356168166811326e-05, 2.030596368918408e-05, 0.02350685839277895, 1.93305798390091e-05, 1.9330877157307786e-05,
58, 5.651357431937507e-06, 5.651357431947787e-06, 5.651357431937507e-06, 0.2653061607172673, 0.6849052988359341, 2.6602113900241646e-05, 1.702402010355627e-05, 1.7248618873942942e-05, 0.02639626336859342, 1.7247768872329116e-05, 2.6591726188639153e-05, 1.9008396518601917e-05, 0.023217102874304053, 1.7248313946338288e-05, 1.7248565395432924e-05,
59, 5.781489276812243e-06, 5.781489276812243e-06, 5.781489276801726e-06, 0.26544564740226356, 0.6851185213822706, 2.5475788658974914e-05, 1.6609414383238287e-05, 1.6871817338419447e-05, 0.026226270601815958, 1.6870991983301325e-05, 2.5465295674472574e-05, 1.8801749153496672e-05, 0.02303837721978591, 1.6871516454979367e-05, 1.687174352538317e-05,
60, 4.7728637150584455e-06, 4.7728637150584455e-06, 4.7728637150584455e-06, 0.26558726456767195, 0.6853455478482844, 2.3924009464634842e-05, 1.5727040833908283e-05, 1.6008508246484822e-05, 0.02605081286184906, 1.6007719974632577e-05, 2.391372091531118e-05, 1.8052537669841493e-05, 0.022856405334481838, 1.6008223692293458e-05, 1.60084266092311e-05,
61, 4.916576459904311e-06, 4.916576459904311e-06, 4.916576459895368e-06, 0.2657674279152338, 0.6856210806989255, 2.273008103189164e-05, 1.4980471387918625e-05, 1.5290975767391303e-05, 0.025830238816288886, 1.5290224895628905e-05, 2.2720320723119025e-05, 1.7544381456179893e-05, 0.022627364181480744, 1.5290708671592015e-05, 1.5290885566067418e-05,
62, 4.31648886783264e-06, 4.31648886783264e-06, 4.316488867824789e-06, 0.26596809013800676, 0.6859198171053346, 2.1007805449129303e-05, 1.3608646773114545e-05, 1.3919166217685927e-05, 0.025589664409100533, 1.3918475024364383e-05, 2.0999234781423324e-05, 1.6463804624366184e-05, 0.022381723140619206, 1.3918924362988662e-05, 1.391907384087496e-05,
63, 2.818576823933959e-06, 2.8185768239390863e-06, 2.818576823933959e-06, 0.26620039320512634, 0.6862568538131267, 1.967148065204058e-05, 1.2404851113426587e-05, 1.275020029353979e-05, 0.02531737346843496, 1.27495812506451e-05, 1.9664231953500786e-05, 1.565624231988913e-05, 0.022098526468811493, 1.2749982734796092e-05, 1.2750131375186705e-05,
64, 1.9024020051316164e-06, 1.9024020051350767e-06, 1.9024020051281558e-06, 0.2664628828561271, 0.6866290422498271, 1.846454463528029e-05, 1.1191956780642683e-05, 1.1542695106797285e-05, 0.0250089774719846, 1.1542151604006027e-05, 1.8458751602243562e-05, 1.4935367656872137e-05, 0.02178416897410685, 1.1542500870348425e-05, 1.154266035199947e-05,
65, 7.950794304614982e-07, 7.950794304614982e-07, 7.950794304600519e-07, 0.2667090025939812, 0.6869647620850562, 1.6803054050089452e-05, 9.817033545882282e-06, 1.0168886622718182e-05, 0.024727703605857423, 1.0168423239007843e-05, 1.6798480390404872e-05, 1.4137526087098773e-05, 0.021497914857397143, 1.016871803458162e-05, 1.0168882400627186e-05,
66, 5.317393002758824e-07, 5.317393002758824e-07, 5.317393002749152e-07, 0.2669469333737018, 0.6872954270951925, 1.4886910791485865e-05, 8.058930792918932e-06, 8.413206644028302e-06, 0.024453263705758458, 8.412840704568422e-06, 1.4884043442961893e-05, 1.2745203537542578e-05, 0.02121855254995196, 8.413070905258258e-06, 8.41323438855432e-06,
67, 3.816798729500909e-07, 3.8167987295147944e-07, 3.816798729500909e-07, 0.2670899162520428, 0.6874995184228166, 1.4111188887233548e-05, 7.568500078283428e-06, 7.928487460961201e-06, 0.024283458192464115, 7.92816669649833e-06, 1.410878274823832e-05, 1.2313660199400281e-05, 0.0210461457897473, 7.92836685728136e-06, 7.928534091966328e-06,
68, 4.550937738493905e-07, 4.5509377385021833e-07, 4.550937738485627e-07, 0.26727141467102306, 0.6877494418806436, 1.3533693499156097e-05, 7.10868338448785e-06, 7.483211326233151e-06, 0.024071272175122605, 7.482938415981728e-06, 1.3532028691268854e-05, 1.2026528099628341e-05, 0.020830371907416628, 7.483107360692959e-06, 7.4832779287744824e-06,
69, 9.145428567288943e-07, 9.145428567322214e-07, 9.145428567288943e-07, 0.26742861673319385, 0.687999608378732, 1.2874055834194834e-05, 6.524086781431896e-06, 6.912717852510704e-06, 0.023871077242615987, 6.912487534078781e-06, 1.2873136599059113e-05, 1.13207707457156e-05, 0.020626710718103496, 6.9126279748691224e-06, 6.912797753664839e-06,
70, 8.020302499994093e-07, 8.020302500008682e-07, 8.020302499994093e-07, 0.2676030049936776, 0.6882605656938208, 1.171904525897657e-05, 5.5694664682101604e-06, 5.937432537876161e-06, 0.023656642758598384, 5.937251522830285e-06, 1.1719025017842916e-05, 1.033772515197844e-05, 0.02041428501616148, 5.937357644490719e-06, 5.9375256864286475e-06,
71, 8.044551082306165e-07, 8.044551082320797e-07, 8.044551082291531e-07, 0.2677078303746641, 0.688425352682546, 1.1340766059338771e-05, 5.402284165257935e-06, 5.76808497682879e-06, 0.023521971502408597, 5.767929679403784e-06, 1.1340929805361538e-05, 1.0080677974186564e-05, 0.020281194575310742, 5.768017331749803e-06, 5.7681903391243215e-06,
72, 8.71497374941002e-07, 8.714973749425872e-07, 8.71497374941002e-07, 0.2678068294673148, 0.6885736444288915, 1.0690967092552872e-05, 5.1273276536865535e-06, 5.47584269643815e-06, 0.023397948813687192, 5.475706335845292e-06, 1.0691110587432434e-05, 9.74935715216681e-06, 0.020160800132313188, 5.475779158818135e-06, 5.475954606227752e-06,
73, 4.376301473069652e-07, 4.3763014730776125e-07, 4.3763014730616915e-07, 0.26792195515352135, 0.6887366655517635, 9.85372132584882e-06, 4.659299183805766e-06, 4.974583897104938e-06, 0.023258756649973348, 4.974474035918975e-06, 9.853976285606694e-06, 9.302005235841549e-06, 0.020027741842059327, 4.974524891713804e-06, 4.974708232623127e-06,
74, 3.672847263665872e-07, 3.672847263672553e-07, 3.672847263665872e-07, 0.2680044674771073, 0.6888586629721586, 9.407944524622518e-06, 4.544702475565888e-06, 4.841413191748445e-06, 0.02315502957112107, 4.84132198443873e-06, 9.408021471423616e-06, 9.182737745104549e-06, 0.019928828456991433, 4.84135632154764e-06, 4.841550719134535e-06,
75, 2.952441056359427e-07, 2.952441056359427e-07, 2.952441056354057e-07, 0.2680702390560783, 0.6889618821379611, 9.080793522806545e-06, 4.5518966936238535e-06, 4.817292658225991e-06, 0.023067702187600857, 4.817205601031762e-06, 9.080557689146e-06, 9.13434716575832e-06, 0.01984817349776381, 4.817235261029956e-06, 4.817437491163023e-06,
76, 2.9267357847051393e-07, 2.9267357847051393e-07, 2.9267357846998157e-07, 0.2681012853850699, 0.6890194333318906, 9.293220731112434e-06, 5.133000483861955e-06, 5.373689148738385e-06, 0.023019500596778188, 5.373602588776614e-06, 9.292335635071194e-06, 9.638735839369099e-06, 0.019804049980291064, 5.3736280682996475e-06, 5.37385157911474e-06,
77, 3.22694662453382e-07, 3.22694662453382e-07, 3.22694662452795e-07, 0.26813065172360434, 0.6890682816843275, 9.31274013197223e-06, 5.6375012547648025e-06, 5.83934874558032e-06, 0.022976512715019434, 5.839255582414113e-06, 9.311077451798192e-06, 1.0101399004638735e-05, 0.0197658650491456, 5.83928110439385e-06, 5.8395226419556505e-06,
78, 5.589903057298063e-07, 5.589903057298063e-07, 5.589903057287895e-07, 0.26817308653753186, 0.6891301577877731, 9.432618134941645e-06, 6.184446281136882e-06, 6.348874628514509e-06, 0.02291935792927931, 6.348777110275474e-06, 9.430306686056677e-06, 1.067512616452663e-05, 0.019714602144440686, 6.348801176464603e-06, 6.349061883598686e-06,
79, 9.658663456592376e-07, 9.658663456592376e-07, 9.658663456574807e-07, 0.2682227961588596, 0.6891959500953263, 9.749107511255459e-06, 6.904734515809169e-06, 7.028076626386627e-06, 0.02285526616827123, 7.027973385030474e-06, 9.746105938289667e-06, 1.155021897617859e-05, 0.019657026868475307, 7.027995833818649e-06, 7.028279013855163e-06,
80, 1.4098168138510766e-06, 1.4098168138510766e-06, 1.409816813848512e-06, 0.2682517845658226, 0.6892463088764202, 1.0281729771315782e-05, 7.975312371816545e-06, 8.046160571643261e-06, 0.02280879370693026, 8.04605143945505e-06, 1.0277840531184696e-05, 1.2526683295342847e-05, 0.01961563654892358, 8.046070835226145e-06, 8.046383501633176e-06,
81, 1.5405992034031708e-06, 1.5405992034031708e-06, 1.5405992034003684e-06, 0.2682888875868289, 0.6893045572903953, 1.0606348095806394e-05, 8.666215381713144e-06, 8.718298270606253e-06, 0.022756664251039258, 8.718191767938694e-06, 1.0601855106301896e-05, 1.3170901923384601e-05, 0.01956734989354735, 8.718205267642863e-06, 8.718544390583795e-06,
82, 1.7725057815593508e-06, 1.7725057815593508e-06, 1.7725057815593508e-06, 0.26834053735757724, 0.6893763864925091, 1.1246149170409803e-05, 9.650729714786493e-06, 9.682482272736118e-06, 0.02268853528976869, 9.682381564180513e-06, 1.1241031442633153e-05, 1.423498545919208e-05, 0.019504119818842675, 9.682386142882541e-06, 9.682758039260673e-06,
83, 1.408018524478217e-06, 1.408018524478217e-06, 1.408018524478217e-06, 0.2683813602988932, 0.6894511532477171, 1.1822238638093008e-05, 1.0488712408525303e-05, 1.0486063575721394e-05, 0.02262566042789738, 1.0485969636864821e-05, 1.1816647863394605e-05, 1.487346017253561e-05, 0.01944665591547712, 1.048596836397034e-05, 1.0486373446886954e-05,
84, 1.0954800464898762e-06, 1.0954800464898762e-06, 1.0954800464898762e-06, 0.26842309062392977, 0.6895156945910775, 1.2010484779913636e-05, 1.1055022283022002e-05, 1.1019224688932332e-05, 0.022568650952782855, 1.1019140438045405e-05, 1.2004368083350231e-05, 1.5366756313020673e-05, 0.01939476308471322, 1.1019132360677915e-05, 1.1019561098149079e-05,
85, 8.27784217467026e-07, 8.27784217467026e-07, 8.27784217467026e-07, 0.2684806558711784, 0.68959530097022, 1.2551504975368545e-05, 1.19563878602206e-05, 1.1882505513794953e-05, 0.02249404684546059, 1.1882435567493752e-05, 1.2544840715422206e-05, 1.632288215701128e-05, 0.01932660649348105, 1.1882417402065684e-05, 1.1882876892568194e-05,
86, 8.832870716504612e-07, 8.832870716504612e-07, 8.832870716488545e-07, 0.26855622377081856, 0.6896939585254389, 1.3302640292784732e-05, 1.3008747679255915e-05, 1.289778230586099e-05, 0.022399022875108726, 1.2897733609298387e-05, 1.329555185606471e-05, 1.7533089556761912e-05, 0.019239412910933094, 1.2897701216533925e-05, 1.2898194823561925e-05,
87, 5.94229350667798e-07, 5.94229350667798e-07, 5.94229350667798e-07, 0.2686505519419338, 0.689818512336204, 1.398865670253517e-05, 1.3757789560848084e-05, 1.369591005898802e-05, 0.0222859370275451, 1.369587347277132e-05, 1.3981308362657595e-05, 1.8654739247283398e-05, 0.01912804892423121, 1.3695831367146326e-05, 1.3696357749442516e-05,
88, 3.459433217257239e-07, 3.459433217257239e-07, 3.459433217257239e-07, 0.2687376548951869, 0.6899475879539392, 1.4554130908230241e-05, 1.4266537700427454e-05, 1.4278934480224702e-05, 0.0221765365247179, 1.4278911823482021e-05, 1.4546696746867423e-05, 1.9313569211016998e-05, 0.019017385128594463, 1.427885379076806e-05, 1.4279417549627515e-05,
89, 2.7016154252029355e-07, 2.7016154252078493e-07, 2.7016154252029355e-07, 0.26882883925893303, 0.6900846777253642, 1.4850056719441757e-05, 1.447174286728983e-05, 1.45580666627431e-05, 0.022062043154611917, 1.455805179614933e-05, 1.4842602481939544e-05, 1.971986036008237e-05, 0.0189015118256911, 1.4557981654446649e-05, 1.4558572768272546e-05,
90, 1.6364505155889024e-07, 1.6364505155889024e-07, 1.6364505155889024e-07, 0.26890366859319165, 0.6902160342015791, 1.510611576244762e-05, 1.4565357230826851e-05, 1.4721738316847162e-05, 0.02195911869273726, 1.4721735736319311e-05, 1.5098808158871387e-05, 1.9705204732375206e-05, 0.018797324086118956, 1.4721651538923208e-05, 1.4722265526606518e-05,
91, 4.6389692208199204e-08, 4.6389692208199204e-08, 4.6389692208199204e-08, 0.2690291141109447, 0.690411376753956, 1.5722582112528705e-05, 1.4765425669015183e-05, 1.5010690487177254e-05, 0.021798387204768514, 1.5010710110098494e-05, 1.5715847841834104e-05, 2.002290500298631e-05, 0.01863471213480959, 1.501060518082711e-05, 1.501124670137046e-05,
92, 6.450316496959019e-08, 6.450316496959019e-08, 6.450316496959019e-08, 0.26916263498435256, 0.6906143704536379, 1.6469878344586687e-05, 1.501207847147189e-05, 1.5351229436275764e-05, 0.021629239310007365, 1.5351264314023585e-05, 1.6463700453143795e-05, 2.050693754966975e-05, 0.01846370309106322, 1.5351141465796294e-05, 1.535180799900434e-05,
93, 1.1253432066826395e-07, 1.1253432066826395e-07, 1.1253432066826395e-07, 0.26930714087770274, 0.6908389930401289, 1.706655447700528e-05, 1.4971871401443587e-05, 1.5405360173852225e-05, 0.02144478128518997, 1.5405401331998636e-05, 1.706103493028508e-05, 2.0777798711916875e-05, 0.018277247345442633, 1.5405265625882606e-05, 1.540594678960017e-05,
94, 2.5411504506466326e-07, 2.5411504506466326e-07, 2.5411504506466326e-07, 0.2694354220905876, 0.6910262125316445, 1.720993862202071e-05, 1.4794161626184275e-05, 1.5314647772956205e-05, 0.02128755862162178, 1.5314697657394718e-05, 1.7204643831003617e-05, 2.0966641012329824e-05, 0.01811860928220972, 1.531454839378466e-05, 1.5315237409895032e-05,
95, 2.8973366973574813e-07, 2.8973366973574813e-07, 2.8973366973574813e-07, 0.269556287663924, 0.6911934516126864, 1.7041063021187225e-05, 1.4500232962195316e-05, 1.5102325993240556e-05, 0.021144677082872185, 1.5102388069576133e-05, 1.7035811906206734e-05, 2.1113401391973407e-05, 0.017974613461671816, 1.5102223831490052e-05, 1.5102915679171063e-05,
96, 1.5651598053306526e-07, 1.5651598053306526e-07, 1.5651598053306526e-07, 0.26966687295290176, 0.6913575800248348, 1.667892381791915e-05, 1.3841936861939106e-05, 1.4497076874422882e-05, 0.021008962059074602, 1.4497147386312067e-05, 1.6674125749794163e-05, 2.056869134674521e-05, 0.017840362259668903, 1.449697837402265e-05, 1.4497660775534894e-05,
97, 1.9697243459083387e-07, 1.9697243459083387e-07, 1.9697243459047557e-07, 0.26979361448937045, 0.6915362669746856, 1.6400092487008705e-05, 1.3123898725703144e-05, 1.3834569437034432e-05, 0.02085743071948037, 1.3834640439351538e-05, 1.639577968881878e-05, 2.019202298067605e-05, 0.017690645672424093, 1.3834470483855258e-05, 1.3835137833801749e-05,
98, 1.9346905654601873e-07, 1.9346905654601873e-07, 1.9346905654566682e-07, 0.26990376256045123, 0.6916886263770663, 1.6683842926305225e-05, 1.3085639134001255e-05, 1.3858102899705473e-05, 0.020724844793334134, 1.3858178954445624e-05, 1.6679736653264305e-05, 2.0479911387701725e-05, 0.017559823164842954, 1.3858002500227869e-05, 1.3858670414236868e-05,
99, 1.705619315718624e-07, 1.705619315718624e-07, 1.705619315718624e-07, 0.2699918188855114, 0.6918160672112008, 1.7112911106246914e-05, 1.3320287130122766e-05, 1.4125028315458096e-05, 0.02061343569760495, 1.412508723874355e-05, 1.710875290295841e-05, 2.0895250249642554e-05, 0.0174532280815165, 1.4124923366211797e-05, 1.41255875627182e-05,
100, 2.1105024620907345e-07, 2.1105024620907345e-07, 2.1105024620907345e-07, 0.2700637576201144, 0.6919259050556779, 1.7673434970362542e-05, 1.3785037615790554e-05, 1.4610596145847008e-05, 0.020517625977033473, 1.4610622288900355e-05, 1.7668997300337353e-05, 2.14258411976717e-05, 0.017363081429142592, 1.4610483729382336e-05, 1.4611143464756579e-05,
101, 2.455836910602006e-07, 2.455836910602006e-07, 2.455836910602006e-07, 0.2701527451242506, 0.6920553338587003, 1.8040941752024366e-05, 1.388160188047923e-05, 1.4723840107042034e-05, 0.020404393263582385, 1.4723840826393465e-05, 1.8036700213897455e-05, 2.157827471345179e-05, 0.017256357096751225, 1.4723725149891017e-05, 1.4724371033952516e-05,
102, 2.8810885421318266e-07, 2.8810885421318266e-07, 2.8810885421318266e-07, 0.27023333416617257, 0.6921611846361005, 1.8170169682211384e-05, 1.3994103576318934e-05, 1.485275323292321e-05, 0.020307684400963383, 1.4852731455453454e-05, 1.81657734551596e-05, 2.1857136236241897e-05, 0.017165333287386984, 1.4852636452531676e-05, 1.485326790187148e-05,
103, 2.7823485712253836e-07, 2.7823485712253836e-07, 2.7823485712203226e-07, 0.27028708832944603, 0.6922445488008818, 1.860066495279035e-05, 1.4499297924107721e-05, 1.5382978238521515e-05, 0.020234997136593116, 1.5382936476563423e-05, 1.8595913885500855e-05, 2.2258405854082962e-05, 0.01709704387503977, 1.5382859325185936e-05, 1.538348346711274e-05,
104, 2.2001035765711524e-07, 2.2001035765711524e-07, 2.2001035765711524e-07, 0.2703413605179337, 0.6923175088081529, 1.8682557016415338e-05, 1.4841062435691846e-05, 1.572469673801725e-05, 0.02016765190130932, 1.572462142191575e-05, 1.867729025631369e-05, 2.263449511193825e-05, 0.017035083648935828, 1.5724572935865513e-05, 1.5725181845848217e-05,
105, 3.572414226456288e-07, 3.572414226456288e-07, 3.572414226456288e-07, 0.2703849961928742, 0.6923961144841542, 1.8703185303271842e-05, 1.5079785598644205e-05, 1.5962944904258337e-05, 0.02010312898495264, 1.5962830629193157e-05, 1.8697422815746307e-05, 2.2659272610849352e-05, 0.01697569634305606, 1.5962813538396243e-05, 1.5963402107680743e-05,
106, 4.30117767081986e-07, 4.30117767081986e-07, 4.30117767081986e-07, 0.27043067315755764, 0.6924754406572261, 1.8905721411910044e-05, 1.544069572713449e-05, 1.6328131364866376e-05, 0.020036704626534955, 1.6327954056167115e-05, 1.8899373951837994e-05, 2.290139834893855e-05, 0.016914430779489936, 1.6327987495052117e-05, 1.632854808030186e-05,
107, 7.853883985223502e-07, 7.853883985223502e-07, 7.853883985223502e-07, 0.2704579273116905, 0.6925323962038819, 1.952934496802884e-05, 1.642706497204073e-05, 1.7330998443468743e-05, 0.019988614585054548, 1.7330746394847403e-05, 1.9521965114168574e-05, 2.362831228288985e-05, 0.016870274476154322, 1.73308381776266e-05, 1.7331374488628157e-05,
