Optimize time:19.964637438323763
Begin Prob:-13624.764847989807
End Prob:-13558.88475536166
Substitution parameters:[0.2205743772649385, 0.25760391759184365, 0.269025301002231, 0.2527964041409868, 2.1717486995819324]
Trees:
((4:830.6916024376151,(2:675.8568737599281,5:831.6289119714671):552.4396331875492):798.9404571258183,(1:888.5377423313489,3:424.92665852560077):830.6916024376151);
((5:710.5189696785278,(2:545.1733673127634,4:710.5189696785278):553.1797861205375):553.1797861205375,(1:888.3912455359631,3:710.5189696785278):553.1797861205375);
((2:616.8145504360493,(4:675.8568737599281,5:616.8239433309153):757.6077488989738):508.50001759638263,(1:552.4498472645872,3:798.2824901419413):798.2824901419413);
(3:798.9530824193647,(5:440.08853278137553,(1:763.916697511177,(2:711.3090545746971,4:731.0432477161695):799.0842408346119):798.2824901419413):552.4396331875492);
((3:508.1359948394209,(2:785.1270376330933,5:785.1270376330933):763.9166528471286):930.4089021790675,(1:713.3201406549033,4:713.3351258392339):613.2921733105583);
(3:614.9450631109385,(2:424.92665852560077,(1:798.9404571258183,(4:614.046876589363,5:798.9404571258183):799.214177781084):796.9032365954102):612.6973685794061);
((5:930.4049592254195,(2:553.1797861205375,3:616.8145504360493):614.0595018829094):830.6916024376151,(1:711.3087027829496,4:764.1053286668297):675.9621164988807);
(3:830.773496619821,(5:764.1053286668297,(4:508.1805351579203,(1:798.2775046444818,2:552.3327530309186):757.5897319614061):798.9530824193647):798.2824901419413);
(3:453.3322440625769,(4:518.9250211664995,(5:461.0201703154662,(1:496.5096546057622,2:576.7789960013514):426.73749396663135):727.5978032561368):509.02079070271515);
(3:614.9450631109385,(2:543.4408003512904,(4:763.916697511177,(1:798.2824901419413,5:615.4884421463732):826.9963466261613):710.242268595749):731.0379104269625);
(3:509.02079070271515,(4:712.636097959379,(2:615.1013890665123,(1:676.3075963293657,5:830.6916024376151):543.4429269622965):798.9404571258183):798.2824901419413);
(3:909.8302248391981,((2:713.4844355645395,4:909.8457521415286):711.3098412049585,(1:763.9323369869164,5:578.2949935587317):583.3025214493068):453.0081358104808);
((2:928.9044920782676,5:930.4041469322959):985.8844861642953,(1:854.1040568046707,(3:713.3210103319311,4:508.50001759638263):798.2824901419413):427.0553397835684);
((2:763.9323369869164,(3:509.0955596942334,5:854.1021905664469):930.4053061159965):676.2478596435659,(1:763.9323369869164,4:785.1119694019964):509.02079070271515);
(3:537.6085178274676,((4:1.36335,5:0.645199):1e-06,(1:553.0750264506643,2:526.0483713528934):1e-06):0.684839);

Position, Posteriors1, Posteriors2, Posteriors3, Posteriors4, Posteriors5, Posteriors6, Posteriors7, Posteriors8, Posteriors9, Posteriors10, Posteriors11, Posteriors12, Posteriors13, Posteriors14, Posteriors15,
0, 0.0003145088183537138, 0.0003145088183537138, 0.0003145088183537138, 0.0003145088183537138, 0.35001903830487363, 0.0029119570292431484, 0.11860961339864257, 0.0029069401053037477, 0.0032041799988750098, 0.002912034061725661, 0.0032273518553398183, 0.0029035589366487413, 0.38734535336221443, 0.12179469844079323, 0.0029072389837759044,
1, 0.00015632960493107404, 0.00015632960493107404, 0.00015632960493107404, 0.00015632960493107404, 0.3507212394614861, 0.002753381244572903, 0.11873821324157889, 0.002748360746664693, 0.0030437241945463606, 0.002753458273674873, 0.0030668540284926053, 0.0027449779826788792, 0.3881252944641876, 0.12193051768282263, 0.002748660008868818,
2, 9.466875790715385e-05, 9.466875790715385e-05, 9.466875790732605e-05, 9.466875790715385e-05, 0.3510891519584303, 0.002650782501771865, 0.11883606112118467, 0.002645769503566128, 0.002937834141918716, 0.002650859540089256, 0.002960843409636327, 0.0026423919551654125, 0.3885275141235757, 0.12203404809386985, 0.002646068366880432,
3, 7.230500917995806e-05, 7.230500917995806e-05, 7.230500917995806e-05, 7.230500917995806e-05, 0.351447036496406, 0.0025329791329022273, 0.11891798654095206, 0.002528123453599517, 0.002814634846362448, 0.002533056291247605, 0.0028372965080513913, 0.002524845976696151, 0.3889253396634529, 0.12212106863882138, 0.0025284121610742376,
4, 5.717076859024598e-05, 5.717076859024598e-05, 5.717076859024598e-05, 5.717076859024598e-05, 0.3517423421741129, 0.0024347972491138535, 0.11891715312092589, 0.002430073783295607, 0.0027132623635098747, 0.0024348736122657938, 0.002735662026181944, 0.0024268814864767166, 0.3893820955623133, 0.12212382114276978, 0.002430354150369182,
5, 3.94318995322236e-05, 3.94318995322236e-05, 3.94318995322236e-05, 3.94318995322236e-05, 0.3521097765171994, 0.0023205257203902803, 0.1189111657458951, 0.002315910555678654, 0.002596524090894499, 0.0023206014144020737, 0.00261871306700339, 0.002312788868875498, 0.38989845510279225, 0.12212162692573635, 0.0023161841379601374,
6, 2.8704093714979304e-05, 2.8704093714979304e-05, 2.8704093714979304e-05, 2.8704093714927093e-05, 0.3525510872673186, 0.0021877150429605655, 0.1188968907444809, 0.002183236500209557, 0.0024626206123638463, 0.0021877897917147696, 0.0024846015667402857, 0.0021802049212183597, 0.3904563532383238, 0.12211118198442072, 0.0021835017007623115,
7, 1.833718152103632e-05, 1.833718152103632e-05, 1.833718152103632e-05, 1.833718152100297e-05, 0.3528611750716951, 0.0020932503865822936, 0.11891014294144614, 0.002088789422390029, 0.0023637396858405793, 0.002093323581240151, 0.0023854760514750726, 0.0020857729275358403, 0.3908275402215453, 0.12212838664231501, 0.002089054085733779,
8, 1.4129408912286105e-05, 1.4129408912286105e-05, 1.4129408912286105e-05, 1.4129408912260404e-05, 0.3531080930076456, 0.0020124396804096075, 0.1189304235994756, 0.0020081037817485424, 0.0022784868091914674, 0.0020125120660089697, 0.0022999034129651116, 0.0020051682637548364, 0.3911277087455421, 0.12215228222027297, 0.0020083605215573982,
9, 8.861453250190166e-06, 8.861453250190166e-06, 8.861453250190166e-06, 8.861453250174047e-06, 0.35339520871928964, 0.0019176544011580883, 0.11894986644423378, 0.0019134429402740036, 0.0021795763729111303, 0.0019177257692935806, 0.0022006810866594204, 0.0019105885456775337, 0.3914905912064977, 0.12217552660612949, 0.0019136918398751327,
10, 4.71842816807957e-06, 4.71842816807957e-06, 4.71842816807957e-06, 4.718428168070988e-06, 0.3536346691045931, 0.0018313852631754452, 0.1189921112685834, 0.0018272491235340348, 0.002089834094722645, 0.001831455221849347, 0.002110682671533953, 0.0018244453456546772, 0.3917899259765932, 0.12222187450168236, 0.0018274934598204707,
11, 2.8214461867029978e-06, 2.8214461866978656e-06, 2.8214461867029978e-06, 2.8214461866978656e-06, 0.35386718633118996, 0.001744381341735872, 0.11905377738478641, 0.001740354226464319, 0.001999711225679343, 0.0017444499046361894, 0.002020280192824698, 0.0017376227535668637, 0.3920524795955219, 0.1222878791504459, 0.0017405918526931556,
12, 2.2848866429976476e-06, 2.2848866429976476e-06, 2.2848866429976476e-06, 2.2848866429934913e-06, 0.35399008757377803, 0.0016872978374698195, 0.11912623779559162, 0.0016833481115857921, 0.0019393859230552308, 0.0016873654367972613, 0.001959712028213586, 0.0016806679028960028, 0.3921886787287324, 0.12236449789444385, 0.0016835809644219725,
13, 2.2107630858477897e-06, 2.2107630858477897e-06, 2.210763085851811e-06, 2.2107630858477897e-06, 0.3541611468019266, 0.001614548427996535, 0.11920447881619704, 0.0016107675957494508, 0.0018613773895124813, 0.0016146145225596068, 0.0018812689940740249, 0.0016081975590627753, 0.3923767772915455, 0.1224469894101966, 0.0016109898827208092,
14, 1.7642970903708764e-06, 1.7642970903708764e-06, 1.7642970903708764e-06, 1.7642970903676672e-06, 0.3543304931083466, 0.0015428659756131784, 0.11929113174322308, 0.0015391873793316193, 0.0017827813687973906, 0.001542930006232638, 0.0018022113188971044, 0.0015366864036655118, 0.3925470633295709, 0.12253818832229058, 0.0015394035999318546,
15, 8.995031138049204e-07, 8.995031138049204e-07, 8.995031138065565e-07, 8.995031138049204e-07, 0.3544954313649022, 0.0014718571498780197, 0.11939014739610976, 0.0014682176728921395, 0.0017049989915824046, 0.0014719184272318627, 0.0017240135359850631, 0.0014657470575885304, 0.3926935201354878, 0.12264211785628193, 0.001468432144822011,
16, 1.1913869268596048e-06, 1.1913869268596048e-06, 1.1913869268596048e-06, 1.1913869268574376e-06, 0.35462863717790705, 0.001407757015547415, 0.11949068954152316, 0.0014042882537610454, 0.0016341816011874004, 0.0014078168413163587, 0.001652677317008062, 0.0014019292276717143, 0.3928156149540126, 0.12274715019797629, 0.0014044920694248257,
17, 1.247315377843203e-06, 1.247315377843203e-06, 1.247315377843203e-06, 1.247315377843203e-06, 0.35469677215217177, 0.001360371376677177, 0.11960950151791801, 0.001356989150799264, 0.0015797521452189207, 0.0013604296276187708, 0.0015977943030252466, 0.001354688371618002, 0.39285072214979816, 0.12287080188272181, 0.00135718780671274,
18, 1.4767085241732898e-06, 1.4767085241732898e-06, 1.4767085241732898e-06, 1.4767085241732898e-06, 0.35478991859721937, 0.0013090933119988184, 0.11972541539443371, 0.0013058043749113307, 0.0015210474726897309, 0.001309150167834645, 0.0015386019996105598, 0.0013035662740609945, 0.39289394952683154, 0.12299154836592766, 0.0013059974254952525,
19, 1.7816696410772106e-06, 1.7816696410772106e-06, 1.7816696410772106e-06, 1.7816696410739698e-06, 0.3548876181701929, 0.0012589306337802157, 0.11979686220855196, 0.0012557410411282953, 0.0014644047768456307, 0.0012589856071515257, 0.0014814925035637624, 0.0012535699892750696, 0.39301240947329574, 0.12306693047363547, 0.0012559281898435056,
20, 1.452861434278639e-06, 1.452861434278639e-06, 1.452861434278639e-06, 1.452861434278639e-06, 0.35500901017457237, 0.0012026407041389254, 0.11987754651706636, 0.001199518208034762, 0.001399826795742102, 0.0012026933844170701, 0.0014163862095965044, 0.001197394539066146, 0.39313754976089343, 0.12315192037769285, 0.0011997016278716486,
21, 1.2457315413377626e-06, 1.2457315413377626e-06, 1.2457315413400286e-06, 1.2457315413377626e-06, 0.3551019516016197, 0.0011601937873067614, 0.11993118916409364, 0.0011570972442574397, 0.001351211088115535, 0.0011602445458045003, 0.001367392290095611, 0.0011549941906206372, 0.39324416203187296, 0.12320930134029756, 0.00115727953469722,
22, 1.1851689449250145e-06, 1.1851689449228586e-06, 1.1851689449250145e-06, 1.185168944920703e-06, 0.3552098216754651, 0.0011123697578795234, 0.11999196811336647, 0.001109307691873217, 0.0012966370153843071, 0.0011124185958562665, 0.0013123895696994287, 0.0011072309889481715, 0.3933596358620813, 0.12327399148659464, 0.001109488311696094,
23, 1.2044909627845483e-06, 1.2044909627845483e-06, 1.2044909627845483e-06, 1.2044909627845483e-06, 0.35536777288771426, 0.0010522113180976768, 0.12005738821070339, 0.0010492048412162147, 0.001228288571458771, 0.0010522574753035127, 0.0012434915169894038, 0.001047169712504159, 0.3935044994845411, 0.12334351506984516, 0.0010493826924448753,
24, 1.4056533391171554e-06, 1.4056533391171554e-06, 1.4056533391171554e-06, 1.4056533391171554e-06, 0.3555560252483452, 0.0009869036991005768, 0.120120069937118, 0.0009839596496690381, 0.0011542820599978881, 0.0009869473523574919, 0.0011688884835780317, 0.0009819707646132399, 0.39366087268732136, 0.12341032295772043, 0.0009841342916163886,
25, 8.503710319997605e-07, 8.503710319997605e-07, 8.503710319997605e-07, 8.503710319966669e-07, 0.35578539673822424, 0.0009089473902194982, 0.12018279103269647, 0.0009060406687599436, 0.0010674227051905847, 0.0009089877726915112, 0.0010814257555571735, 0.0009040838090370385, 0.39386787774652227, 0.1234774105917005, 0.0009062140513922129,
26, 3.311406040681536e-07, 3.311406040681536e-07, 3.311406040681536e-07, 3.3114060406755125e-07, 0.35587270277706223, 0.0008665929883651201, 0.12026942468676466, 0.0008636789127540958, 0.001018660783837543, 0.0008666312973808958, 0.0010322845509642036, 0.0008617224350925427, 0.39391462058568816, 0.12356850266294901, 0.000863853502453677,
27, 2.0538268273122302e-07, 2.0538268273122302e-07, 2.0538268273122302e-07, 2.0538268273084943e-07, 0.3559477155115269, 0.0008224274434554861, 0.12036725694155391, 0.0008195670671400093, 0.0009682203231949191, 0.0008224640564411328, 0.0009814077623169666, 0.0008176491214104626, 0.3939619297045872, 0.12367080151252358, 0.0008197387712072602,
28, 3.660148270703927e-07, 3.660148270703927e-07, 3.660148270703927e-07, 3.660148270697269e-07, 0.35603243894287406, 0.0007809178759065536, 0.12044997617068443, 0.000778162484920217, 0.0009212183446770151, 0.0007809535432234117, 0.0009339656484165888, 0.0007763145697683846, 0.3940087921691045, 0.12375746813363284, 0.0007783278037537162,
29, 5.134675192268995e-07, 5.134675192268995e-07, 5.134675192268995e-07, 5.134675192259656e-07, 0.3561313509856461, 0.0007342737961938305, 0.12054041506223136, 0.0007316385257294, 0.0008685699298027082, 0.0007343085944966361, 0.0008808224387550072, 0.0007298705114496883, 0.3940628573878784, 0.12385204216324464, 0.0007317964802664272,
30, 6.323820150308939e-07, 6.323820150308939e-07, 6.323820150308939e-07, 6.323820150297436e-07, 0.3562076046582453, 0.0006990940002011124, 0.12060603283100463, 0.000696530327527248, 0.0008289748343388099, 0.0006991280206584858, 0.0008408715299250074, 0.0006948109436871148, 0.3941064538143815, 0.12392128523523012, 0.0006966840223862931,
31, 1.0257390306004325e-06, 1.0257390306004325e-06, 1.0257390306004325e-06, 1.0257390306004325e-06, 0.35625602808436013, 0.0006687090935996776, 0.12068217708497256, 0.0006662525327808986, 0.0007944638564486967, 0.000668742638042709, 0.0008060011815008344, 0.0006646030680751354, 0.3941215413939211, 0.12400097836973804, 0.0006663994849434739,
32, 8.468917288200786e-07, 8.468917288200786e-07, 8.468917288200786e-07, 8.468917288200786e-07, 0.356302711648606, 0.0006354071223747766, 0.12077893591360926, 0.0006330442363355337, 0.0007572351895784745, 0.0006354400632407763, 0.0007684331851610691, 0.0006314565628336848, 0.3941189548002299, 0.12410180812581682, 0.0006331853326831379,
33, 6.801788644260608e-07, 6.801788644260608e-07, 6.801788644260608e-07, 6.801788644260608e-07, 0.35636375450188146, 0.0005975764789492786, 0.12088165566824081, 0.0005953382766386229, 0.0007144026100396975, 0.0005976087691466689, 0.0007251758401695112, 0.0005938319638068367, 0.394123774881148, 0.12420868855107516, 0.0005954714894813256,
34, 5.614412906820507e-07, 5.614412906820507e-07, 5.614412906820507e-07, 5.614412906820507e-07, 0.3564097981070107, 0.0005682275836065686, 0.12096394051119401, 0.0005660707871049487, 0.0006812266676290638, 0.0005682592440417005, 0.0006916815711667326, 0.0005646182546615484, 0.3941230072745475, 0.12429472504877488, 0.0005661989294686909,
35, 7.236233711768627e-07, 7.236233711768627e-07, 7.236233711768627e-07, 7.236233711768627e-07, 0.356477831137748, 0.0005394995687633973, 0.12102815079280639, 0.0005374432355320168, 0.0006493154742333373, 0.0005395309668528575, 0.0006594662610190201, 0.0005360561765926071, 0.39412999177321717, 0.12436225485812091, 0.0005375650064813496,
36, 8.999625316051893e-07, 8.999625316051893e-07, 8.999625316051893e-07, 8.999625316051893e-07, 0.3565339456313011, 0.0005173436898692383, 0.12107581412319078, 0.0005153529558850267, 0.0006247859164476065, 0.000517374811046548, 0.0006347132849606156, 0.0005140091274183951, 0.3941346497313542, 0.12441294000427774, 0.0005154706182337723,
37, 8.54961135859198e-07, 8.54961135859198e-07, 8.54961135859198e-07, 8.54961135859198e-07, 0.35658886277474305, 0.0004954648921509765, 0.12113081448069313, 0.0004935176551343217, 0.000599968379056109, 0.0004954955498887139, 0.0006096616309085902, 0.0004922034259080771, 0.3941257500336232, 0.12447120837900401, 0.0004936326983200315,
38, 1.1339102998318559e-06, 1.1339102998318559e-06, 1.1339102998318559e-06, 1.1339102998318559e-06, 0.35664495130635765, 0.0004728029333651143, 0.12119518886729419, 0.000470910844128261, 0.000573662596742346, 0.00047283328365005795, 0.0005830724366841094, 0.00046963348067197104, 0.3941024096682298, 0.12453897621020019, 0.0004710224770849619,
39, 1.1541826179760005e-06, 1.1541826179760005e-06, 1.1541826179781001e-06, 1.1541826179760005e-06, 0.3567171911672248, 0.000451305708267541, 0.12123002137019732, 0.00044946736123690784, 0.0005492354717350643, 0.0004513357806653076, 0.0005584030081818947, 0.00044822579094529414, 0.3941139523500146, 0.12457666933603119, 0.00044957567064482203,
40, 8.31009268182277e-07, 8.31009268182277e-07, 8.31009268182277e-07, 8.31009268182277e-07, 0.3568182771676622, 0.0004240758053910686, 0.12125389679214155, 0.0004222984386070834, 0.0005185108697455877, 0.00042410530735768876, 0.0005273887343611249, 0.000421097970888906, 0.39416128562732233, 0.12460333592481948, 0.0004224030705192227,
41, 6.060006192652343e-07, 6.060006192652343e-07, 6.060006192652343e-07, 6.060006192652343e-07, 0.3568309738654582, 0.00041114476761395846, 0.12132346961840264, 0.000409389024861478, 0.0005032322962237426, 0.0004111739676070918, 0.0005119452671680456, 0.0004082035493372277, 0.3941021839881781, 0.1246763669972299, 0.00040949240287443435,
42, 3.9721769756659147e-07, 3.9721769756659147e-07, 3.9721769756659147e-07, 3.9721769756659147e-07, 0.3568486870255656, 0.0003985347355227943, 0.12135725940181062, 0.00039680233435436237, 0.0004885916847673489, 0.000398563485676541, 0.0004971487362229904, 0.00039563308312417464, 0.39410736095465493, 0.12471292506140624, 0.0003969043744282133,
43, 3.5180365671680797e-07, 3.5180365671680797e-07, 3.5180365671680797e-07, 3.5180365671616804e-07, 0.35686560886520924, 0.00038554512010122784, 0.12140101405456129, 0.0003838428403287778, 0.00047305096659229316, 0.0003855735159574901, 0.0004814177220939762, 0.0003826940282891593, 0.3940963278269267, 0.12475957451341917, 0.0003839430805900129,
44, 9.475268273151426e-07, 9.475268273151426e-07, 9.475268273151426e-07, 9.475268273151426e-07, 0.35686665759458913, 0.00037402815755134794, 0.12145134295195814, 0.0003723846967808029, 0.00045908435305096114, 0.00037405649855413574, 0.00046724361377764194, 0.00037127391114202243, 0.39407505721013847, 0.12481259946643604, 0.0003724811870243985,
45, 1.8848418898430394e-06, 1.8848418898430394e-06, 1.8848418898430394e-06, 1.8848418898430394e-06, 0.35687391462165574, 0.0003632716791381307, 0.12148594564097148, 0.0003616915620613988, 0.000446186925310805, 0.00036330004237959153, 0.00045415392592224854, 0.0003606214576891259, 0.3940720393913378, 0.124849551148629, 0.0003617839854834203,
46, 2.1974853710961612e-06, 2.1974853710961612e-06, 2.1974853710961612e-06, 2.197485371092164e-06, 0.3568600424248512, 0.0003548463116579053, 0.12154262868897302, 0.00035330763672800504, 0.000435583822883583, 0.0003548746527974556, 0.0004433840828510537, 0.0003522643044863296, 0.39403180118733167, 0.12490907928018691, 0.00035339741354308083,
47, 2.3272327612175495e-06, 2.3272327612175495e-06, 2.3272327612175495e-06, 2.327232761213316e-06, 0.35684386443692334, 0.00034779818166598154, 0.12158628824145981, 0.00034628646312163193, 0.00042662803974498277, 0.0003478264058514404, 0.0004342892899200543, 0.0003452608349654388, 0.3940106354370667, 0.12495543893274436, 0.0003463745537908195,
48, 1.9096302948094097e-06, 1.9096302948094097e-06, 1.9096302948094097e-06, 1.9096302948094097e-06, 0.35683839313462706, 0.00033929858309705835, 0.12163279160990058, 0.0003378076600483518, 0.0004157564842130166, 0.0003393266057776525, 0.0004232583583399427, 0.0003367960441743712, 0.39398622163764435, 0.12500481662546958, 0.0003378944861234929,
49, 1.5507275279256796e-06, 1.5507275279256796e-06, 1.5507275279256796e-06, 1.5507275279256796e-06, 0.35681266322645344, 0.0003315119896306544, 0.12170008743345298, 0.00033003453417117766, 0.00040578421050972837, 0.00033153977216207755, 0.00041314260531089285, 0.00032903232540545485, 0.3939344660578383, 0.12507541410862288, 0.0003301205756406284,
50, 1.8021567463354819e-06, 1.8021567463354819e-06, 1.8021567463354819e-06, 1.8021567463322039e-06, 0.35680809615511394, 0.00032392204714863524, 0.12175078213187264, 0.00032246682590322703, 0.0003963104318171646, 0.00032394975216535943, 0.00040353266928031505, 0.0003214794034939522, 0.39389069758289896, 0.1251290026384571, 0.0003225514830955628,
51, 1.4336124575019144e-06, 1.4336124575019144e-06, 1.4336124575019144e-06, 1.4336124574993065e-06, 0.3568211999937554, 0.00031519136434892347, 0.12178887545238766, 0.0003137522951012242, 0.00038572415316902856, 0.00031521886445409655, 0.0003928150694769641, 0.00031277601657626994, 0.3938649904412774, 0.12516988564347062, 0.00031383600365000007,
52, 1.1188731339627288e-06, 1.1188731339627288e-06, 1.1188731339627288e-06, 1.1188731339606936e-06, 0.35682213368768806, 0.0003101119188403161, 0.12180708265813067, 0.0003086736446795808, 0.0003793684537760516, 0.0003101392422588346, 0.0003863786940949537, 0.00030769857317493993, 0.39386460583484695, 0.12519057416718643, 0.00030875738107912,
53, 8.633081770722353e-07, 8.633081770722353e-07, 8.633081770722353e-07, 8.633081770722353e-07, 0.356833424937602, 0.00030339259579475374, 0.12180760859796447, 0.00030196093832183005, 0.0003711802818029981, 0.00030341958326492516, 0.0003780872697039503, 0.00030099104982221305, 0.39390115320913044, 0.1251932836828779, 0.0003020443695870362,
54, 4.988967693233432e-07, 4.988967693233432e-07, 4.988967693233432e-07, 4.988967693233432e-07, 0.3568034408551525, 0.00030011316619322755, 0.12184661062694367, 0.0002986732367025678, 0.00036674098764507564, 0.0003001399014998382, 0.00037358352757731807, 0.00029769882128599087, 0.39387710131302495, 0.1252351444319608, 0.00029875729361925795,
55, 7.949089414779037e-07, 7.949089414779037e-07, 7.949089414779037e-07, 7.949089414764578e-07, 0.3567591663050082, 0.00029767663592447766, 0.12189289924852953, 0.00029624657728398603, 0.00036317779635493925, 0.00029770332012894345, 0.00036994440052456044, 0.00029527876087161246, 0.39384426994646654, 0.12528412709797476, 0.000296330023084705,
56, 1.1089731000574283e-06, 1.1089731000574283e-06, 1.1089731000574283e-06, 1.1089731000554111e-06, 0.35672533858631567, 0.0002938178616454708, 0.12192157227852875, 0.000292403057572125, 0.0003580392420911696, 0.00029384435610913223, 0.000364710660860856, 0.0002914454920399704, 0.3938467458369635, 0.12531516090270833, 0.00029248558114773057,
57, 1.146454776240666e-06, 1.146454776240666e-06, 1.146454776240666e-06, 1.1464547762385806e-06, 0.3566916772704534, 0.00029169511920411356, 0.12192063746458073, 0.0002902854111089901, 0.0003550132386691025, 0.00029172142153133723, 0.0003616230228403794, 0.0002893315316182316, 0.39389688834778447, 0.12531617344441456, 0.00029036765674025726,
58, 1.4316012938407009e-06, 1.4316012938407009e-06, 1.4316012938407009e-06, 1.4316012938380969e-06, 0.35667265037502716, 0.0002872043995477542, 0.12191240602817918, 0.00028581557053781445, 0.00034916618618000965, 0.00028723036864663234, 0.0003556681318592038, 0.0002848756558934783, 0.39396369084197363, 0.1253096692248317, 0.00028589655953594443,
59, 1.2059615113159513e-06, 1.2059615113159513e-06, 1.2059615113159513e-06, 1.2059615113115641e-06, 0.3566639619030576, 0.00028132603193320433, 0.1219081655239126, 0.0002799534639194716, 0.0003418807225037972, 0.00028135150663013216, 0.00034827213379319967, 0.00027902487599053695, 0.39402387818010687, 0.12530732801455108, 0.00028003354458486533,
60, 1.061787905470915e-06, 1.061787905470915e-06, 1.061787905470915e-06, 1.0617879054689837e-06, 0.3566765800468912, 0.00027404892254419527, 0.12189600134733328, 0.00027269532062741144, 0.00033317004181117197, 0.0002740738126908944, 0.0003394408195206514, 0.0002717800367713289, 0.3940882041733633, 0.12529698371427422, 0.0002727743576915358,
61, 9.90906157284062e-07, 9.90906157284062e-07, 9.90906157284062e-07, 9.909061572822594e-07, 0.35671142895831076, 0.00026522249924030124, 0.12187578499070878, 0.00026389116211680906, 0.0003228823538010074, 0.0002652467012356142, 0.0003290208630834221, 0.0002629915755849536, 0.3941570859100933, 0.12527851211880156, 0.0002639689883725429,
62, 1.015758460973512e-06, 1.0157584609716643e-06, 1.015758460973512e-06, 1.0157584609698167e-06, 0.35675827231702223, 0.0002541921807487074, 0.1218345292434934, 0.00025289380469921744, 0.0003101475685195597, 0.0002542154496248674, 0.00031611981588577253, 0.0002520171244661111, 0.3942718694467894, 0.12523870996577202, 0.0002529697947865779,
63, 1.1493570120765043e-06, 1.1493570120765043e-06, 1.1493570120765043e-06, 1.1493570120744136e-06, 0.3567379904661173, 0.0002505205746221394, 0.1218456278412784, 0.0002492303591904944, 0.0003054041218353042, 0.00025054335678427843, 0.0003112927049845434, 0.00024835984628037664, 0.39429522574526105, 0.12525190132731404, 0.0002493059727442009,
64, 1.3958372292289336e-06, 1.3958372292289336e-06, 1.3958372292289336e-06, 1.3958372292263946e-06, 0.35672486045580154, 0.00024589669135966446, 0.12186404387803397, 0.0002446158789137484, 0.0002991922297580726, 0.0002459189828583269, 0.00030496535663919786, 0.0002437524180799876, 0.39430393329695074, 0.12527254616104563, 0.00024469104424709905,
65, 1.0945149843521307e-06, 1.0945149843521307e-06, 1.0945149843521307e-06, 1.0945149843481488e-06, 0.3567285581766583, 0.0002402957506971126, 0.1218701193727193, 0.00023901993667982898, 0.00029201108591003837, 0.00024031742616891714, 0.0002976705776670762, 0.00023816093869537638, 0.39432960186069554, 0.1252807715779096, 0.00023909497866326748,
66, 8.867097099459457e-07, 8.867097099459457e-07, 8.867097099459457e-07, 8.867097099427199e-07, 0.3567536951163962, 0.00023335219438822406, 0.121868228148739, 0.00023208365215598325, 0.0002834423441006578, 0.0002333731575451153, 0.0002889773093228527, 0.00023123083156280857, 0.3943589693392239, 0.1252809423445654, 0.00023215846639838738,
67, 5.789200046961761e-07, 5.789200046961761e-07, 5.789200046961761e-07, 5.789200046951231e-07, 0.35673814738118886, 0.00022959959991709558, 0.12190499208984895, 0.00022832421968151914, 0.00027839399973922694, 0.00022961999147665327, 0.00028384577604530947, 0.00022746827404545623, 0.3943284548907241, 0.12532043817308333, 0.0002283996681928986,
68, 3.793197831183086e-07, 3.793197831183086e-07, 3.793197831183086e-07, 3.793197831176186e-07, 0.35673751578053636, 0.00022504550174214354, 0.12193614305761699, 0.00022376484034331674, 0.00027246729835604276, 0.00022506533371874734, 0.0002778270719863932, 0.0002229068273168919, 0.39429966741975536, 0.1253542385045227, 0.0002238408277180445,
69, 4.850308242371554e-07, 4.850308242371554e-07, 4.850308242371554e-07, 4.850308242353909e-07, 0.3567586853484446, 0.00022064570425339648, 0.12195131590277905, 0.000219367697846934, 0.00026692664756040435, 0.00022066512279006112, 0.0002721996072022351, 0.0002185124776559236, 0.39427861073981046, 0.12537168669238605, 0.00021944367942287022,
70, 5.091698379243841e-07, 5.091698379243841e-07, 5.091698379243841e-07, 5.091698379243841e-07, 0.35679502577500577, 0.00021654942230220535, 0.1219516303962751, 0.00021527141236428137, 0.00026190573104650517, 0.00021656854269150907, 0.00026710892166892966, 0.0002144171892516651, 0.3942700472493234, 0.12537409088178714, 0.0002153475423369218,
71, 3.150739599449579e-07, 3.150739599449579e-07, 3.150739599449579e-07, 3.150739599449579e-07, 0.3568444181752823, 0.0002105095962221575, 0.12194935953658996, 0.00020923774029236187, 0.00025453751950286216, 0.00021052823303422768, 0.00025963760622942604, 0.00020838869683449418, 0.3942689377971036, 0.1253738708792889, 0.00020931366669406351,
72, 3.65956685686242e-07, 3.65956685686242e-07, 3.65956685686242e-07, 3.659566856855763e-07, 0.3568828686716982, 0.00020401482005592776, 0.12195407966685469, 0.00020276184705011083, 0.0002467420507573613, 0.00020403304490782353, 0.00025172666822704013, 0.00020192592713892104, 0.3942669622641148, 0.12538058423530887, 0.00020283672084499022,
73, 4.025613456321315e-07, 4.025613456321315e-07, 4.025613456321315e-07, 4.0256134563139925e-07, 0.3569194906028963, 0.0001992651595614714, 0.12192097747377718, 0.00019802565259714896, 0.00024107038863612192, 0.00019928298922379, 0.0002459683475759481, 0.000197199270108491, 0.39433009910268857, 0.12534891070532672, 0.00019809980598668533,
74, 8.024565490239656e-07, 8.024565490239656e-07, 8.024565490239656e-07, 8.024565490210463e-07, 0.356963162884608, 0.00019302425084446445, 0.12188364137214568, 0.00019181625892690087, 0.00023356339376139247, 0.00019304162954811868, 0.0002383337251310276, 0.0001910109651117739, 0.3944045315029699, 0.12531277538969307, 0.00019188854331330307,
75, 8.321940574282438e-07, 8.321940574282438e-07, 8.321940574282438e-07, 8.321940574282438e-07, 0.3570153668840479, 0.0001864911395577, 0.12182078778828274, 0.00018530979904988627, 0.00022586506039090387, 0.0001865079476357808, 0.0002305158365672398, 0.00018452264274246462, 0.39452501277820023, 0.12525091054050408, 0.000185380548844208,
76, 8.409414468514433e-07, 8.409414468514433e-07, 8.409414468514433e-07, 8.409414468499137e-07, 0.3570894512589522, 0.00017765124107964127, 0.12175124108437171, 0.00017650514135666962, 0.00021558537889071697, 0.0001776672769586102, 0.00022008305654595505, 0.00017574201981917955, 0.39465383668583004, 0.1251822989603321, 0.000176573872378302,
77, 9.098301696307756e-07, 9.098301696307756e-07, 9.098301696307756e-07, 9.098301696291206e-07, 0.35717147695478774, 0.00016769563261565237, 0.12169023392643714, 0.00016658726864083432, 0.0002035378651195786, 0.00016771088692067458, 0.0002078396831867112, 0.00016584989649579373, 0.394766429543381, 0.1251223449323403, 0.00016665383214697603,
78, 8.003004238530638e-07, 8.003004238530638e-07, 8.003004238530638e-07, 8.003004238501523e-07, 0.35723502042872646, 0.00015876382639850556, 0.12165542369760218, 0.00015768049409154485, 0.0001927469234380786, 0.00015877827967495894, 0.00019688006192072405, 0.00015696083561961995, 0.39483783683548895, 0.12508896144087897, 0.00015774571604490234,
79, 7.410576972692219e-07, 7.410576972692219e-07, 7.410576972692219e-07, 7.41057697266526e-07, 0.35729575605838787, 0.0001520460965970633, 0.12161167568681452, 0.00015097561742244512, 0.0001845894138124238, 0.00015205988015024215, 0.00018859646139954254, 0.0001502656717308156, 0.3949134710123183, 0.12504655936917222, 0.00015104024529731197,
80, 7.076372036414399e-07, 7.076372036414399e-07, 7.076372036414399e-07, 7.076372036414399e-07, 0.3573016398565861, 0.00014989881413748335, 0.12161464061301246, 0.00014882392983983183, 0.00018146878313046315, 0.00014991220437589962, 0.00018541033803858974, 0.00014811208290301927, 0.3949169059623093, 0.12505146762763694, 0.00014888898458080107,
81, 6.395075073088237e-07, 6.395075073088237e-07, 6.395075073088237e-07, 6.395075073088237e-07, 0.35731196996835285, 0.00014775519701957116, 0.12158832335699798, 0.00014667557616991907, 0.00017845587377036617, 0.0001477681342399778, 0.00018233587890523063, 0.0001459616836286483, 0.39497477584075347, 0.12502667911385618, 0.000146741091958072,
82, 5.539312856026912e-07, 5.539312856026912e-07, 5.539312856026912e-07, 5.539312856016837e-07, 0.35733884031804725, 0.0001458986658895699, 0.12154550152385922, 0.00014481267091570393, 0.00017591397395968177, 0.0001459112621298642, 0.00017974680637739305, 0.00014409557464260906, 0.39504697414946965, 0.12498521034013473, 0.00014487873473248273,
83, 4.286896211994366e-07, 4.286896211994366e-07, 4.286896211994366e-07, 4.286896211994366e-07, 0.357371050758066, 0.0001434141540198033, 0.12151062424524428, 0.00014232186497879407, 0.0001724065963290666, 0.00014342640429376475, 0.0001761720474314427, 0.00014160168305282444, 0.39510306295126985, 0.12495181580477185, 0.00014238847777100458,
84, 9.070329767143591e-07, 9.070329767143591e-07, 9.070329767143591e-07, 9.070329767143591e-07, 0.3573904837771329, 0.00014146762489150236, 0.1214829870052053, 0.00014038026795244846, 0.00016947198275111665, 0.00014147966849145785, 0.00017316462614764804, 0.00013966383506819186, 0.39515135147234776, 0.1249254746912699, 0.00014044666049197648,
85, 1.05151124626004e-06, 1.05151124626004e-06, 1.05151124626004e-06, 1.05151124626004e-06, 0.3574067752945229, 0.0001385051136896899, 0.12146478466308051, 0.00013742690483847293, 0.00016554181982850096, 0.00013851690884318638, 0.0001691554329719428, 0.00013671695393834625, 0.3951922004115097, 0.12490867739435281, 0.00013749280065420268,
86, 1.1568702562540493e-06, 1.1568702562540493e-06, 1.1568702562540493e-06, 1.1568702562540493e-06, 0.3574155562469146, 0.00013739839044377836, 0.12142961731442495, 0.00013631726072206552, 0.00016372873966033567, 0.00013740997017726428, 0.0001672945772811557, 0.00013560602089816786, 0.39526131346257404, 0.12487474685294926, 0.00013638342744360773,
87, 7.433480350278605e-07, 7.433480350278605e-07, 7.433480350278605e-07, 7.433480350265083e-07, 0.35743177506086987, 0.0001353062876023691, 0.12139499961087048, 0.00013422152165551014, 0.00016088920172338664, 0.00013531758714855816, 0.00016440260602309153, 0.00013350867005461816, 0.3953308579068209, 0.12484145988287339, 0.00013428801608662496,
88, 3.551181435506198e-07, 3.551181435506198e-07, 3.551181435506198e-07, 3.5511814354932787e-07, 0.35745731790155894, 0.00013211443509351492, 0.1213416463688817, 0.00013103053646823526, 0.00015683358425488177, 0.000132125343343187, 0.0001602784927791855, 0.00013031912535833151, 0.395436623126386, 0.12478919325950007, 0.00013109709720280125,
89, 5.164384351408675e-07, 5.164384351408675e-07, 5.164384351408675e-07, 5.164384351408675e-07, 0.3574694737990615, 0.0001295070469276063, 0.12129635689359364, 0.00012843535988924933, 0.0001533933991957707, 0.00012951771238295937, 0.00015676455679197458, 0.00012773227770573753, 0.3955334640333971, 0.12474478770199661, 0.00012850120863709268,
90, 1.2358401439498777e-06, 1.2358401439498777e-06, 1.2358401439498777e-06, 1.2358401439498777e-06, 0.35746940764239266, 0.00012652340065793925, 0.12125832199361641, 0.00012547358594170715, 0.0001496002575070834, 0.0001265338770919704, 0.0001528885001613106, 0.00012478484470337985, 0.3956284279189359, 0.12470755628232218, 0.00012553807901011962,
91, 1.4894479156355662e-06, 1.4894479156355662e-06, 1.4894479156355662e-06, 1.4894479156355662e-06, 0.35747628880522975, 0.0001233704916822899, 0.12119652354461893, 0.00012233858678014058, 0.0001457081662635913, 0.00012338070250654138, 0.00014892000175307444, 0.00012166175976140841, 0.3957670897712518, 0.1246463581297152, 0.00012240199239114158,
92, 1.470457503900984e-06, 1.470457503900984e-06, 1.470457503900984e-06, 1.470457503900984e-06, 0.35747884154259535, 0.00012112222248074595, 0.12112415965181991, 0.00012010300961362271, 0.00014286902626182833, 0.00012113218063496794, 0.0001460219045260508, 0.00011943465317655583, 0.3959258058744464, 0.12457446220235172, 0.00012016564689172657,
93, 1.2795945911841513e-06, 1.2795945911841513e-06, 1.2795945911841513e-06, 1.2795945911841513e-06, 0.3574663238180973, 0.00011930908691721155, 0.12107912622110928, 0.00011829526026741967, 0.0001405488924223137, 0.00011931877084090194, 0.00014365511388356007, 0.00011763079020041261, 0.396042018133477, 0.12453029766990899, 0.00011835760969581222,
94, 1.1954660769578136e-06, 1.1954660769578136e-06, 1.1954660769578136e-06, 1.195466076955639e-06, 0.3574367286486559, 0.0001182658990321314, 0.12104837487135299, 0.00011725849214301787, 0.00013904799255167415, 0.0001182754687361321, 0.00014211577035979235, 0.00011659832629489549, 0.39614073039196335, 0.12450050156644983, 0.0001173204545246818,
95, 9.56442085267134e-07, 9.56442085267134e-07, 9.56442085267134e-07, 9.564420852653944e-07, 0.3573769906434626, 0.00011900508714466936, 0.12104723067048301, 0.00011799600797105535, 0.00013941008376804756, 0.00011901462211013266, 0.0001424597042754399, 0.00011733477598270227, 0.39619797242039423, 0.1245007018874414, 0.00011805807485765477,
96, 9.231118650394515e-07, 9.231118650394515e-07, 9.231118650394515e-07, 9.231118650394515e-07, 0.35732988826357787, 0.00011826522143668929, 0.12103786637126578, 0.00011726605872449647, 0.00013808899019166187, 0.00011827464902345035, 0.0001410934147793984, 0.0001166112415917805, 0.3962691875720391, 0.124492438014135, 0.00011732750247810036,
97, 1.0073438153462746e-06, 1.0073438153462746e-06, 1.0073438153462746e-06, 1.0073438153444422e-06, 0.3573045188934352, 0.00011660342717987601, 0.12101952850195936, 0.00011561810294534271, 0.00013585493074161594, 0.00011661270791240978, 0.0001388067289570028, 0.00011497231571817076, 0.39634269676075445, 0.12447507931200837, 0.00011567868878229373,
98, 1.6482573897785883e-06, 1.6482573897785883e-06, 1.6482573897815864e-06, 1.6482573897785883e-06, 0.35727378688490213, 0.00011563884411945495, 0.12097808307765083, 0.00011466757459446133, 0.00013442410035007302, 0.00011564799739219408, 0.00013733074502902801, 0.00011403086502802216, 0.39646087734432395, 0.12443419200556849, 0.00011472727824377318,
99, 2.080149238306861e-06, 2.080149238306861e-06, 2.080149238306861e-06, 2.080149238306861e-06, 0.357242732514906, 0.0001146511029476088, 0.12094378841783748, 0.00011368839569948471, 0.0001328440172882351, 0.00011466008897984838, 0.0001357034934149599, 0.00011305737570666876, 0.3965661542241426, 0.12440065193539714, 0.00011374758467441971,
100, 2.413715146923791e-06, 2.413715146923791e-06, 2.413715146923791e-06, 2.413715146923791e-06, 0.3571967105431333, 0.00011407760109292557, 0.12093465647259621, 0.00011311683226451603, 0.0001317413664891072, 0.00011408639342760784, 0.00013456387757663257, 0.0001124873549130965, 0.3966330349865858, 0.12439269351620452, 0.00011317594329949388,
101, 2.496224528454069e-06, 2.496224528454069e-06, 2.496224528454069e-06, 2.496224528454069e-06, 0.35717036227755405, 0.00011259557650151939, 0.12091615458787304, 0.0001116377516930175, 0.0001297264319430013, 0.00011260415499731607, 0.00013250800616213104, 0.00011101055887089678, 0.3967064154686503, 0.12437530330668314, 0.00011169672854543513,
102, 2.3315446154999428e-06, 2.3315446154999428e-06, 2.3315446154999428e-06, 2.3315446154957017e-06, 0.357142318890861, 0.00011104867224249881, 0.12090699672036015, 0.0001100886631200627, 0.00012765987131170992, 0.00011105698549238276, 0.00013040482273797896, 0.00010946061478917824, 0.39676400588229027, 0.12436748459137383, 0.00011014785413237343,
103, 1.92075327843712e-06, 1.92075327843712e-06, 1.92075327843712e-06, 1.92075327843712e-06, 0.3571092003862452, 0.00011049238108776747, 0.12088835618146178, 0.00010952514670581422, 0.00012670780270200054, 0.00011050044841251918, 0.0001294321000221131, 0.00010889291066795522, 0.3968395857725586, 0.12435003874502856, 0.00010958485971635621,
104, 1.1799883542029927e-06, 1.1799883542029927e-06, 1.1799883542029927e-06, 1.1799883542008464e-06, 0.35707717152140217, 0.00011084397162687887, 0.12083837777378269, 0.00010986189208778356, 0.00012681015630661933, 0.0001108517721800209, 0.00012953163613582197, 0.00010922059731976468, 0.39697178883631407, 0.12430089901848251, 0.000109922616507905,
105, 1.1963257698228737e-06, 1.1963257698228737e-06, 1.1963257698228737e-06, 1.1963257698228737e-06, 0.3570547514974825, 0.00011130239499554858, 0.12078020467029883, 0.00011030992958561515, 0.000127074310245385, 0.00011131000509884165, 0.00012979288858473235, 0.00010966228828727035, 0.3971071048593068, 0.12424333023859413, 0.00011037135964425115,
106, 9.38206083118294e-07, 9.38206083118294e-07, 9.38206083118294e-07, 9.382060831165874e-07, 0.35704687932955265, 0.0001119550900914952, 0.12070098098249556, 0.00011094851444266518, 0.00012765508703213753, 0.00011196257498907893, 0.00013038302240309097, 0.00011029211130604444, 0.3972696401116554, 0.12416453921407498, 0.00011101088165697405,
107, 6.88910064868201e-07, 6.88910064868201e-07, 6.88910064868201e-07, 6.88910064868201e-07, 0.3570571824555813, 0.00011284794416270063, 0.12060333954547148, 0.00011182645536470667, 0.00012860987747826305, 0.0001128553363879553, 0.00013135650037119522, 0.00011116070489593589, 0.39744906437486466, 0.12406711110798624, 0.00011188980060453163,
