Optimize time:20.91400928563542
Begin Prob:-13478.044999282527
End Prob:-13392.610850671936
Substitution parameters:[0.2265161857228064, 0.26224171500578675, 0.2602381690647355, 0.25100393020667133, 1.1518439875730047]
Trees:
((4:673.5415967240856,(2:660.4572417822453,3:704.8187401774084):544.7577216241652):440.74679886466834,(1:645.8983878522815,5:645.8976208267023):677.3361151112283);
(1:544.7574379025396,(3:551.5088352420075,(5:645.8976842687865,(2:704.8187401774084,4:704.8187401774084):440.29071503647447):619.7004550208372):660.4572417822453);
((3:672.6786574473842,(2:388.56448821214383,4:410.7908328871456):440.29265969342686):599.290230360146,(1:704.6633865503107,5:704.8452803033983):672.6786574473842);
(1:682.3728598153522,((4:621.114959337806,5:645.8976208267023):645.8976842687865,(2:602.8195903372152,3:668.7383403491641):645.8976208267023):537.8709137469276);
((2:645.8976208267023,(3:673.5415967240856,4:645.8976208267023):645.8976208267023):602.8193729179583,(1:981.9617980900356,5:645.8976842687865):645.8983878522815);
(1:564.7902835191036,(4:673.5415967240856,(3:679.5831527569521,(2:564.7902835191036,5:644.9465452091866):660.2342714414641):673.8683324214938):682.3728598153522);
(1:536.3623586587491,(4:440.74679886466834,(5:619.6505022959644,(2:666.8180344668936,3:602.8195903372152):645.8976208267023):673.8683324214938):673.5415967240856);
(1:682.3728598153522,(2:645.8976842687865,(4:645.8976208267023,(3:572.9494439261407,5:668.1442912213139):645.8976208267023):644.9465452091866):528.9641870182496);
(1:645.8976208267023,(2:503.9382706541217,(5:645.8976208267023,(3:563.3906599328302,4:704.8187401774084):574.9294563382332):645.8976208267023):668.7266279849717);
(1:440.74679886466834,(3:673.541244932338,(4:673.8683324214938,(2:673.5415967240856,5:644.9465452091866):673.541244932338):525.5598334746887):981.9925989263601);
(1:440.29071503647447,((2:645.8976208267023,5:618.032918591058):544.7577216241652,(3:645.8983878522815,4:668.1442912213139):682.3539732007567):645.8976208267023);
(1:668.5439130202964,(3:673.8683324214938,(2:660.4572417822453,(4:645.8976842687865,5:660.4572417822453):544.7577216241652):704.8351279006913):602.8195903372152);
(1:660.4572417822453,((2:440.74679886466834,4:416.4084485908731):704.8187401774084,(3:673.5415967240856,5:619.2957261833357):682.3728598153522):599.290230360146);
(1:682.3728598153522,(4:668.5439130202964,(2:682.3729428621185,(3:598.5662155555791,5:572.9494439261407):673.8682297700453):525.5598334746887):410.79267489262213);
(1:673.8682297700453,(2:673.8575372187603,(3:673.8693681920543,(4:0.712122,5:1.6303):0.112206):0.185857):1.29608);

Position, Posteriors1, Posteriors2, Posteriors3, Posteriors4, Posteriors5, Posteriors6, Posteriors7, Posteriors8, Posteriors9, Posteriors10, Posteriors11, Posteriors12, Posteriors13, Posteriors14, Posteriors15,
0, 0.00023335528609202258, 0.00023335528609159812, 0.1656228117142515, 0.06363948301768572, 0.16242382626246593, 0.06945644587850029, 0.0581385170079727, 0.04869127512161728, 0.057856453758756615, 0.05909626232377035, 0.07561794636952554, 0.03194724081580522, 0.07418305877079878, 0.07714449434731929, 0.05571547384067042,
1, 0.00015197484950172052, 0.00015197484950172052, 0.16581897881109336, 0.06363605226383649, 0.162610550555225, 0.06946712580072421, 0.05811642034105873, 0.048620272689307686, 0.05782435916994677, 0.059068195184755576, 0.07565241157170877, 0.03180726242547436, 0.07421195671578786, 0.07718446983722856, 0.05567799473658979,
2, 9.84466017049301e-05, 9.84466017049301e-05, 0.16607622103917052, 0.06361322030802276, 0.16285646942693469, 0.06946526777922991, 0.05807623182065488, 0.04853624204772172, 0.05778063707915764, 0.05902835022570052, 0.07567443281056169, 0.031635616409065384, 0.07422882012408497, 0.07721219335065617, 0.055619404177084227,
3, 3.422533027561165e-05, 3.4225330275549394e-05, 0.1664181620604207, 0.0635744793693184, 0.1631983507889697, 0.06946562771119376, 0.05802247562568202, 0.04840806120101302, 0.05773414584213504, 0.058985682911618674, 0.07569734780188256, 0.03144140047858119, 0.07423932196948854, 0.07723348133016808, 0.05551301205088588,
4, 2.212174877489235e-05, 2.2121748774811872e-05, 0.1668206300744361, 0.06351271641122709, 0.16359994273110742, 0.06944833927846499, 0.05794742946040761, 0.04826172425635539, 0.05767336693739659, 0.058927127783695236, 0.07570219288624876, 0.031212625264543836, 0.07423186278556905, 0.07723616676200898, 0.05538163167262912,
5, 1.1577371465508626e-05, 1.1577371465466506e-05, 0.16728961555170155, 0.06344934432671812, 0.1640555143450862, 0.06941618641970637, 0.0578725859671477, 0.048101110138835244, 0.05759283802360908, 0.05885557890782457, 0.07569035117042584, 0.030962640465027308, 0.07421703721547829, 0.07723151546433729, 0.05524252706223962,
6, 3.706906244833512e-06, 3.706906244826769e-06, 0.16787471461194992, 0.06336245764923518, 0.16462476826642453, 0.06935964716047975, 0.05777952310707499, 0.04791988630121054, 0.05748756247487315, 0.0587613379304856, 0.07565221309502951, 0.030712708266075587, 0.07417666084950617, 0.07720098537310974, 0.05508012090337965,
7, 1.5838868836070102e-06, 1.5838868836041293e-06, 0.16852454407538922, 0.06326716760389374, 0.16525736667121066, 0.06929164163201854, 0.0576804903555427, 0.04772222793939612, 0.05737188575365785, 0.058655821832537834, 0.07560327936124174, 0.030433494334401276, 0.07412537681511151, 0.07715943548187221, 0.05490410017142223,
8, 1.3598624046869802e-06, 1.3598624046869802e-06, 0.1690565261772938, 0.06319259424024551, 0.16577367452725988, 0.06924297556387737, 0.05760112329574413, 0.047546547554592096, 0.05727589315673698, 0.05857027416655978, 0.07557369375059365, 0.03018201781523986, 0.07409373837253931, 0.07713751038816352, 0.05475071106775755,
9, 2.3146356769536025e-06, 2.3146356769536025e-06, 0.16947493777350278, 0.06313812853630917, 0.16617789174000921, 0.06921338831176004, 0.05754075351722266, 0.04739187758228046, 0.057199017662771044, 0.05850415801562241, 0.07556329580119407, 0.02995631219304323, 0.07408154560885903, 0.07713507250233705, 0.05461899128556965,
10, 2.3974285719863865e-06, 2.3974285719863865e-06, 0.16976041435512831, 0.0631093649097105, 0.16645209355195795, 0.06921066722374455, 0.057505066278273884, 0.04725836210259294, 0.057147538599399285, 0.058462522585309235, 0.07558169035773944, 0.02973803843047256, 0.0740970345852744, 0.07716097230866485, 0.05451143965666921,
11, 2.422952849779011e-06, 2.422952849774604e-06, 0.17010897473200703, 0.06307601994484584, 0.16678729598145214, 0.06919489038379881, 0.0574666083424345, 0.04710945231231864, 0.05708398983090206, 0.0584082573438278, 0.07558713666769745, 0.029500739324713296, 0.07410016481021241, 0.0771743492267073, 0.054397274995967436,
12, 4.953722019620421e-06, 4.9537220196114104e-06, 0.17034598817527707, 0.063062135587364, 0.16701225419067212, 0.06919802578696786, 0.05744635803795681, 0.04698041844284361, 0.05703890407012771, 0.05837290078687978, 0.07561174323396493, 0.029287901488528466, 0.07412270270583661, 0.07720726663928576, 0.054303493213259856,
13, 2.8514616409028e-06, 2.851461640897613e-06, 0.17056232065977636, 0.0630343194443966, 0.1672219395689915, 0.0692172926824562, 0.057404554596190364, 0.04686514765231252, 0.057011180864661226, 0.05835064349789225, 0.07565545546669097, 0.02905565195961805, 0.07415945429124336, 0.07725502468229084, 0.05420131151258451,
14, 2.370117780111414e-06, 2.3701177801027918e-06, 0.17065642851254115, 0.06303499026992898, 0.16731096373726165, 0.06925885501192922, 0.05739196658543793, 0.0467653964912553, 0.057004166212909435, 0.05834875304009353, 0.07572325801228204, 0.028830882791684356, 0.07421987134614486, 0.07732699471447847, 0.05412273284172361,
15, 1.7681132146774463e-06, 1.7681132146677977e-06, 0.17065369994029153, 0.06306305160604118, 0.16730140180174163, 0.06930779947631188, 0.05741066526060838, 0.04667923563582128, 0.05700264667110601, 0.05835565232150972, 0.07579585577406744, 0.028658448389760706, 0.07428767408984903, 0.07740618105278096, 0.05407415155745284,
16, 5.06252258784527e-06, 5.062522587826853e-06, 0.17057010614741114, 0.0630956417644328, 0.1672107255136688, 0.06937065193930378, 0.057429632416914594, 0.04661419750658158, 0.057015060009935996, 0.05837822450416043, 0.07588089611976735, 0.02852000410402628, 0.07436902414445416, 0.07749866779718906, 0.054037042790384175,
17, 8.180071077079587e-06, 8.180071077079587e-06, 0.17054456304163051, 0.06311353991411756, 0.1671838788071598, 0.0694287937290189, 0.05743493639854728, 0.04653628520533221, 0.05702620942073566, 0.05839309190248559, 0.07596256484932092, 0.02835457724516048, 0.0744418216950591, 0.0775823754823297, 0.05398100197046878,
18, 1.1198007532986322e-05, 1.1198007532965954e-05, 0.17056633420398334, 0.06312646778679566, 0.16720874921493256, 0.06947924560370497, 0.057437389374742395, 0.04644514791760546, 0.05703248309389312, 0.058398582898743605, 0.07603811594046762, 0.028169340825880584, 0.07450385844859313, 0.07765523729172462, 0.05391665118753022,
19, 8.930674028788186e-06, 8.930674028755698e-06, 0.17049592667745841, 0.06313836939593148, 0.1671533785279491, 0.0695532095319838, 0.05743038953211658, 0.04638903266139516, 0.057070061375002167, 0.05842216479533032, 0.07614265004330018, 0.027984743568223037, 0.0745847043172356, 0.07774745128938665, 0.05387005674064195,
20, 1.3987477371343527e-05, 1.3987477371318083e-05, 0.17033583929536553, 0.06316565037849316, 0.16700911048774464, 0.06964228762009306, 0.05743763398720785, 0.04634593687271632, 0.05712163178019185, 0.05846020328927991, 0.07626298590115266, 0.02781569771974752, 0.07468137918211967, 0.07785576609211373, 0.05383790224282657,
21, 1.6057278934905805e-05, 1.605727893484739e-05, 0.1702489816820473, 0.06317818267015042, 0.1669364000796387, 0.06972256415173124, 0.057432955202029595, 0.04630064762950608, 0.057167396143807045, 0.05848438325599393, 0.07637627541574009, 0.02759878336888262, 0.07477051310303087, 0.07795645175558613, 0.05379435078737886,
22, 2.1148092229256826e-05, 2.1148092229218357e-05, 0.1701728952184344, 0.06318176902726033, 0.1668732937482697, 0.06980205986154758, 0.05741884795932156, 0.04626145182095866, 0.05721365663619212, 0.058507051259630787, 0.07648903133924766, 0.027374643397488095, 0.07485934474615995, 0.07805671944777032, 0.053746939156175524,
23, 2.107755146051919e-05, 2.1077551460404175e-05, 0.1700797396773421, 0.0632099296303285, 0.16676903389424846, 0.06988033835928473, 0.05743068844083401, 0.04621468512463508, 0.05723978522431526, 0.05853412233540246, 0.07659177831891498, 0.02716880496463731, 0.07496134024825739, 0.07817061932598679, 0.05370697915599306,
24, 3.084073995795516e-05, 3.084073995789906e-05, 0.16985558909122528, 0.06326734251911563, 0.1665347334166756, 0.0699824708800856, 0.05747220174006602, 0.046181247245404775, 0.057286937055117296, 0.05858189167542077, 0.07672088979800436, 0.02696558965607224, 0.07508919009570042, 0.07831122155764345, 0.05368901359261297,
25, 4.9329597602291215e-05, 4.9329597602291215e-05, 0.16968795090688596, 0.0633194686144628, 0.1663555319168214, 0.07007011130266444, 0.05751039234629539, 0.04613366105143436, 0.057321516501914846, 0.0586164247001315, 0.07683518246150267, 0.026746073283296232, 0.07520289095847833, 0.0784373039472237, 0.05366483261692004,
26, 6.17608867834354e-05, 6.17608867834354e-05, 0.16951975255460555, 0.063363074851029, 0.16618287163804218, 0.07015139593926399, 0.05753625884630491, 0.04611341880397854, 0.057364454220626276, 0.05864239544721515, 0.07694832315834463, 0.026530829322543064, 0.07530799743183884, 0.07855441256669687, 0.05366129324946858,
27, 6.236172376895901e-05, 6.236172376884558e-05, 0.16942179325182838, 0.06339986986912208, 0.16608804878827763, 0.07022934462382296, 0.057559391098416214, 0.046056150394858046, 0.05739899987435761, 0.05866316457470922, 0.07705588718808007, 0.02631227842810271, 0.07540276201228246, 0.07866102401397242, 0.05362656223873903,
28, 5.2506763400292676e-05, 5.250676340019717e-05, 0.16933227073463672, 0.06342689571388381, 0.16600097144071901, 0.07031463853848798, 0.05757114052256601, 0.04599223107344102, 0.05743358639938034, 0.05869466556139949, 0.07716805839328304, 0.026109784978338293, 0.07550366367268335, 0.07877407819227855, 0.05357300105638463,
29, 2.5681225131959865e-05, 2.568122513191315e-05, 0.16931848473990357, 0.06345245167759782, 0.16597681917513074, 0.07037676517967952, 0.0575827183151958, 0.04593595694244277, 0.05744885384404125, 0.05870456873274513, 0.07725900683088507, 0.025893192980289234, 0.07559204076013717, 0.07887448093716394, 0.05353329723877545,
30, 7.832919618368776e-06, 7.832919618354529e-06, 0.16921654312559936, 0.0635022868398742, 0.16586267589809825, 0.07044416294727947, 0.057622463525849515, 0.0458897066992415, 0.05746746628366636, 0.05872096390535219, 0.0773528089473425, 0.025720200830522393, 0.07568576095266563, 0.07898008708851063, 0.053519206920537854,
31, 3.948621890482609e-06, 3.948621890475427e-06, 0.16917607050705064, 0.06353620373872898, 0.1658093401068349, 0.07050003729911279, 0.057647902235477326, 0.04583174446508376, 0.057477539807527095, 0.05872737054660341, 0.07743479741676869, 0.025522216629980457, 0.07576764699927935, 0.07907329489281595, 0.05348793791544145,
32, 3.2684064723482293e-06, 3.2684064723422844e-06, 0.16918095343964581, 0.06356468136188612, 0.16580075892927587, 0.07054760233841943, 0.05767006094353522, 0.04576289021301455, 0.05748074059706989, 0.05872596678383763, 0.07750890513100334, 0.025303341937556904, 0.07584154099680744, 0.07915831806741006, 0.05344770225288288,
33, 6.517503206489389e-06, 6.517503206489389e-06, 0.16919155683930917, 0.06358668983272736, 0.16579738410051248, 0.07059447382283458, 0.05768484620586159, 0.04569555443424319, 0.057484653326071, 0.05872512495747368, 0.07758169875383072, 0.025085613876817913, 0.07591452866135248, 0.07924208435993128, 0.053402755627454813,
34, 6.275877817497151e-06, 6.275877817497151e-06, 0.1692564461654804, 0.06360203970467711, 0.1658491356752702, 0.07063412248494276, 0.05769581763523578, 0.04562264848020707, 0.05748353691163533, 0.05871284512179623, 0.07764935126049029, 0.024831259410705842, 0.07598012381678806, 0.0793185763814615, 0.053351545001965664,
35, 7.235712816583547e-06, 7.235712816570385e-06, 0.16924495034399967, 0.0636174971011978, 0.1658274610709013, 0.07069404477075852, 0.057700584808250015, 0.045568891788420635, 0.057502350563274664, 0.05871931918680211, 0.07773883194745793, 0.024585253909958946, 0.07606541766411071, 0.07941524968819817, 0.05330567553749267,
36, 4.90736812059216e-06, 4.907368120583233e-06, 0.16911781982177784, 0.06366068424746021, 0.16570043619378902, 0.0707758549843836, 0.057734462020404845, 0.04553729295161142, 0.05754727836852372, 0.05873735770485833, 0.0778551488798344, 0.024332703846506373, 0.07616859494904824, 0.07953050572785167, 0.05329204537444371,
37, 8.76197669805385e-06, 8.76197669805385e-06, 0.16891592945486755, 0.06370766754488535, 0.16549847855469138, 0.07087016606634487, 0.05776828848771463, 0.04552366314942346, 0.057604643687840365, 0.05876919990680048, 0.07798280794394145, 0.024111617586886284, 0.0762840182872172, 0.07965781642202376, 0.053288178761093166,
38, 1.1219367869245296e-05, 1.1219367869245296e-05, 0.1687847610788488, 0.06374453269259138, 0.16536848795692655, 0.07094792541927544, 0.05779428044891717, 0.045501187580935465, 0.057649124728093616, 0.0587842819536671, 0.07809432297983288, 0.02388276718547176, 0.07638111126708197, 0.07976643094902933, 0.053278346831196075,
39, 1.0045675144886479e-05, 1.0045675144886479e-05, 0.16855068119161712, 0.06379681392906912, 0.16514221818603497, 0.07104501765026612, 0.05783255959171353, 0.045506582085618065, 0.05771772486728875, 0.05881313272731122, 0.07822959532727482, 0.023660261231819732, 0.07649667051884305, 0.07989409314908635, 0.05329455800145847,
40, 1.0041691083189573e-05, 1.0041691083189573e-05, 0.16832747524624828, 0.06384106631257325, 0.16492582859526095, 0.07114097164936001, 0.05786264938357624, 0.045518668095816124, 0.057786868166131, 0.05883971481272759, 0.07836415112878405, 0.023431349529012248, 0.07661156760183063, 0.0800209777652831, 0.05330862813874213,
41, 3.927162383604423e-06, 3.92716238359728e-06, 0.16817783985705695, 0.06386319002764408, 0.16478505603035382, 0.07123187148919871, 0.057873837047791914, 0.045532574281906, 0.057855747150810106, 0.058854647768434645, 0.07849692968097238, 0.02315026306219964, 0.07672092060396546, 0.08014241905149583, 0.05330684943176043,
42, 1.9789099046498112e-06, 1.9789099046462118e-06, 0.16798023679186258, 0.06390025800108709, 0.16459699999962843, 0.07133104652500062, 0.05790139421080543, 0.04554823386977977, 0.0579322897801462, 0.05887637617598352, 0.07863968703565646, 0.022861786270489896, 0.07683968344142497, 0.08027362899525856, 0.05331442089027352,
43, 1.617785075275044e-06, 1.6177850752691587e-06, 0.16787359538977079, 0.06392075562015519, 0.16449797711291986, 0.07140622050245238, 0.05791268723533934, 0.04555158610064526, 0.05798769088923036, 0.058879287207531064, 0.0787555083025017, 0.022589156364262893, 0.07693293060623752, 0.08037835322770243, 0.0533110156785464,
44, 2.916092780812037e-06, 2.9160927808014283e-06, 0.16778208031855482, 0.06393511498839227, 0.1644131139828528, 0.07147442348116714, 0.05791652371148639, 0.04555613168342829, 0.05803737071415793, 0.05887829487911172, 0.07886250375531535, 0.02233866553809313, 0.0770184622590792, 0.0804748405110984, 0.05330664179935804,
45, 7.505849422260868e-06, 7.5058494222199085e-06, 0.16773599523254992, 0.06394420879241042, 0.16437301241414518, 0.07153430908247321, 0.0579172879912228, 0.045549955026705384, 0.05808023937577374, 0.058869540981806946, 0.07896160470868112, 0.02206620218927089, 0.077096019328065, 0.08056315293337603, 0.053293460053046526,
46, 1.4323277799619817e-05, 1.4323277799541656e-05, 0.1676989606316226, 0.06394416740679704, 0.16434835628155547, 0.0715988489336446, 0.05790836104102024, 0.0455341100715443, 0.05812702214404835, 0.05886341520664456, 0.07906430735784829, 0.021796996584344364, 0.07717309902265009, 0.08065074773525074, 0.05326296083509255,
47, 1.5299698126666282e-05, 1.5299698126610622e-05, 0.16766104583037938, 0.06394695173718719, 0.16431381490801525, 0.0716599085410121, 0.05789768693963898, 0.04551991754550061, 0.05816494885356321, 0.058860436206484686, 0.07916096404982009, 0.021554555006338627, 0.07725190041527161, 0.0807402174933918, 0.053237052884963845,
48, 1.2418093114417676e-05, 1.2418093114372499e-05, 0.16761941722829773, 0.06394265601361458, 0.16428211859326547, 0.07171651657629625, 0.05787648131853221, 0.04552929102877416, 0.05821128286766148, 0.05885038179307105, 0.07925802899387491, 0.021313061927418168, 0.07732411616225728, 0.08082284950603216, 0.05322896161280453,
49, 1.69272315539472e-05, 1.6927231553885616e-05, 0.16747540477233927, 0.06395581549295687, 0.16414890852094902, 0.07179084245989192, 0.05787133941004339, 0.04555378688844618, 0.05827399572658983, 0.05885684514041497, 0.07937379340649277, 0.021088596594517617, 0.07741496821316086, 0.08092448467384276, 0.05323736404630528,
50, 2.0591024669832064e-05, 2.0591024669719697e-05, 0.16741326292131506, 0.06395440439326013, 0.16409499804038183, 0.07184130253878657, 0.057850648144602425, 0.04557686015154449, 0.05831966126782278, 0.058841953956101735, 0.07946620200923711, 0.020867865881001226, 0.07748329972811323, 0.08100294062013674, 0.05324541810724333,
51, 1.689786981742135e-05, 1.6897869817359877e-05, 0.16741747639469653, 0.06393247032417469, 0.16410924270481056, 0.07188889909900718, 0.0578113664561353, 0.045599022718145844, 0.058365201501113864, 0.058819027277554316, 0.07955846093393279, 0.020602510583050754, 0.07754831050743745, 0.08107829941895657, 0.05323591615012152,
52, 1.4989462947680145e-05, 1.4989462947625615e-05, 0.1674142219715915, 0.06392375464425985, 0.16411405870885928, 0.07192895377842536, 0.05778841204759943, 0.045616815872220606, 0.05840336170612272, 0.05879018346150172, 0.07964158657202813, 0.02035670246348569, 0.0776060634874088, 0.08114608917993774, 0.053239816990237616,
53, 1.3882354535095723e-05, 1.388235453507047e-05, 0.16740406260636742, 0.06392764022741002, 0.16411008772676505, 0.07196229748501848, 0.05778109638252919, 0.045630599386452204, 0.058434781083492204, 0.05875599725770773, 0.07971655870253493, 0.020128126017950058, 0.07765743835149341, 0.08120724470787066, 0.0532563051654564,
54, 1.2774761614350396e-05, 1.2774761614350396e-05, 0.16744791707539047, 0.06393158702848914, 0.1641496612569699, 0.07198251994986203, 0.05777559942283545, 0.04563387115705543, 0.058448987181558776, 0.058710972642021374, 0.0797763102739114, 0.019883837435573364, 0.07770290505787991, 0.081262439496421, 0.053267842308365884,
55, 1.2941722858374827e-05, 1.2941722858327746e-05, 0.16740653621511487, 0.06396081263389358, 0.16410226156949587, 0.07200929248200283, 0.05779914630596116, 0.045647667688873586, 0.05846759179225719, 0.0586736442231921, 0.0798402534450336, 0.01968214366724137, 0.07775503935532069, 0.08132419594018438, 0.05330553104510484,
56, 1.172150804257254e-05, 1.1721508042529897e-05, 0.16728965468899828, 0.06399429250517354, 0.16397704816682887, 0.07205161752684959, 0.057821386991477576, 0.04567514296068799, 0.058496420243949805, 0.05865918279377227, 0.07991760027817792, 0.019521131691426927, 0.07782288096354084, 0.08140191022210883, 0.05334828775991349,
57, 1.1436163820360001e-05, 1.14361638203392e-05, 0.16708918694038702, 0.06405347184848097, 0.16376618426263742, 0.07210120680470529, 0.05787299395342236, 0.045713375959212606, 0.05853013630771682, 0.05865243945108852, 0.08000022763504899, 0.01939471866235369, 0.07789837500659418, 0.08148728543767542, 0.05341752521196933,
58, 8.017875488460937e-06, 8.017875488417183e-06, 0.16688709932240706, 0.06410399118937032, 0.16356072311234918, 0.07214438096008856, 0.05791214284469601, 0.04577828120719145, 0.05857201598889679, 0.058637007460057934, 0.08008167640114029, 0.019270489598647314, 0.07796528446926904, 0.08156372694833468, 0.053507144555264015,
59, 1.1135248576557703e-05, 1.1135248576517193e-05, 0.16674871416680645, 0.06413927600331067, 0.16341822548543422, 0.07217686710564723, 0.057937669241919586, 0.04583156015609568, 0.05860586122381501, 0.058612427189727305, 0.08015208661397576, 0.019125555910950005, 0.07802124629117405, 0.08162868989845042, 0.05357955002454234,
60, 1.0058301439268816e-05, 1.0058301439268816e-05, 0.16660786614105766, 0.06418529973702228, 0.1632760335542742, 0.0722081577258474, 0.05797805827597016, 0.045872314991135525, 0.05863512138046368, 0.058586199579495984, 0.08021909107768123, 0.018996663119192545, 0.0780726850889598, 0.08168907757074718, 0.05365331496416002,
61, 7.477553206593515e-06, 7.4775532065799136e-06, 0.16654263147355858, 0.06422455224827345, 0.1632045892126618, 0.07222407211612175, 0.05801390266990752, 0.045890736326689247, 0.05864336830606951, 0.05854768806032647, 0.08026645994643611, 0.018872229236623277, 0.07811003014363704, 0.08173505348230775, 0.05370973147908581,
62, 5.6577518021616416e-06, 5.65775180215135e-06, 0.16639282123146512, 0.0642900835855129, 0.16304665921874, 0.07224739424024854, 0.058079746920640565, 0.045920377196457925, 0.05865675413522098, 0.0585172128299583, 0.08031916174387296, 0.018781109248083867, 0.07815509099134396, 0.08178871971645335, 0.05379355324721885,
63, 5.457219109608733e-06, 5.457219109598806e-06, 0.16629937649063936, 0.06435198527540097, 0.16294346274669905, 0.07225684204861167, 0.0581439006151344, 0.04593649133897778, 0.05865808495327186, 0.05847431028650116, 0.08035753961551101, 0.018679170030197884, 0.07818667058481066, 0.08182852883181378, 0.05387272255347708,
64, 1.8780240634682491e-06, 1.8780240634682491e-06, 0.16608967324644383, 0.06444201235975415, 0.16273424562972172, 0.07228745948310329, 0.058237678521083545, 0.04597536337840451, 0.05868531543182458, 0.0584421147872885, 0.08042216521621426, 0.01857249891471493, 0.07823544693942848, 0.08188622118091361, 0.05398604867283872,
65, 1.0060552183291214e-06, 1.0060552183291214e-06, 0.16589614241292272, 0.0645258916637834, 0.16254026682312658, 0.0723116024936775, 0.058323901733987334, 0.04601556093843977, 0.05870721499593304, 0.05840642447710761, 0.08047853170496988, 0.018480913581174162, 0.07827702129304813, 0.08193621494379393, 0.05409830063780713,
66, 1.6420933327802822e-06, 1.6420933327772951e-06, 0.1657101689979003, 0.0646030106908166, 0.16235327025895588, 0.0723354379383495, 0.058402380820221325, 0.04605765349528107, 0.05873028992614699, 0.058371784315271014, 0.08053391284066759, 0.018389860542870534, 0.07831806688574497, 0.08198530288899392, 0.05420557602268341,
67, 3.206604577446144e-06, 3.206604577446144e-06, 0.16547568132639148, 0.06469593725343527, 0.16211826190609457, 0.07236781666345996, 0.058498069334122146, 0.04610226992884165, 0.05876129176964538, 0.0583440993615883, 0.08059950403166724, 0.018293759468050275, 0.07836882220822476, 0.08204446510422515, 0.054323608245664075,
68, 7.724130525237348e-06, 7.724130525223299e-06, 0.16530522291015104, 0.0647799171755874, 0.16194627083924296, 0.07238449792841571, 0.05858624272098453, 0.04613439486054381, 0.05877839114587795, 0.05830319657957095, 0.08064845165244672, 0.018195116075190372, 0.07840340061564688, 0.08208697223620424, 0.05443247681008658,
69, 6.834772517904658e-06, 6.834772517904658e-06, 0.1651994406426535, 0.06484330515169506, 0.16184046975154567, 0.07239650410462271, 0.0586559670019673, 0.046164525404312214, 0.058793582305846415, 0.05825314432282021, 0.08069502223818792, 0.01806344931303302, 0.07843290808774568, 0.08212453722013231, 0.05452347472137903,
70, 4.18566188764775e-06, 4.18566188764775e-06, 0.16505183964765346, 0.0649233727250015, 0.16169029267494034, 0.07241613397847407, 0.05874312101041762, 0.046196587016088426, 0.058812875525439144, 0.05820857653521814, 0.08074965053102512, 0.017927549656037326, 0.07847336942579723, 0.08217356495333769, 0.05462469480749558,
71, 4.683331331728897e-06, 4.683331331728897e-06, 0.16496659419957907, 0.06499493116519083, 0.16160146677485668, 0.07242022385142911, 0.05882315620158026, 0.04621640457918848, 0.058818464377143054, 0.05815091079063469, 0.0807878112806875, 0.01778949632681288, 0.07849781086035752, 0.08220609317783856, 0.05471726956210052,
72, 9.077630205436393e-06, 9.077630205436393e-06, 0.16492536072092195, 0.06506086933148299, 0.161556040089287, 0.07241565208929328, 0.058899805822585326, 0.046225254562138, 0.0588169231565278, 0.058085196570012036, 0.08081769377440931, 0.017634477108224834, 0.07851390289292048, 0.08223006145828982, 0.05480060697344345,
73, 1.139585546972441e-05, 1.139585546972441e-05, 0.16479680602614044, 0.06512472584169748, 0.16144083436374013, 0.07242751747012714, 0.05896855473199139, 0.046273650851995245, 0.0588475441231973, 0.058029126103425706, 0.08087061764825901, 0.017486390130888332, 0.07853825359006474, 0.08226222440390685, 0.054910962814066266,
74, 1.2210848620523337e-05, 1.2210848620523337e-05, 0.16474514467932472, 0.0651754643491281, 0.161400015051454, 0.07241834236025836, 0.05902348085293838, 0.0463186829014837, 0.058862285294280274, 0.057953897417076176, 0.08090287457218259, 0.01733915789536111, 0.07854285665795332, 0.08227413906753059, 0.05501923701428608,
75, 5.8853199657586295e-06, 5.885319965747925e-06, 0.1647589468262101, 0.06521935031952471, 0.16141902798681024, 0.07238945722808338, 0.05907265759661737, 0.046369742971557236, 0.05886338938379201, 0.05785817955022274, 0.08091827826661935, 0.017177648984568306, 0.07853330285239254, 0.08227180132544769, 0.055136445878411454,
76, 4.534943074407116e-06, 4.534943074398867e-06, 0.16464924582414767, 0.06529224455188762, 0.16131607491812217, 0.07238292309923115, 0.05915158875091979, 0.04643465798107616, 0.05888499308929813, 0.057782306760738165, 0.08095838869055604, 0.01701935158674305, 0.07854774758782951, 0.08229412104947278, 0.05527728603435056,
77, 1.5698728823999119e-06, 1.5698728823999119e-06, 0.16454375825596948, 0.06535680352062967, 0.1612152689599819, 0.07237819503953707, 0.05921993540364209, 0.04650091582798184, 0.05890615503492814, 0.05771283055610235, 0.08099924212245535, 0.016871263697070565, 0.07856430077584946, 0.08231856621319977, 0.05540962465660177,
78, 1.687063004531646e-06, 1.687063004528577e-06, 0.1643670759359265, 0.06542602283763774, 0.16104318496910489, 0.07238627937949628, 0.05928908308397147, 0.04658641102506678, 0.05894034517224167, 0.0576574546477817, 0.08105184588736965, 0.016746568670155334, 0.07859342117766431, 0.08235537391496087, 0.05555355898227146,
79, 2.936636235633552e-06, 2.9366362356282107e-06, 0.16423625575119288, 0.06548959993342525, 0.1609162879530495, 0.07238600707762141, 0.0593547875081371, 0.04666072676744004, 0.058967541601488024, 0.05759444067468385, 0.08109636343432007, 0.016606016627048248, 0.07861444501128054, 0.08238387034577892, 0.05568778385210225,
80, 4.1110110565522295e-06, 4.1110110565522295e-06, 0.1640289590085833, 0.06555547404728901, 0.1607222273320692, 0.07240090149961836, 0.059418082763507865, 0.046760570450822256, 0.05901684275812328, 0.05754259859366388, 0.08115926581977356, 0.016477387104284587, 0.07864675881124208, 0.08242368587917337, 0.05583902372050596,
81, 4.280154077537781e-06, 4.280154077529995e-06, 0.16387689616346668, 0.06562208907896683, 0.16058142602596961, 0.07239950303433974, 0.059479236246795054, 0.04684688159933801, 0.0590523063624991, 0.05747676429342714, 0.08120575526258254, 0.01634544249651801, 0.07866342422609648, 0.0824474939905331, 0.05599422072229895,
82, 1.2693072271202991e-06, 1.2693072271202991e-06, 0.16378194932569504, 0.0656804362032671, 0.16049880600154126, 0.07238888616460488, 0.05953596316272682, 0.04693025036514577, 0.059082603877293874, 0.05739550984015128, 0.08124557502496162, 0.016180297179163625, 0.07867064747412926, 0.08246186881424769, 0.056144667763329506,
83, 1.4487636720050603e-06, 1.448763672002425e-06, 0.1636064139901841, 0.06574397114478457, 0.16033563338622303, 0.07239277900850288, 0.05959345950512078, 0.047035663451541775, 0.05912763183086086, 0.05733015447922413, 0.08129873093190453, 0.01604187483932146, 0.07869211833908277, 0.08249027152497271, 0.05630839985183606,
84, 3.4665059126797092e-06, 3.4665059126797092e-06, 0.16344803413092482, 0.0658014359814413, 0.1601885668644244, 0.0723900852400708, 0.059643468530544384, 0.04714253086226035, 0.05916716438993, 0.05726124908478699, 0.08134343318166976, 0.01591873700564637, 0.07870626920630573, 0.08251084936928776, 0.056471242952215006,
85, 5.407033440594522e-06, 5.407033440594522e-06, 0.16319817830470004, 0.06588589286145673, 0.15993635709356738, 0.07240199230625843, 0.05971915975014331, 0.04726029683119772, 0.05920882500901678, 0.057209490137190545, 0.08139764620996877, 0.015820522854569394, 0.0787428627429324, 0.08255436176043014, 0.056653599882571154,
86, 2.717126299114248e-06, 2.717126299114248e-06, 0.16281114586630538, 0.06600049324653094, 0.1595600414939676, 0.07243616041794292, 0.05982589795734633, 0.04741182067333014, 0.0592807227111129, 0.05716821903623997, 0.08148048026611451, 0.015722552738222827, 0.0787971873892288, 0.08261633325672561, 0.05688351050495865,
87, 2.6878006237824096e-06, 2.6878006237824096e-06, 0.16231487014066848, 0.06613643467402229, 0.15907568429011967, 0.07248924170167242, 0.05995245641483855, 0.04758332282456236, 0.05937117049665952, 0.05714329083963242, 0.08158415352302599, 0.015635219634168827, 0.07887178194838311, 0.0826990617338987, 0.05713793598802834,
88, 1.7609759977230447e-06, 1.7609759977198414e-06, 0.16165103758537214, 0.06630714896085337, 0.158427444770246, 0.07257531094904542, 0.06011189805422844, 0.0477825709459655, 0.059493111645179314, 0.05714391433891804, 0.08172612362277495, 0.015547784185840234, 0.0789818485468858, 0.0828186847700852, 0.057429599483741656,
89, 2.9788153678765975e-06, 2.978815367871179e-06, 0.1610774685368616, 0.06645714504151139, 0.15786772230576385, 0.07264759231652791, 0.06025259335619867, 0.04796448633499256, 0.05960347969930859, 0.0571338170471673, 0.0818529827998685, 0.015441462942648322, 0.07907747870031469, 0.08292314687697051, 0.05769466622144919,
90, 4.991246952104853e-06, 4.991246952086695e-06, 0.16050562005815816, 0.06660956040944681, 0.15730821074326276, 0.07271539589003605, 0.060392572964606955, 0.04814746495589405, 0.05971068993062252, 0.05712104509835039, 0.08197478028238858, 0.015343858016566417, 0.07916895934688307, 0.08302321280505116, 0.057968646814430494,
91, 6.453054616313713e-06, 6.4530546162902365e-06, 0.15987354136597143, 0.06677559051535856, 0.15669026899255875, 0.07279625825823641, 0.06054570034125078, 0.04833815275139941, 0.05983035370487326, 0.0571176204846307, 0.08211262439413448, 0.01523830971895352, 0.07927470683540912, 0.083138299323428, 0.05825566701422542,
92, 1.1885013405791021e-05, 1.1885013405769401e-05, 0.15932731620633991, 0.06692816527961695, 0.1561563256203413, 0.07285775386172297, 0.0606872571440656, 0.04851046446247646, 0.05993175503182856, 0.05709880782825115, 0.08222906364365164, 0.015130244702619262, 0.07936015405069977, 0.0832324267190218, 0.058526495232681386,
93, 1.0449739956561456e-05, 1.0449739956542448e-05, 0.15887477875953837, 0.06707031446684268, 0.15572053834192817, 0.07290509986707878, 0.06082059497312906, 0.048643502492011846, 0.060014120134848616, 0.05707054304896851, 0.0823275854983889, 0.015034501911018521, 0.0794254875932521, 0.08330601358639451, 0.0587660196579248,
94, 8.670026007642988e-06, 8.670026007627218e-06, 0.1583667614938915, 0.06722531284805167, 0.15523108438757452, 0.07296456966390846, 0.0609664063835596, 0.048782854973725365, 0.060107819550885906, 0.05705102173511589, 0.08244093753721075, 0.014931259192722698, 0.07950400226541463, 0.08339348852569238, 0.05901714120166796,
95, 1.4643719920087283e-05, 1.4643719920060647e-05, 0.15786559431242045, 0.06737243467637029, 0.15474779170841882, 0.07302270600187574, 0.06110336229803345, 0.04892342092512374, 0.06020175940915938, 0.05703158190726229, 0.08255220390575926, 0.014828045479380925, 0.07958091298787957, 0.08347895899335749, 0.059261939766603995,
96, 1.5204483663880324e-05, 1.5204483663852667e-05, 0.15722341132846204, 0.06756740392483923, 0.1541072119079808, 0.07310718441973434, 0.06128810502274955, 0.04907461341657506, 0.060305063304043866, 0.0570358604979558, 0.08268609949304231, 0.014739448608901274, 0.07969482431509872, 0.08360280652710857, 0.0595375580766002,
97, 2.2626190955854742e-05, 2.2626190955813583e-05, 0.1563920095949158, 0.06780851535493719, 0.1532789070880318, 0.07322415699920731, 0.06151908432635261, 0.04925141617023519, 0.06043936594154766, 0.05706514761463137, 0.08285790004369463, 0.014651749454951265, 0.0798447619089299, 0.08376404133703651, 0.05985769159488381,
98, 2.743798974797727e-05, 2.7437989747877448e-05, 0.15567497846302644, 0.06801416882401451, 0.15256590475090337, 0.07332762062377492, 0.061721473972529736, 0.04941101680076979, 0.06056010992502232, 0.05708295122207957, 0.08301458410031881, 0.014548107920919432, 0.0799788866186535, 0.08390910673874953, 0.060136213870353485,
99, 2.305160345733311e-05, 2.3051603457291183e-05, 0.155071228610367, 0.06819124817569729, 0.15197191977916477, 0.07342806116278175, 0.06189960621476628, 0.049527023442786915, 0.060668735435746454, 0.05709823573692165, 0.0831638076892788, 0.014434214926928958, 0.08010373313772921, 0.08404469568153479, 0.06035138661091864,
100, 2.848718724348989e-05, 2.8487187243438074e-05, 0.1542758239193946, 0.06841385589002374, 0.1511890707725041, 0.07356179944139683, 0.06212425665964648, 0.04966687008226628, 0.06080884091330238, 0.05713912418748754, 0.08335178789707795, 0.014320763352586178, 0.0802651757158385, 0.08421826109985056, 0.06060739550660127,
101, 2.763014266529745e-05, 2.7630142665196932e-05, 0.15360277674427056, 0.06861471472186789, 0.1505314091136303, 0.07367163576034996, 0.06232575468386396, 0.04977592748048959, 0.060923818332633356, 0.057166951756321346, 0.08351180666670616, 0.014226448225496683, 0.08039710302246007, 0.08436145863153316, 0.0608349343867658,
102, 2.535274283533256e-05, 2.5352742835240328e-05, 0.1530286241066285, 0.06879809094484156, 0.1499734093172839, 0.07375967306461277, 0.06251255267763094, 0.049872281444632426, 0.06102099223826948, 0.05717428373619421, 0.08364944797856572, 0.014125276601872905, 0.08050487741901394, 0.08447987356553592, 0.06104991123137619,
103, 3.09716362547979e-05, 3.0971636254741566e-05, 0.15238833182523007, 0.06900119841717174, 0.14935053284645014, 0.07385760238073424, 0.06272091573873274, 0.04997208280981042, 0.06112762878842036, 0.0571887104566467, 0.08379949935165609, 0.014017739594018606, 0.08062404881613239, 0.08461021612166582, 0.06127954939344881,
104, 2.9291406956610047e-05, 2.9291406956503487e-05, 0.15162455009577508, 0.0692381390504461, 0.14859093480858354, 0.07397882609434768, 0.0629605512542113, 0.05008619915834407, 0.06124336144558672, 0.05722957031841486, 0.08396919816893747, 0.013941618073279316, 0.08077289619906061, 0.08477136289932477, 0.061534209432765156,
105, 1.8625475281621533e-05, 1.8625475281621533e-05, 0.15093688401007455, 0.06946891044878553, 0.1479119969337863, 0.07408379803111151, 0.06319220517022073, 0.05018359504858305, 0.06134688021648244, 0.05725503494857328, 0.0841235040664881, 0.013859619101574986, 0.08090259455632083, 0.08491300323979502, 0.06178472309056657,
106, 1.1350137417806456e-05, 1.1350137417806456e-05, 0.15034115763376585, 0.06967503094517548, 0.14732260331609526, 0.07417527712941724, 0.06340056092312371, 0.05026702009373633, 0.061437751707877124, 0.05726961588066082, 0.08426333928307268, 0.013757812456641115, 0.08101885419239609, 0.08504074492363313, 0.06200753105237376,
107, 3.7031989366412915e-06, 3.7031989366278195e-06, 0.1497561010872661, 0.06988356226614034, 0.14674240962901738, 0.07426026928317081, 0.06361911294276802, 0.05034741105739413, 0.06152065836938814, 0.057279098124676034, 0.08439418219494817, 0.013668626843429352, 0.08112775754256288, 0.0851608880120753, 0.062232516062014576,
108, 3.2077568174611133e-06, 3.2077568174552785e-06, 0.14907166453676907, 0.07010272223346958, 0.14606259167304178, 0.07436263381479265, 0.06384378796862086, 0.05045212974009544, 0.06162106249122723, 0.057305427825045045, 0.08454221429702093, 0.013599724021075642, 0.08125431022305164, 0.08529870842993345, 0.06247660704595332,
109, 2.552905137980849e-06, 2.5529051379715617e-06, 0.14846494062876414, 0.0702937403730062, 0.145462144442813, 0.07445907396105352, 0.06404055493989456, 0.05054579976335408, 0.06171713466745335, 0.05732601794715504, 0.08468490148546676, 0.013508065032943746, 0.0813735695669627, 0.085429101671455, 0.06268984952232792,
110, 4.691535538446112e-06, 4.691535538429044e-06, 0.14794163518141318, 0.07046454416171559, 0.14494404350531143, 0.07454224748858002, 0.0642186840056889, 0.05062493082348914, 0.06180266038684601, 0.05733608631210034, 0.08481328945416443, 0.013398916956983038, 0.08147897968043133, 0.08554493677815576, 0.06287966200733451,
111, 4.488483519474594e-06, 4.488483519466429e-06, 0.147279199417422, 0.07063764999865618, 0.14429350854021694, 0.07466704547206206, 0.0643824207974076, 0.050739079061645986, 0.061929694036211035, 0.057379625114427776, 0.08499024570210527, 0.013279755714004192, 0.0816265983805291, 0.08570464642207345, 0.06308155418938088,
112, 3.4954969555081587e-06, 3.4954969555018004e-06, 0.14655209027409916, 0.07082559190480735, 0.14358016054138656, 0.0748064455579755, 0.06456059925349823, 0.05086013746330102, 0.062070139285971805, 0.05743349828341571, 0.0851851149635136, 0.013152169554793118, 0.08179015253082049, 0.08588118061578201, 0.0632957285893378,
113, 5.750845777441197e-06, 5.750845777430736e-06, 0.14589165517513708, 0.07100339328418738, 0.14293222736712935, 0.07493282057895108, 0.06473153001349034, 0.05096568684618753, 0.062199378653533366, 0.05747671765542651, 0.08536639668334686, 0.01300919589342791, 0.08194060159435615, 0.08604412172085157, 0.06349477265522725,
