Optimize time:21.257444367673664
Begin Prob:-13497.274242266398
End Prob:-13356.020371108076
Substitution parameters:[0.22093516895568993, 0.26841609351696905, 0.26165919178109986, 0.2489895457462412, 1.8109550590008965]
Trees:
(4:620.3385322470683,((2:616.1295605450856,3:643.9790110461607):643.9790110461607,(1:643.9771690406568,5:643.9789083947122):643.9790110461607):645.8918692630324);
(4:643.9790110461607,(2:643.9790110461607,(3:643.9819914736736,(1:643.9760306186479,5:643.9771690406568):643.9819914736736):643.9790110461607):920.4888596245147);
(4:643.9790110461607,(3:620.3385322470683,(2:615.1609517096458,(1:643.9789083947122,5:643.9790110461607):643.9789083947122):643.9790110461607):643.9789083947122);
(4:615.6545419984919,(1:643.9789083947122,(3:643.9789083947122,(2:643.9789083947122,5:643.9790110461607):643.9760306186479):643.9771690406568):643.9760306186479);
(4:643.9771690406568,(5:643.9760306186479,(1:643.9790110461607,(2:916.774516942233,3:643.9764654571618):643.9789083947122):643.9789083947122):643.9790110461607);
(4:643.9790110461607,(1:643.9760306186479,(5:615.6351497082549,(2:643.9790110461607,3:724.1688855199155):643.9790110461607):654.9721601566954):643.9771690406568);
(4:643.9789083947122,((3:643.9790110461607,5:638.7673395913744):643.9789083947122,(1:645.8983878522816,2:643.9790110461607):643.9760306186479):643.9790110461607);
((3:643.9790110461607,4:643.9789083947122):615.6148788802311,(5:612.850010523972,(1:643.9790110461607,2:643.9790110461607):875.3877145606726):654.9721601566954);
(4:615.6203677571,((2:615.6351497082549,5:645.8983878522816):643.9790110461607,(1:643.9790110461607,3:643.9790110461607):654.9889171311946):643.9764654571618);
((2:643.9790110461607,4:871.3574441362734):871.3574441362734,(5:920.4889066109042,(1:643.9790110461607,3:915.308038233896):920.4889066109042):920.4889066109042);
((3:643.9790110461607,4:620.1189766712308):654.9889171311946,(1:643.9790110461607,(2:643.9789083947122,5:875.3882983673412):654.9886868805066):713.2359654963666);
(4:729.1238709100486,(5:916.7667140817034,(2:918.383963322079,(1:888.5757792938658,3:875.3882983673412):644.0971923761142):655.8083586325475):920.4888596245147);
((2:644.0971923761142,4:859.0900119849456):858.599374146766,(1:643.9760306186479,(3:654.9721601566954,5:923.0114361868834):655.2581460404175):858.8729390571059);
(4:859.0900119849456,(1:916.774516942233,(2:654.9889620307413,(3:654.9721601566954,5:875.3883271136901):655.4030016689891):859.1249074380719):859.1249074380719);
(4:0.825242,(5:0.460986,(3:645.8983878522816,(1:529.0470732287686,2:618.0343282156415):1e-06):0.0384106):0.825242);

Position, Posteriors1, Posteriors2, Posteriors3, Posteriors4, Posteriors5, Posteriors6, Posteriors7, Posteriors8, Posteriors9, Posteriors10, Posteriors11, Posteriors12, Posteriors13, Posteriors14, Posteriors15,
0, 0.002802573307960765, 0.0028025733079505696, 0.0028025732757678353, 0.00280257327575764, 0.0028025732757678353, 0.0011008304698574619, 0.142986724039145, 0.016323223820270065, 0.14295552220257676, 0.07874998265933329, 0.01630091490057902, 0.18126255609841027, 0.07864749750146317, 0.14299079270943904, 0.18466908890407807,
1, 0.002623795790339787, 0.0026237957903350144, 0.00262379575876389, 0.0026237957587591175, 0.00262379575876389, 0.0010540033088348672, 0.1431523069918953, 0.016243817551094823, 0.14312104918429566, 0.0788191737650716, 0.016221467351807448, 0.18149218123336688, 0.07871643525200545, 0.14315638399261063, 0.18490420225941742,
2, 0.0024616816665623685, 0.002461681666553413, 0.0024616816357060363, 0.002461681635701558, 0.0024616816357060363, 0.0009958409346974377, 0.14332035968629556, 0.016170017631296767, 0.1432890494131798, 0.07884068958385608, 0.016147610461552612, 0.18172415331564004, 0.07873779600377694, 0.14332444497575897, 0.18514162950120744,
3, 0.0021982947625729336, 0.0021982947625649365, 0.0021982947331426867, 0.002198294733138688, 0.002198294733138688, 0.0009441423453158289, 0.14355421898142515, 0.016112354448186143, 0.1435228480515352, 0.07892244307605531, 0.016089874476345956, 0.1820307583336985, 0.07881929591488364, 0.14355831466120514, 0.1854542757330492,
4, 0.0017613419098976577, 0.00176134190989125, 0.0017613418832415238, 0.0017613418832351162, 0.0017613418832319123, 0.0009134714556681392, 0.14390255320020104, 0.01607746348456002, 0.1438711067043593, 0.0791008483095927, 0.016054881175268453, 0.18246911719679523, 0.07899728405954427, 0.14390666291947454, 0.18589990177190224,
5, 0.0010783592084610241, 0.001078359208457101, 0.0010783591885790173, 0.0010783591885750942, 0.0010783591885731327, 0.0009167977141580642, 0.1444412028430194, 0.016054647077234366, 0.1444096539433423, 0.07934296741151661, 0.016031923710317402, 0.18314241919833293, 0.07923888585773806, 0.1444453318423755, 0.18658437416626955,
6, 0.0007756634070839026, 0.000775663407076848, 0.0007756633901979702, 0.0007756633901965593, 0.0007756633901951483, 0.0008993872969205991, 0.14469793205751963, 0.016003510299291816, 0.14466632441175453, 0.0794413921886911, 0.015980690147038446, 0.18347267343994506, 0.07933702622002614, 0.144702072014638, 0.18692067468597234,
7, 0.0005702605693282255, 0.000570260569323039, 0.0005702605546618702, 0.0005702605546608328, 0.0005702605546597956, 0.0008757330722577505, 0.1448841352040685, 0.01592258816982019, 0.14485248318313182, 0.07952094497402505, 0.015899677330723852, 0.183717845810946, 0.07941634034755135, 0.14488828410614174, 0.18717066474509408,
8, 0.00037223818091550236, 0.0003722381809121168, 0.00037223816838717106, 0.0003722381683851398, 0.0003722381683844627, 0.0008635319648611959, 0.14505713694782105, 0.015844277157910154, 0.1450254441206299, 0.07961041941964211, 0.01582128437048027, 0.18394626013635254, 0.07950557203500616, 0.14506129425163167, 0.18740358847497246,
9, 0.000260396143830145, 0.000260396143827303, 0.00026039613250214465, 0.00026039613250119733, 0.00026039613249930274, 0.0008435916286804469, 0.14517350835927598, 0.01576685268444784, 0.1451417825855061, 0.07964206625152284, 0.015743777023267586, 0.18410545494120822, 0.07953707783134256, 0.14517767236154433, 0.1875662353941037,
10, 0.00022844031581993406, 0.00022844031581702534, 0.00022844030481336208, 0.00022844030481169994, 0.00022844030481045335, 0.0008015228160422777, 0.14522911042335704, 0.01568673753451706, 0.14519735793452856, 0.07965281190420272, 0.01566359942394834, 0.18419123627552195, 0.07954772217662852, 0.14523327937947642, 0.18765442033189728,
11, 0.000193689953365572, 0.00019368995336310575, 0.00019368994277730014, 0.00019368994277553855, 0.00019368994277412925, 0.0007449576487067677, 0.1452872354913427, 0.015608208627064473, 0.14525545183355348, 0.0796685670713009, 0.015585046925582954, 0.1842808095124825, 0.07956337439202459, 0.14529140961670364, 0.18774648889311635,
12, 0.00019138905226737945, 0.00019138905226459438, 0.00019138904159148233, 0.00019138904158974167, 0.00019138904158834912, 0.0006470829796759556, 0.1453345230925222, 0.015521958006409545, 0.14530270200638945, 0.07966012423963156, 0.01549878529977872, 0.18435812752724384, 0.07955484336110637, 0.14533870205556682, 0.18782620594973837,
13, 0.00019025703457146583, 0.0001902570345690433, 0.00019025702379328984, 0.00019025702379155945, 0.00019025702379017517, 0.0005886834051728585, 0.14536947395509978, 0.01543832697276252, 0.14533761951489846, 0.07965872333013073, 0.015415140812164762, 0.1844216598370262, 0.07955334754590541, 0.14537365730839794, 0.1878920819258659,
14, 0.00019129217421657584, 0.00019129217421414013, 0.00019129216328511386, 0.00019129216328372204, 0.00019129216328198225, 0.0005152187590457001, 0.1454055840883541, 0.015341862877242159, 0.1453736965389109, 0.07966857494808074, 0.01531864474297449, 0.184487135465487, 0.07956309189842604, 0.14540977194336166, 0.1879599576476583,
15, 0.0001861175870061238, 0.00018611758700341543, 0.0001861175760870026, 0.00018611757608497133, 0.0001861175760832786, 0.00046369610525947945, 0.14543878653016232, 0.015250241601752434, 0.14540686896564797, 0.07969152681437872, 0.01522701012391156, 0.18454388834536803, 0.07958592344899558, 0.14544297909976844, 0.18801849081008923,
16, 0.00018658486643423458, 0.00018658486643118, 0.0001865848554069229, 0.0001865848554052259, 0.00018658485540352894, 0.00039114261706013924, 0.14546659213626273, 0.015166383721347201, 0.14543464359400193, 0.07971774260331409, 0.015143136636104637, 0.18459419328371968, 0.07961199664732724, 0.14547078934056, 0.1880704548693562,
17, 0.0001796402723329111, 0.00017964027232997024, 0.00017964026138567223, 0.00017964026138403842, 0.00017964026138207783, 0.00035223809878624394, 0.14549352952579148, 0.015069910132237761, 0.14546155275922057, 0.07975801521118848, 0.015046645288674786, 0.1846459470531425, 0.07965210276779432, 0.14549773130253135, 0.18812412628063735,
18, 0.00017339791559949267, 0.00017339791559633857, 0.000173397904721353, 0.00017339790471977595, 0.0001733979047178835, 0.00032440568959645085, 0.1455140162416455, 0.014976416477901938, 0.14548201275755981, 0.0798061243122899, 0.01495314222370485, 0.18468935179628368, 0.07970004251413004, 0.1455182223374815, 0.18816927585157928,
19, 0.00017285779783036045, 0.00017285779782690177, 0.00017285778687542701, 0.0001728577868741693, 0.0001728577868716539, 0.0002873807433505659, 0.1455278492614763, 0.014881585361911212, 0.1454958202740017, 0.07986364545953394, 0.014858304436402861, 0.18472505366919784, 0.07975739521188432, 0.14553205958158516, 0.18820661679092557,
20, 0.00017336772907311442, 0.0001733677290696455, 0.00017336771803383045, 0.0001733677180322537, 0.0001733677180300462, 0.00024362774078247774, 0.1455369706213111, 0.014790275531733746, 0.14550491557162368, 0.07993285915797335, 0.014767012196012352, 0.18475347796323974, 0.0798264338158712, 0.14554118517055722, 0.18823640336539496,
21, 0.00017385184776147198, 0.0001738518477579934, 0.0001738518366629004, 0.00017385183666163547, 0.00017385183665942182, 0.00022886204091234922, 0.14554010560713426, 0.014699077434581388, 0.14550802679712754, 0.08000176890903227, 0.014675822089447474, 0.184776570453293, 0.0798951570560816, 0.1455443238601209, 0.1882610262929941,
22, 0.00017501641808110354, 0.00017501641807792, 0.00017501640689481583, 0.00017501640689322406, 0.0001750164068909956, 0.00021119629714619733, 0.14553836613052304, 0.014611105480408604, 0.14550626319215976, 0.08008200601538688, 0.014587880329692451, 0.18479229608727105, 0.0799752007898444, 0.14554258818506677, 0.1882780151826095,
23, 0.000177342654419445, 0.00017734265441589656, 0.0001773426431151199, 0.00017734264311350698, 0.0001773426431112489, 0.0001792045024384168, 0.14553026496056837, 0.014528035725657, 0.14549813812209964, 0.08017908264756472, 0.014504832553714197, 0.18480019121025226, 0.08007203974137682, 0.14553449075204222, 0.1882870062923526,
24, 0.00017459192577134777, 0.0001745919257678544, 0.0001745919145223164, 0.0001745919145207285, 0.00017459191451850542, 0.00016626129768243782, 0.14552884963619842, 0.01445597007943921, 0.14549670224990952, 0.08024866081388404, 0.01443278271211914, 0.18481753795160272, 0.08014143124911886, 0.14553307923035497, 0.18830576493101997,
25, 0.00017215043656722474, 0.00017215043656346708, 0.00017215042538907296, 0.00017215042538750727, 0.00017215042538500214, 0.00014262839393599952, 0.1455252981704259, 0.014385788969809547, 0.14549313241987158, 0.0803270479389432, 0.014362605391534446, 0.18483202351817077, 0.0802196234459369, 0.14552953156831738, 0.18832156778026865,
26, 0.00017735297220544926, 0.000177352972201578, 0.0001773529608507856, 0.00017735296084917258, 0.00017735296084626915, 0.00011496412489075162, 0.14551961272791, 0.01432359734698815, 0.14548742639671286, 0.08038569498080192, 0.01430042441254482, 0.1848443615194367, 0.08027809246887675, 0.145523849879122, 0.18833521106294043,
27, 0.00019007370389261026, 0.00019007370388811562, 0.00019007369213703507, 0.00019007369213530637, 0.00019007369213219468, 6.667272888665458e-05, 0.14552024621135268, 0.01425334962269142, 0.14548803778884514, 0.08042573665154754, 0.014230181907029621, 0.18486528690053358, 0.0803179904013968, 0.14552448730662224, 0.18835764174421207,
28, 0.0002054304506630915, 0.0002054304506586074, 0.00020543043841624077, 0.0002054304384143724, 0.0002054304384110093, 5.1556293339861955e-05, 0.145520269172208, 0.014177410018216183, 0.14548803792487072, 0.08044874980281091, 0.014154238980558233, 0.1848865862515844, 0.08034085680254797, 0.14552451412625922, 0.18838062815836032,
29, 0.00022131618307458955, 0.0002213161830697587, 0.00022131617031145384, 0.00022131617030944097, 0.0002213161703062204, 4.2363555151587306e-05, 0.14551488630086842, 0.014103903975606392, 0.14548263495565728, 0.08047964264718174, 0.014080731581657967, 0.18490143645932172, 0.08037159755461246, 0.14551913512924344, 0.18839708671123861,
30, 0.0002355336263886208, 0.00023553362638347963, 0.00023553361318816676, 0.0002355336131860246, 0.00023553361318259713, 3.57307291899981e-05, 0.1455125537367666, 0.014039998101989016, 0.14548028231578328, 0.08049328069835683, 0.01401684009426892, 0.18492210347558674, 0.08038510171710114, 0.14551680649205345, 0.18841963429393896,
31, 0.0002451071245447002, 0.00024510712453934997, 0.0002451071110885843, 0.00024510711108724677, 0.00024510711108368, 2.8576672445311435e-05, 0.14550973083828436, 0.01398317349637443, 0.14547743865105445, 0.08052450680925716, 0.013960048328536603, 0.18493129999058447, 0.08041617232538018, 0.1455139876330615, 0.18842952941991284,
32, 0.00026683248282289776, 0.00026683248281707337, 0.00026683246879874857, 0.00026683246879680714, 0.0002668324687929242, 1.839151284337226e-05, 0.14549513526260027, 0.013921713010872121, 0.14546282339365024, 0.0805622998894426, 0.013898625861150904, 0.1849274247124001, 0.08045380962537803, 0.14549939604177692, 0.1884262180658089,
33, 0.0002759424198322743, 0.00027594241982625107, 0.00027594240559334466, 0.0002759424055918388, 0.00027594240558782336, 1.1563473983803067e-05, 0.14548345547902924, 0.013866979512888067, 0.1454511281245454, 0.08061468323636756, 0.013843925674517948, 0.18492764791782818, 0.08050601911302155, 0.1454877199408216, 0.1884271652177325,
34, 0.0002819087886741427, 0.00028190878866850196, 0.00028190877433861096, 0.0002819087743365598, 0.0002819087743329703, 8.67230541732654e-06, 0.14548099802347803, 0.013820862154491513, 0.14544865740664104, 0.08063942563162091, 0.013797826881970957, 0.18493883383552828, 0.08053064185015682, 0.14548526619488722, 0.18843927156287973,
35, 0.00028195716087966413, 0.0002819571608735096, 0.00028195714658475426, 0.0002819571465827028, 0.0002819571465791126, 4.855606186473449e-06, 0.1454765376688688, 0.013779595815495973, 0.1454441862708548, 0.08067915108661822, 0.013756579301395741, 0.1849484368892582, 0.08057021739465017, 0.1454808093882777, 0.188449844564298,
36, 0.0002769375022448761, 0.00027693750223933486, 0.00027693748814098526, 0.00027693748813897027, 0.00027693748813544406, 3.0348538892250684e-06, 0.1454821816094809, 0.013734942463772846, 0.1454498204596349, 0.08070552750213453, 0.013711942239116022, 0.1849711256099694, 0.08059645790559773, 0.14548645697222856, 0.18847382266270232,
37, 0.0002715265166372195, 0.0002715265166317866, 0.0002715265027283934, 0.00027152650272691166, 0.00027152650272394826, 2.3771710740252168e-06, 0.1454912322017067, 0.013698161013074982, 0.14545886248796813, 0.08071672450420594, 0.013675173874481401, 0.18499644260715103, 0.0806075271033107, 0.14549551119604395, 0.18850035504767254,
38, 0.000255689008400243, 0.00025568900839512696, 0.00025568899499897883, 0.0002556889949975835, 0.0002556889949943279, 1.765646868660546e-06, 0.14550402069433319, 0.013665711553716247, 0.14547164473825736, 0.08074394952838626, 0.013642741244678003, 0.18502203569345274, 0.08063460388395793, 0.14550830354556968, 0.18852677821778077,
39, 0.00023192537629528422, 0.0002319253762902218, 0.00023192536372862693, 0.0002319253637273613, 0.00023192536372483008, 1.654425579217739e-06, 0.14552064513829976, 0.013622284072141543, 0.1454882664236716, 0.0807902530503472, 0.013599328888793043, 0.18505325764767103, 0.08068073505687777, 0.14552493193384275, 0.18855901626791266,
40, 0.00019080327309220927, 0.00019080327308769736, 0.0001908032620935888, 0.00019080326209254758, 0.00019080326209046518, 2.042056346448101e-06, 0.145544908213655, 0.013579053955653907, 0.14551252882295376, 0.08086573433781566, 0.013556114000546909, 0.18508710853518318, 0.0807559855132725, 0.14554919956285828, 0.1885933084183678,
41, 0.00017594782560159601, 0.00017594782559775544, 0.00017594781524614812, 0.00017594781524518798, 0.0001759478152432677, 1.8141102023921605e-06, 0.1455493581208052, 0.013535965112033073, 0.14551697799079769, 0.08092856257425332, 0.013513036843835235, 0.1850979444862102, 0.08081861942616346, 0.1455536534397111, 0.18860432854777803,
42, 0.0001715257587826145, 0.00017152575877918248, 0.00017152574869990848, 0.00017152574869866048, 0.00017152574869710045, 2.0581852849122397e-06, 0.14555311318647915, 0.013487943994347225, 0.14552072969743213, 0.08097084974840392, 0.013465026020739283, 0.18510889977505882, 0.08086071894156165, 0.14555741232612174, 0.18861561910892574,
43, 0.00015995926302733965, 0.00015995926302443003, 0.0001599592534912791, 0.00015995925349011526, 0.0001599592534889514, 2.299214403506774e-06, 0.14555776055364103, 0.013444916690396606, 0.14552537591917863, 0.08103159445978123, 0.013422012511020862, 0.18511333912678504, 0.08092124100729968, 0.14556206370633976, 0.18861960027317715,
44, 0.00015290661277719744, 0.00015290661277413795, 0.00015290660359733527, 0.00015290660359622272, 0.00015290660359483204, 2.5697517621166624e-06, 0.14555821214480152, 0.013395235172751476, 0.14552582443532064, 0.08109592938651972, 0.013372355049345754, 0.18511572070651522, 0.08098533520514586, 0.14556251907888762, 0.1886217657807493,
45, 0.0001393133203624002, 0.00013931332035961268, 0.00013931331185088373, 0.00013931331184987008, 0.00013931331184885646, 3.0742759356606755e-06, 0.14555723189837708, 0.01335041772507979, 0.14552484410947586, 0.08117982382089445, 0.013327555712530565, 0.18511231934888894, 0.08106893764809021, 0.14556154271842026, 0.18861768591420844,
46, 0.000136119790090213, 0.0001361197900872418, 0.00013611978183372846, 0.00013611978183273807, 0.00013611978183174767, 2.94804359276416e-06, 0.1455470171911368, 0.013307197439863439, 0.14551462824207578, 0.08126097999271835, 0.013284348317486231, 0.18509827942355173, 0.08114982409090485, 0.1455513316588258, 0.1886028464219456,
47, 0.0001276826401620954, 0.0001276826401595406, 0.00012768263239275592, 0.00012768263239182692, 0.0001276826323908979, 3.4531009744807056e-06, 0.145536182986746, 0.013262307886317418, 0.1455037959246018, 0.08136419650494289, 0.013239474978610683, 0.18507790085454412, 0.08125271920250154, 0.14554050151201917, 0.18858105361883434,
48, 0.00011272103216059443, 0.000112721032158339, 0.00011272102523521888, 0.00011272102523439872, 0.00011272102523357858, 5.136797469021232e-06, 0.14552396661281222, 0.013220989713285619, 0.14549158528438352, 0.08148146028114467, 0.013198162527131756, 0.18505761629584816, 0.08136963105560648, 0.14552828894669137, 0.18855955709275823,
49, 0.00010325210908989, 0.00010325210908782404, 0.00010325210271997388, 0.0001032521027192226, 0.00010325210271828354, 6.443327077017449e-06, 0.145507258575717, 0.013180630633196473, 0.145474880967466, 0.08160109058640969, 0.013157824091983135, 0.18502748600384114, 0.08148889677259608, 0.14551158483938254, 0.18852764342215778,
50, 8.736047935789912e-05, 8.736047935599223e-05, 8.73604738884522e-05, 8.736047388765766e-05, 8.736047388686313e-05, 9.193432745210681e-06, 0.14549401871104647, 0.013145466983431612, 0.14546164729119443, 0.08172026422672984, 0.013122683547029087, 0.18500264912972456, 0.08160770909265799, 0.1454983491252719, 0.18850121582590595,
51, 7.434395786011534e-05, 7.434395785835734e-05, 7.434395312730545e-05, 7.434395312676453e-05, 7.434395312608838e-05, 1.382311023929104e-05, 0.14547248441847863, 0.013111708509708287, 0.1454401216983801, 0.08185077310661328, 0.013088945017681746, 0.18496937036063982, 0.081737835126445, 0.14547681869614273, 0.18846639992669106,
52, 7.215835825522294e-05, 7.215835825338537e-05, 7.21583537477852e-05, 7.215835374726019e-05, 7.21583537466039e-05, 1.6928514621119134e-05, 0.14543861799051294, 0.01306766912304948, 0.1454062588413973, 0.08199739916303701, 0.013044924619050676, 0.1849225266668805, 0.08188401446608685, 0.14544295594131285, 0.18841791264164448,
53, 6.79089950210057e-05, 6.790899501952339e-05, 6.790899081767187e-05, 6.790899081705424e-05, 6.790899081643662e-05, 2.3871421535902527e-05, 0.14540892010196893, 0.01302913500205555, 0.14537656732006632, 0.08213014463595082, 0.013006397525641417, 0.18488096226469158, 0.08201635295452428, 0.14541326174529964, 0.18837484181098868,
54, 5.911842105332093e-05, 5.911842105181543e-05, 5.9118417376457606e-05, 5.911841737591993e-05, 5.911841737538225e-05, 3.98880131068295e-05, 0.1453750448229532, 0.012993130055044839, 0.14534270276704978, 0.08227650784070814, 0.012970390789725823, 0.1848362706361627, 0.08216227500908341, 0.14537938995698196, 0.18832880775943553,
55, 4.497832567829488e-05, 4.497832567714947e-05, 4.497832279987621e-05, 4.497832279946713e-05, 4.497832279897624e-05, 7.365248243975345e-05, 0.1453386391710509, 0.01294358842504578, 0.14530631251680473, 0.08244676630628557, 0.012920845421817824, 0.18478950801044997, 0.08233204060986082, 0.1453429877925251, 0.18828076738825328,
56, 3.146706203847104e-05, 3.146706203766971e-05, 3.146705996266865e-05, 3.146705996238246e-05, 3.146705996209627e-05, 9.316417775630184e-05, 0.14529981124579613, 0.01289597971068575, 0.14526750244420142, 0.08262766533779006, 0.012873222316013408, 0.1847394268595665, 0.08251243037389627, 0.1453041633295612, 0.1882292986459262,
57, 2.80563736114879e-05, 2.8056373610824458e-05, 2.8056371780481272e-05, 2.8056371780226102e-05, 2.805637177997093e-05, 0.00010669555252044774, 0.14525499511368564, 0.012841743296854025, 0.14522269879719457, 0.08280822675372367, 0.012818970700936367, 0.18468305527374543, 0.08269246176522692, 0.14525935050836847, 0.1881715201210357,
58, 2.7273507960334346e-05, 2.7273507959689415e-05, 2.7273506247343045e-05, 2.7273506247094993e-05, 2.7273506246896554e-05, 0.00011327144945619128, 0.1452217321169521, 0.012782849550892074, 0.14518944626848196, 0.08295838110905714, 0.012760056276628452, 0.18464115010243404, 0.08284217070038372, 0.14522609090705654, 0.18812848372981403,
59, 2.5687644983020748e-05, 2.5687644982460042e-05, 2.5687643417200754e-05, 2.5687643416967126e-05, 2.5687643416780226e-05, 0.00011394896108389612, 0.1451955078483368, 0.012721160189831162, 0.145163234530088, 0.08309726227782122, 0.012698334901192933, 0.18460763698466087, 0.08298065200530758, 0.14519987006214471, 0.18809395376605986,
60, 2.1853180891293598e-05, 2.185318089085634e-05, 2.1853179565051134e-05, 2.185317956485238e-05, 2.1853179564693378e-05, 0.00011589051903691077, 0.14517836976640713, 0.012655623185166883, 0.14514610830641406, 0.08321706124082374, 0.01263277718507878, 0.18458813816286665, 0.08310008975432404, 0.145182735534094, 0.18807394019159324,
61, 1.550366539540718e-05, 1.5503665395040567e-05, 1.5503664430566292e-05, 1.5503664430425288e-05, 1.5503664430284284e-05, 0.000119380579409406, 0.1451694026716452, 0.01259434074382426, 0.1451371511505394, 0.08331480502306421, 0.012571489150621062, 0.18457953674236308, 0.0831975245625278, 0.14517377215871044, 0.18806507863920802,
62, 1.0999275948748558e-05, 1.099927594848846e-05, 1.099927525658682e-05, 1.099927525650679e-05, 1.0999275256386746e-05, 0.00013741929616495268, 0.14516395774292276, 0.012528316693843265, 0.14513171406061742, 0.0833945727520639, 0.012505451415681336, 0.1845763544752953, 0.08327698480433839, 0.1451683307235901, 0.1880619014028329,
63, 6.088796400746252e-06, 6.088796400591196e-06, 6.088795996447815e-06, 6.0887959963924375e-06, 6.08879599633706e-06, 0.0001637722108144996, 0.14515362635002685, 0.012461837697822479, 0.14512139035868277, 0.08348901284134941, 0.012438960943710794, 0.18456341980802032, 0.0833710765641745, 0.14515800282297558, 0.18804845616553623,
64, 4.915781359045642e-06, 4.915781358929399e-06, 4.9157810346924605e-06, 4.915781034656694e-06, 4.915781034611985e-06, 0.00017782398183279258, 0.1451370913356696, 0.01239816483535557, 0.14510486020340982, 0.08359385225732385, 0.012375282706152627, 0.1845434279582043, 0.08347556580691175, 0.14514147116199477, 0.18802788059107353,
65, 5.476250792147497e-06, 5.476250792047885e-06, 5.476250483040201e-06, 5.476250483000355e-06, 5.476250482970472e-06, 0.00018803596605815995, 0.14511467391869973, 0.012323914448588883, 0.14508244189844954, 0.08372203736213822, 0.01230102036402762, 0.1845171418922827, 0.08360332573581758, 0.14511905705764575, 0.188000969846918,
66, 5.8671533169305165e-06, 5.8671533168344655e-06, 5.867153025064744e-06, 5.8671530250220556e-06, 5.8671530249900386e-06, 0.00020328566783339193, 0.14508681069699078, 0.012251101992495404, 0.14505457917847386, 0.08386184246165947, 0.012228201483376095, 0.18448394476619154, 0.08374268874926882, 0.14509119702253873, 0.18796701196008433,
67, 5.94033419203741e-06, 5.940334191940161e-06, 5.940333925143913e-06, 5.940333925100692e-06, 5.940333925068276e-06, 0.00020827342354007945, 0.14506647946802667, 0.01217541309709846, 0.14503425046907464, 0.0839902479187915, 0.012152492146190326, 0.1844595813024244, 0.08387069993559942, 0.14507086905191388, 0.18794199126265593,
68, 4.94123157522184e-06, 4.941231575149936e-06, 4.9412313572706714e-06, 4.941231357243708e-06, 4.941231357216743e-06, 0.00021535573039353157, 0.14505385501875165, 0.012095546704215882, 0.14502162810781186, 0.08410046223499484, 0.012072617155892697, 0.18444740715396288, 0.08398055667585251, 0.14505824800516973, 0.18792961680144754,
69, 3.617020799586055e-06, 3.6170207995334203e-06, 3.6170206404980403e-06, 3.6170206404783023e-06, 3.6170206404585643e-06, 0.00021488186177310073, 0.1450481060085424, 0.012012134095965929, 0.14501588322767808, 0.08420038530610871, 0.011989180983182303, 0.18444328876691377, 0.08408016317309581, 0.14505250248465715, 0.18792538873407258,
70, 2.991255525001001e-06, 2.9912555249520317e-06, 2.9912553965919384e-06, 2.9912553965756153e-06, 2.991255396559292e-06, 0.00021240660232579154, 0.14504598314804099, 0.011936003783037042, 0.14501376283452325, 0.08428296153243273, 0.011913016339857833, 0.18444302429952866, 0.08416247718662583, 0.14505038312435822, 0.18792502461834998,
71, 1.9808017472989813e-06, 1.9808017472665535e-06, 1.980801659535711e-06, 1.980801659524902e-06, 1.980801659514093e-06, 0.0002150204424482637, 0.14503548902632668, 0.011862809458491285, 0.14500327387910855, 0.08437987655326301, 0.011839783516767507, 0.1844363325565573, 0.08425909535307038, 0.1450398918243616, 0.18791852312767177,
72, 1.4489376663299753e-06, 1.448937666311526e-06, 1.4489375990246018e-06, 1.4489375990114239e-06, 1.4489375990061526e-06, 0.00021561720507324103, 0.1450288779729338, 0.011796356439666953, 0.14499666630391184, 0.08445990292553524, 0.011773282440904996, 0.18443375067444348, 0.08433887749473133, 0.14503328361442877, 0.18791613998749776,
73, 1.9523352813036646e-06, 1.952335281282357e-06, 1.9523352053844624e-06, 1.952335205373809e-06, 1.952335205366706e-06, 0.00021077010077633182, 0.1450209928623637, 0.011730336569039615, 0.14498878016782052, 0.08454280076376976, 0.01170722103251469, 0.18442990548275717, 0.08442153378903182, 0.1450254013193912, 0.1879124959837189,
74, 2.937193572419692e-06, 2.9371935723929784e-06, 2.937193474097544e-06, 2.9371934740815158e-06, 2.9371934740815158e-06, 0.00020413396339599222, 0.1450234449533582, 0.011673348941838932, 0.14499122890006663, 0.08458926629147719, 0.011650182665299214, 0.18443756234596828, 0.08446784542541005, 0.14502785633506604, 0.18792044395827712,
75, 5.159988821846872e-06, 5.159988821809328e-06, 5.159988675463364e-06, 5.159988675444592e-06, 5.159988675453978e-06, 0.00018798988934898135, 0.14502423105233145, 0.011617514999932346, 0.14499200974611973, 0.08464094746282945, 0.011594296201819435, 0.18444305318405987, 0.08451935134504783, 0.14502864536218665, 0.18792616056090983,
76, 6.057175229140088e-06, 6.057175229096016e-06, 6.057175059485888e-06, 6.05717505947487e-06, 6.057175059485888e-06, 0.00017731561018034667, 0.14502001791148947, 0.011565547575185919, 0.14498779488214586, 0.08470612595262844, 0.011542273678279775, 0.18443948241103167, 0.08458431908362708, 0.14502443508641813, 0.1879224016815917,
77, 8.003767264081894e-06, 8.003767264038217e-06, 8.003767048102575e-06, 8.003767048088016e-06, 8.003767048102575e-06, 0.00016432174565175753, 0.14502567648539302, 0.01152119544777317, 0.1449934494486975, 0.08473628977108034, 0.011497857803929033, 0.1844469589387955, 0.0846143535319862, 0.14503009664751015, 0.18792978109145939,
78, 1.7265496489752805e-05, 1.7265496489658588e-05, 1.7265496102237197e-05, 1.7265496102237197e-05, 1.72654961022686e-05, 0.00013811665781463816, 0.14502302969086528, 0.011477058599123919, 0.14499079555598685, 0.08477643185152607, 0.011453662136580736, 0.18444506684030956, 0.08465436409353097, 0.1450274527527629, 0.18792769408858293,
79, 2.929246076220156e-05, 2.929246076204171e-05, 2.929246014891797e-05, 2.929246014891797e-05, 2.929246014897125e-05, 0.0001053164196352718, 0.1450250596472548, 0.011436919509064742, 0.14499281934355154, 0.08479648702336468, 0.011413458192512126, 0.18444859292683172, 0.08467432852089805, 0.14502948570776472, 0.18793107015543062,
80, 3.5899872334409084e-05, 3.589987233421318e-05, 3.589987161654984e-05, 3.589987161654984e-05, 3.589987161661514e-05, 7.647528985668987e-05, 0.14502405943841604, 0.011401187748363212, 0.1449918157836737, 0.08483059529920166, 0.011377663341872719, 0.18444974685816043, 0.08470831631999005, 0.14502848833781037, 0.18793215197132612,
81, 3.828214099862143e-05, 3.8282140998342895e-05, 3.8282140236329185e-05, 3.828214023625955e-05, 3.8282140236398825e-05, 6.441147229772874e-05, 0.14503098226940883, 0.011372371112066808, 0.14499873773908967, 0.08484052868291467, 0.011348783197308972, 0.1844584517262749, 0.08471816925211044, 0.14503541404583578, 0.18794073954811075,
82, 3.8375239315336995e-05, 3.837523931505778e-05, 3.837523853604343e-05, 3.837523853604343e-05, 3.837523853618304e-05, 5.811545834727423e-05, 0.1450323718518189, 0.011345388906983493, 0.1450001302034481, 0.08486321619839345, 0.011321736416584327, 0.1844635897617814, 0.08474075238226081, 0.14503680606012942, 0.18794601631434188,
83, 3.64889482230828e-05, 3.648894822281731e-05, 3.648894745109833e-05, 3.648894745103196e-05, 3.6488947451164704e-05, 5.6107544166189495e-05, 0.14504120865806128, 0.011314890786210586, 0.1450089711757476, 0.08487090730833433, 0.011291171458233218, 0.18447872669724694, 0.08474835411951666, 0.14504564535805087, 0.18796157190396365,
84, 3.456801082889023e-05, 3.4568010828575834e-05, 3.456801006277438e-05, 3.4568010062711506e-05, 3.456801006283727e-05, 5.2678330483624936e-05, 0.14504989535129376, 0.011278845815210058, 0.1450176647360152, 0.08488538132366522, 0.011255051630094354, 0.18449366107808418, 0.08476274469659119, 0.14505433457346747, 0.1879769021619947,
85, 3.0004964685759744e-05, 3.000496468554143e-05, 3.000496395194896e-05, 3.00049639518398e-05, 3.000496395189438e-05, 5.206483075895717e-05, 0.14505870204249813, 0.011247717127207405, 0.14502648080668779, 0.08489627722222398, 0.011223847439313747, 0.18451208615973905, 0.08477355683086892, 0.14506314374779017, 0.18799609871945028,
86, 2.738837209753328e-05, 2.7388372097284184e-05, 2.738837139159581e-05, 2.7388371391545992e-05, 2.7388371391545992e-05, 4.788158311449171e-05, 0.14506453302194605, 0.01121697929008212, 0.14503232281728995, 0.08491193923993877, 0.011193029309760957, 0.18452677572197695, 0.08478914393446732, 0.14506897715403147, 0.18801147581662217,
87, 2.522724375876058e-05, 2.522724375853114e-05, 2.522724308030519e-05, 2.5227243080213416e-05, 2.5227243080213416e-05, 4.615265273066744e-05, 0.14506467345355178, 0.011188019183164914, 0.14503247651465692, 0.08493764564771678, 0.011163986737165876, 0.18453578946305013, 0.08481476377680361, 0.14506911978462264, 0.1880212363173848,
88, 2.4882116102585116e-05, 2.4882116102358813e-05, 2.4882115436308167e-05, 2.4882115436262908e-05, 2.4882115436262908e-05, 4.5857730134647815e-05, 0.14506038747330544, 0.011159523102055306, 0.14502820357215765, 0.0849666906692142, 0.011135408384160666, 0.18454226362214707, 0.08484370597603529, 0.145064835683972, 0.18802871295643517,
89, 2.460745355010175e-05, 2.4607453549922706e-05, 2.4607452895297518e-05, 2.4607452895252757e-05, 2.4607452895252757e-05, 4.672842577891976e-05, 0.14505204564751617, 0.011132693686119799, 0.145019875755195, 0.08500479380564112, 0.01110850071558965, 0.1845433979115983, 0.08488170132114721, 0.14505649556916875, 0.18803072964424938,
90, 2.337821751373128e-05, 2.3378217513518656e-05, 2.3378216887171917e-05, 2.337821688708687e-05, 2.337821688708687e-05, 4.961067795683607e-05, 0.14503701793472196, 0.011108302599204886, 0.14500486472533786, 0.0850561452380172, 0.011084028198672477, 0.1845401152494045, 0.0849329173712258, 0.14504146906670884, 0.1880286376017691,
91, 2.0204386529222236e-05, 2.020438652907523e-05, 2.0204385973060813e-05, 2.0204385973024058e-05, 2.0204385972950556e-05, 5.383169658394303e-05, 0.14501824911751324, 0.011077183804467629, 0.14498611158230001, 0.0851238182965378, 0.011052835621790352, 0.18453685836837397, 0.08500041855694741, 0.14502270133408013, 0.1880269694387901,
92, 1.9011455323304252e-05, 1.9011455323165925e-05, 1.9011454805651752e-05, 1.9011454805617173e-05, 1.9011454805548008e-05, 5.652718859988213e-05, 0.14500331388034, 0.01104329601194624, 0.1449711861158682, 0.08517666641144273, 0.011018894373031706, 0.18454106448829857, 0.08505310825633317, 0.1450077672610772, 0.18803311848668366,
93, 1.5900959496047925e-05, 1.590095949593223e-05, 1.5900959062163853e-05, 1.5900959062106008e-05, 1.590095906204816e-05, 6.137182670271038e-05, 0.14498397067578214, 0.01101290534814846, 0.1449518560691948, 0.08524543580568687, 0.01098844597270947, 0.18453643372878273, 0.0851216769261321, 0.14498842522444189, 0.18802997337553298,
94, 1.2981010970151418e-05, 1.2981010970033357e-05, 1.2981010611692772e-05, 1.2981010611669158e-05, 1.2981010611621934e-05, 6.512405688853067e-05, 0.14496024290838605, 0.01098450942017203, 0.1449281411836855, 0.08532565541057022, 0.010960005086459893, 0.18452512507953653, 0.08520168759451752, 0.14496469871650447, 0.1880199052374795,
95, 6.846289952690578e-06, 6.846289952590952e-06, 6.8462897408096445e-06, 6.8462897407847375e-06, 6.8462897407473774e-06, 7.107715854746407e-05, 0.14493422231708022, 0.010957979289294211, 0.14490213616549477, 0.0854218747724061, 0.010933439213550234, 0.1845065972526534, 0.08529767435215979, 0.14493867960297666, 0.1880020881748823,
96, 5.700324023601451e-06, 5.7003240235288695e-06, 5.700323850307215e-06, 5.700323850286477e-06, 5.7003238502553705e-06, 7.277133668674657e-05, 0.14490007522571927, 0.010932775699871567, 0.14486800159808955, 0.08552788696026127, 0.010908205068760814, 0.18447884417014887, 0.08540345370889152, 0.1449045338273534, 0.18797495053330693,
97, 3.489753060848754e-06, 3.4897530607979715e-06, 3.4897529454072317e-06, 3.489752945388188e-06, 3.4897529453691445e-06, 7.545960084935838e-05, 0.1448600654610842, 0.01089887652850949, 0.14482800211693592, 0.08565454649201451, 0.010874288438116574, 0.18444987447829742, 0.08552982637530229, 0.14486452539289899, 0.18794708609958408,
98, 3.8030495377009154e-06, 3.803049537645574e-06, 3.803049426062965e-06, 3.8030494260422117e-06, 3.8030494260283762e-06, 7.514851093861837e-05, 0.14482494896264744, 0.010862669118987879, 0.14479288796589176, 0.08576518572625227, 0.01083807103134911, 0.18442701868736244, 0.08564019423545957, 0.14482941026780022, 0.18792544999454763,
99, 4.912645958329799e-06, 4.912645958267247e-06, 4.912645838211404e-06, 4.912645838193532e-06, 4.912645838175659e-06, 7.896206719162315e-05, 0.14479450892546292, 0.01082382258206899, 0.14476244764967133, 0.08586132162086459, 0.01079921251550194, 0.18441015139651018, 0.08573606161050991, 0.14479897161546965, 0.18790997653615782,
100, 5.861212603981197e-06, 5.861212603917228e-06, 5.861212476523162e-06, 5.861212476491177e-06, 5.861212476480516e-06, 8.131268197259292e-05, 0.1447634661639423, 0.010779040689356928, 0.14473140749403943, 0.08596606066377616, 0.01075441219806078, 0.1843926642232136, 0.08584053369354891, 0.14476793025979343, 0.18789386561917737,
101, 7.905068246628981e-06, 7.905068246571464e-06, 7.905068103555591e-06, 7.905068103526832e-06, 7.905068103483695e-06, 8.041152483365604e-05, 0.1447408510062791, 0.010729989333653416, 0.14470879367923695, 0.08605086070987517, 0.01070533817891284, 0.18438552541840378, 0.08592511250101599, 0.14474531663402077, 0.1878882754225201,
102, 9.655235089212994e-06, 9.65523508912518e-06, 9.655234933571725e-06, 9.6552349335366e-06, 9.655234933501474e-06, 7.633283259150896e-05, 0.14471542315365565, 0.010682379919512442, 0.14468336965484044, 0.08614449722394361, 0.010657697379078653, 0.18437470955093535, 0.08601851720326448, 0.14471989028499901, 0.1878789063713324,
103, 1.0082166222408467e-05, 1.008216622231677e-05, 1.0082166064983458e-05, 1.0082166064946778e-05, 1.00821660649101e-05, 7.260594519431316e-05, 0.1446849654370893, 0.010638269642029035, 0.14465291913649853, 0.08625492470354594, 0.010613552755262455, 0.1843545251323959, 0.08612866657722693, 0.14468943407406332, 0.18785972551516097,
104, 9.504840680221687e-06, 9.50484068016982e-06, 9.504840529200487e-06, 9.50484052916591e-06, 9.50484052913133e-06, 7.006144195564938e-05, 0.1446614114606098, 0.010597287480640098, 0.14462937051063804, 0.0863445560506733, 0.010572548695351704, 0.18434344352093085, 0.0862180656315347, 0.1446658817518442, 0.18784984900117194,
105, 8.55960513841889e-06, 8.559605138372182e-06, 8.559604999131184e-06, 8.559604999115613e-06, 8.559604999068905e-06, 6.941797692621838e-05, 0.14463363615539473, 0.010556229786662303, 0.14460160055196083, 0.0864492587193508, 0.01053146993007391, 0.1843239097297209, 0.08632249740198353, 0.14463810811666822, 0.187831073354034,
106, 7.415353467031435e-06, 7.41535346699097e-06, 7.415353347078655e-06, 7.415353347051679e-06, 7.41535334703819e-06, 6.450573320265143e-05, 0.14461920803754336, 0.010509138000092134, 0.1445871784997468, 0.0865264434826714, 0.01048434694815969, 0.18432039131742423, 0.08639948345892295, 0.14462368185351146, 0.18782854564935975,
107, 4.827780732687132e-06, 4.827780732660788e-06, 4.827780648672782e-06, 4.827780648655218e-06, 4.827780648646437e-06, 6.31461552577072e-05, 0.144606267908314, 0.0104680524471216, 0.14457424537730001, 0.08660200091764181, 0.010443230726799898, 0.18431241245188823, 0.08647484034363746, 0.14461074364272258, 0.1878209208736559,
108, 4.467393392861457e-06, 4.467393392837078e-06, 4.4673933170201806e-06, 4.4673933170039285e-06, 4.467393316995802e-06, 5.825684676326956e-05, 0.1445871835007403, 0.010428607854036508, 0.14455516530817608, 0.08668835952887748, 0.0104037597520016, 0.18429744233042777, 0.08656099666243508, 0.14459166104706672, 0.1878062299501787,
109, 3.948282276689508e-06, 3.948282276667963e-06, 3.9482822099410825e-06, 3.9482822099267185e-06, 3.948282209912355e-06, 5.17314040979406e-05, 0.14456890918176382, 0.010377494803689151, 0.14453689794402624, 0.08678521366506081, 0.01035261229316045, 0.18428363960699842, 0.08665764768846647, 0.14457338861154695, 0.18779272313756853,
110, 4.1736739424668635e-06, 4.173673942444088e-06, 4.173673877700632e-06, 4.17367387769304e-06, 4.173673877670264e-06, 4.3290698938479156e-05, 0.14454753481930638, 0.010325441871887041, 0.1445155286816294, 0.08689041884660098, 0.010300516915777495, 0.18426620901491617, 0.08676264081196292, 0.14455201609524457, 0.18777553362174118,
