Optimize time:20.776192244821125
Begin Prob:-13302.230653961744
End Prob:-13188.571413247015
Substitution parameters:[0.22279710181425, 0.2626581738146079, 0.2689632519979554, 0.24558147237318667, 1.289828124245833]
Trees:
(5:979.5103415261821,(2:563.0756829168839,(4:979.538563824588,(1:998.0761901108629,3:563.0756829168839):573.0092737503004):563.4709010932676):697.5631388821411);
((2:572.8554345957608,5:563.4709010932676):569.2872892893665,(1:563.4709010932676,(3:563.472432997982,4:569.2872892893665):572.8553927656083):563.4709010932676);
(5:977.4575844364889,((2:978.7955855982692,4:604.6290748381507):696.8941613931429,(1:998.0831747305735,3:655.2714831908016):979.040358008312):572.8554345957608);
((2:978.8226238519061,5:569.2872892893665):563.0756829168839,(3:957.4201565575269,(1:999.26686329728,4:979.5116406348889):565.983439642047):703.6539601729098);
(5:703.6539601729098,(4:697.5581066865084,(1:998.0567054944904,(2:580.4704077757938,3:702.7464395958507):954.9150732102347):569.2872892893665):573.0029255278394);
(5:677.8072228825537,((2:999.959030081049,3:677.8072228825537):679.3726566540802,(1:677.8072228825537,4:999.5469750180476):952.6197276989816):999.547687857618);
(5:580.4704077757938,(3:998.0567054944904,(4:565.983439642047,(1:998.0831747305735,2:580.4786968005617):999.653859802716):997.5688354417466):997.5688354417466);
(5:580.4704077757938,((3:563.4709010932676,4:563.4716878911038):569.2872892893665,(1:999.653859802716,2:998.0831747305735):563.4829988667676):978.2340562241229);
(5:573.0027081085824,(1:978.1019957869893,(4:527.3027057596412,(2:999.653859802716,3:580.4704077757938):569.287167748307):977.4575366051174):697.5345577251511);
(5:976.5605398312753,(1:563.472432997982,(2:580.4790485923093,(3:998.0810998791701,4:977.4575366051174):999.547687857618):999.9339715234838):999.9339715234838);
(5:580.4786968005617,(1:998.0831747305735,(3:999.385826629457,(2:679.3800405073182,4:999.6537963606319):999.653859802716):999.5469750180476):580.4790485923093);
(5:957.4283211858407,(4:569.2872892893665,(2:663.2058325549923,(1:978.9079422734316,3:563.4716878911038):565.983439642047):701.8529673314556):573.0029255278394);
(5:979.040358008312,(3:644.4298784903689,(1:997.4923890172796,(2:999.959030081049,4:977.4575844364889):977.4575366051174):569.2872892893665):536.3423462876283);
(5:954.9150732102347,(3:998.0831747305735,(2:976.7299259189092,(1:978.9125523103935,4:563.0759004978557):978.918749805649):999.9999215812713):999.9999215812713);
(5:0.835555,(4:0.769612,(3:563.8275201219427,(1:644.4116400045971,2:463.3511750277282):1e-06):0.166257):0.835555);

Position, Posteriors1, Posteriors2, Posteriors3, Posteriors4, Posteriors5, Posteriors6, Posteriors7, Posteriors8, Posteriors9, Posteriors10, Posteriors11, Posteriors12, Posteriors13, Posteriors14, Posteriors15,
0, 3.887033847069575e-05, 3.740170932295591e-05, 0.2809376544767644, 0.012315590842605388, 0.011056955031580506, 0.015304807553345443, 0.016355820954018916, 0.014711749372365185, 0.01456381191698396, 0.014708561082713607, 0.1272617889739694, 0.27999606050324727, 0.18552758270263703, 0.01589934952694492, 0.011283994962962871,
1, 1.588666890630161e-05, 1.5779118802037722e-05, 0.28121600767204424, 0.012244118106684484, 0.010975159577267808, 0.015227150045324059, 0.016279353395220908, 0.01463298751081607, 0.014484687498967022, 0.01462979562593812, 0.12732021011798655, 0.28027315138692416, 0.18566066666462394, 0.015822371998013115, 0.01120267456012245,
2, 4.620889868506886e-06, 4.2613221491101456e-06, 0.28144878504167214, 0.012172278612552703, 0.010900957118629059, 0.015159677754324585, 0.016212799839820435, 0.014563762782238887, 0.014415405380947037, 0.014560567382772864, 0.12737702786039198, 0.280504817648381, 0.1857907097207112, 0.015755760763894087, 0.011128567831012182,
3, 2.010637005810377e-06, 1.7462498080273663e-06, 0.2816767564557326, 0.012111207971836563, 0.010829799967176628, 0.015093715986603308, 0.016147533119364163, 0.014495801267779867, 0.014347241637513409, 0.014492603027527242, 0.12741971782253564, 0.2807317009397887, 0.18590196936475803, 0.01569053597043968, 0.011057659530481998,
4, 1.970027846149108e-06, 1.6457818518051426e-06, 0.2818909552769181, 0.012056097869052642, 0.010763061486293243, 0.0150321972016036, 0.016086746813517027, 0.014432270381326981, 0.014283410064859333, 0.014429070006034692, 0.12745445471283084, 0.2809448629909058, 0.18600227116242637, 0.015629731015929266, 0.010991255155392992,
5, 3.929739848160262e-06, 3.2096874867382405e-06, 0.28209401596240097, 0.012005976639349481, 0.010699971401636631, 0.014974396018115189, 0.016029708422431455, 0.01437243411196471, 0.014223187027336897, 0.014369232190922496, 0.12748240812655132, 0.28114692785962975, 0.18609340232226562, 0.015572626588080228, 0.010928573849302183,
6, 5.001443362417906e-06, 4.086179195030695e-06, 0.2823157366532096, 0.011940546790776413, 0.01063342437730468, 0.014911803784357986, 0.01596648199164571, 0.014304295790944735, 0.014155210655488987, 0.01430109283999859, 0.1275188174772335, 0.28136759173966464, 0.18620284920307503, 0.015511240540170265, 0.010861820480268682,
7, 4.674703920904993e-06, 3.7738221214710688e-06, 0.2825682252446221, 0.011883409323405139, 0.010566928414447223, 0.014846149738125317, 0.01589037074763465, 0.014232640659020827, 0.014084664101972007, 0.01422943683331598, 0.1275508159002376, 0.2816189289746302, 0.18628221166254752, 0.015443627907089162, 0.010794141912976712,
8, 3.689676504529803e-06, 2.9359646755780867e-06, 0.2828176360858816, 0.011839617497601616, 0.010504210544813684, 0.014785285165408968, 0.015818959391485955, 0.014162412267018436, 0.014015362695885544, 0.014159207137696108, 0.1275639727135931, 0.2818672017009955, 0.1863474357307418, 0.015381657788141868, 0.010730415587243382,
9, 2.5087056335380885e-06, 1.9873181800672395e-06, 0.2831018519889128, 0.01179167856313032, 0.010435431251405603, 0.014710370506763423, 0.015740084676266836, 0.014085360493074293, 0.013937876668928241, 0.014082154194154576, 0.1275784778542671, 0.28215016546329247, 0.1864143833756196, 0.015305634013915645, 0.010662034873025675,
10, 2.4944525448661325e-06, 2.083738841030278e-06, 0.2834131450197359, 0.011743504143635942, 0.01036274819148773, 0.014628924991579228, 0.015654516751803765, 0.014002026175187124, 0.013853915556611366, 0.01399881902348084, 0.12758857353991435, 0.2824601208102537, 0.1864762992860011, 0.01522288219411113, 0.010589946071210662,
11, 2.235920368986122e-06, 1.844967405805413e-06, 0.2837320854861583, 0.01170530363755097, 0.010283379620861592, 0.01454420134594591, 0.015562524860774, 0.013913623291470943, 0.013765423167786447, 0.013910415104944807, 0.12760740633703968, 0.28277770171913563, 0.18654680871933865, 0.015136450792888454, 0.010510594975702853,
12, 2.6625905755151954e-06, 2.271955269795908e-06, 0.2840822646919894, 0.01164897389029372, 0.010199915372626307, 0.014447491255241094, 0.015458528668251856, 0.013813861282025795, 0.013665679353502144, 0.013810653161311269, 0.12764023523049497, 0.2831264289213328, 0.18663621089180588, 0.015037861135200446, 0.01042696154719882,
13, 1.8746610837279513e-06, 1.6343745321605258e-06, 0.28447258043925255, 0.011600377340104485, 0.010115501919345923, 0.014346057216238007, 0.015336970938206455, 0.013708555007587678, 0.013561564408083171, 0.01370534717906618, 0.12766800812669213, 0.28351515863677584, 0.1866945674882142, 0.014930551332848064, 0.010341250879413866,
14, 1.4050368364783162e-06, 1.3191399597585292e-06, 0.2849038406235804, 0.011549408387944543, 0.01002882695847688, 0.014233539670361943, 0.015202664134004092, 0.013592806191880557, 0.013447280997665866, 0.013589599006061928, 0.1276923412424432, 0.28394470442717645, 0.18674768979872047, 0.014811565373809244, 0.01025300895793893,
15, 5.418140503366271e-07, 5.303902355688275e-07, 0.2853495279595106, 0.011505211699691641, 0.009932498913469947, 0.014112547121208078, 0.015063710580541945, 0.013469897486139876, 0.013325147454701267, 0.013466691152254072, 0.12772558818070523, 0.2843886263601607, 0.1868187817966202, 0.014684969330959525, 0.010155729707775887,
16, 9.231772878031956e-08, 1.0163700539880101e-07, 0.2858379931920667, 0.011461845485044036, 0.009826244915627497, 0.01397869326998324, 0.0149108070288825, 0.01333488778254113, 0.013190825722270079, 0.013331682619813528, 0.12776307825709735, 0.284875186344491, 0.1868949731968216, 0.014544999571290053, 0.010048588608277403,
17, 1.0943356934927702e-07, 1.21452634518928e-07, 0.2862611428595838, 0.011416563115560961, 0.009731064365140693, 0.01386184357392133, 0.014777560665539459, 0.013217435596997779, 0.01307400283483593, 0.013214232710482386, 0.1278020387977667, 0.2852966681934336, 0.18697179639559527, 0.014422904382363941, 0.009952515571261348,
18, 4.0337353343990746e-07, 4.418599673763273e-07, 0.28666389245610274, 0.011376999404818228, 0.009641647216331838, 0.013751919528932946, 0.014652019515523453, 0.013106832669895404, 0.012963861485058967, 0.013103632871546237, 0.12783248533703181, 0.2856978269192639, 0.18703772647972441, 0.014307951719178771, 0.009862359112009599,
19, 5.104535426748542e-07, 5.288073621356951e-07, 0.286988095738791, 0.011340805309801633, 0.00956236068980295, 0.01366648261166758, 0.014551601204526567, 0.0130109319521474, 0.012869688892719468, 0.013007735959521515, 0.12786035623328623, 0.2860206914098495, 0.1871185344836157, 0.014220588278314726, 0.009781087922171111,
20, 1.2537056599847582e-06, 1.2222688186168574e-06, 0.28732365591489045, 0.011290292536486344, 0.00948119680767656, 0.013578310413973886, 0.014448673918673898, 0.012912751335742306, 0.012773156799712443, 0.012909559541421572, 0.12789219295070842, 0.2863548805770223, 0.18720435749749045, 0.014130482029699458, 0.009698013649592161,
21, 1.0151089955704207e-06, 9.285473106844647e-07, 0.28760240126602854, 0.011233560494437186, 0.009409565383242181, 0.01350534853163689, 0.014362285230947, 0.012828791936653258, 0.012690963433944843, 0.012825602604612744, 0.12792871201869577, 0.2866324176040696, 0.1872977237562382, 0.014056265992408565, 0.009624418038112084,
22, 1.2716198525596985e-06, 1.1447595809598886e-06, 0.2879074677298798, 0.011176740191381115, 0.009334194425233942, 0.013426359369525397, 0.014269272534103851, 0.012738626879005557, 0.012602476772505951, 0.012735440430104538, 0.12796127724235898, 0.2869361939220421, 0.1873865115602756, 0.013975826787251058, 0.009547195724629942,
23, 1.8310280786957142e-06, 1.686335586477501e-06, 0.28825015964723955, 0.011111488044092968, 0.009249953080783614, 0.01333500426140182, 0.014162730253710506, 0.012635286758625814, 0.01250090944668047, 0.012632104373485303, 0.12800536695165954, 0.2872774750138551, 0.18749228195348033, 0.01388274433788696, 0.00946097846127531,
24, 1.3019725270951544e-06, 1.2354390232782542e-06, 0.2886160590235458, 0.011026582160503631, 0.00916058882320748, 0.013240710025364628, 0.014049440818157908, 0.012519281181456345, 0.012388139541960823, 0.012516103743421639, 0.12805755446613046, 0.2876418808926429, 0.18762475807014525, 0.01378810139439904, 0.00936826239561646,
25, 2.898812991856738e-07, 2.8104897470847787e-07, 0.28903226306236085, 0.01094102945699942, 0.009063274802576269, 0.013129560550090694, 0.01391917094303979, 0.012392608146978816, 0.012264489798762414, 0.012389436000432779, 0.1281158947258562, 0.2880564281514551, 0.18775238746796252, 0.013675056235731686, 0.009267829674525514,
26, 1.7728325496837744e-07, 1.7005925295093076e-07, 0.2894271522947463, 0.010863225789056742, 0.00897186230010162, 0.013025145274616925, 0.013796552198446306, 0.012273276675038025, 0.012147898773414306, 0.012270110542701303, 0.1281649677545984, 0.28844974091281345, 0.18786734485800505, 0.013568817639658465, 0.00917355759071623,
27, 1.8647316180302954e-07, 1.9485174483816372e-07, 0.28985938679662265, 0.010784311616119174, 0.008875188649606165, 0.012911941923983329, 0.013664204997945935, 0.012144773870621956, 0.01202205614632918, 0.012141614497507931, 0.1282101489146163, 0.28888027969270197, 0.1879780473363566, 0.013453529017863048, 0.009074135161194612,
28, 1.1061580148867391e-07, 1.0956824010457889e-07, 0.29023141143730224, 0.010708058829506798, 0.00878737716157615, 0.012816096956670296, 0.013550082087466116, 0.012030298546705733, 0.011910647706336975, 0.012027146066570652, 0.1282543424739767, 0.289250805892623, 0.18809353104562568, 0.013356822958495584, 0.00898315859845954,
29, 7.299740684457154e-08, 7.98578894208108e-08, 0.29063899305232044, 0.01063076292887898, 0.008694548743941672, 0.012712082939144621, 0.013426861068004852, 0.011907063834764796, 0.011790424896798447, 0.011903919031731753, 0.1282946036184354, 0.2896567764652349, 0.18820480518350555, 0.013251747727305424, 0.008887257599741068,
30, 4.798240580772918e-08, 5.11332196049595e-08, 0.29105946738580135, 0.010565002422710768, 0.008592896408343804, 0.012600732129412977, 0.013295969035033056, 0.011776927712945327, 0.011663425584751967, 0.011773791556541303, 0.12834550200629596, 0.2900756109852461, 0.18832891667865365, 0.013139374009906554, 0.008782284912924059,
31, 4.2074257013111973e-08, 4.551497073399844e-08, 0.29146120195041236, 0.010505263912473917, 0.00849674018843724, 0.012495490206789386, 0.013172026879709794, 0.011653581028216455, 0.01154294976770122, 0.011650454054407238, 0.1283883431412326, 0.2904757759533706, 0.18844189031698996, 0.013033138448301508, 0.008683056508160925,
32, 9.900155110473541e-08, 9.704876798820798e-08, 0.29181758762118737, 0.010444488279813582, 0.008408641132199182, 0.012401420199266322, 0.013061241287346195, 0.011543102938671067, 0.011435121117173206, 0.011539985351532691, 0.12843240625961308, 0.2908307524376559, 0.1885546788662762, 0.01293835445472479, 0.008592023949949191,
33, 1.1302244336987798e-07, 1.198727744962257e-07, 0.292205636895565, 0.010383537283360307, 0.008316061270451867, 0.012300136881307886, 0.012942438564984993, 0.011424950778395655, 0.01131955184054016, 0.011421843347431687, 0.12847247587787713, 0.2912172934117836, 0.18866306318965714, 0.012836171078059152, 0.008496606631463352,
34, 3.3934088761395093e-07, 3.63883089268262e-07, 0.2925769406591068, 0.010328085335299088, 0.008228355656598095, 0.012204305604302532, 0.012829803247013358, 0.011312815091265279, 0.01120977530633541, 0.011309718199512306, 0.12850522417510868, 0.29158715083565934, 0.1887613814640262, 0.012739466244527728, 0.008406274902656715,
35, 2.984204542127145e-07, 2.9739469746929875e-07, 0.2929275403731027, 0.01027946493315411, 0.008133698585470524, 0.012111243467519578, 0.012720021768306736, 0.011202893536909604, 0.01110207615325682, 0.011199806379380882, 0.12855243027209023, 0.2919363554026713, 0.18887926735923552, 0.012645596866392064, 0.008309009033514886,
36, 1.8482710100337338e-07, 1.8529722424757814e-07, 0.29332011767259364, 0.010223003392338736, 0.00802888411519118, 0.012004713508912924, 0.012595370624213008, 0.011078160260452684, 0.01097970897851408, 0.011075084644109251, 0.12861192849811295, 0.29232740414691066, 0.18901580602891793, 0.012538042920445195, 0.008201405030759086,
37, 1.5902049170393225e-07, 1.505737706456146e-07, 0.2937548700512249, 0.01016651746761953, 0.007913276359463981, 0.01188600477246305, 0.012457381234380794, 0.010940750551954983, 0.010844694231013419, 0.010937687735569626, 0.1286768644953226, 0.2927604977530777, 0.18916006141553618, 0.012418141035623383, 0.008082943248797762,
38, 1.121913618755208e-07, 1.0809498320745107e-07, 0.29422688333073765, 0.010112909296609898, 0.007787990788862486, 0.01175670364936221, 0.0123075258349479, 0.010791316382883767, 0.010697573043472533, 0.010788268086493498, 0.12874567559283254, 0.29323073060965665, 0.18931198502621688, 0.012287369650400655, 0.007954848367353072,
39, 3.1187757814537e-07, 2.8934251897278303e-07, 0.29467540742706283, 0.0100653906678969, 0.007669968331170991, 0.011635018896339774, 0.012166293891046743, 0.010650341317984832, 0.010558642896930946, 0.010647307947923878, 0.12880470207168673, 0.293677560925263, 0.18945021792565409, 0.012164264977113527, 0.007834281449219256,
40, 2.8599766952443744e-07, 2.6816520354115364e-07, 0.29510062073380766, 0.010038200261786964, 0.007572158984313675, 0.01152901410351831, 0.01204094021943158, 0.010526583019040575, 0.010437033704521788, 0.010523562201892343, 0.12881637439884785, 0.29410116247488116, 0.18952312099051744, 0.012056721221730201, 0.007733953467174497,
41, 3.040152699996416e-07, 3.0703202249818136e-07, 0.2955595010065144, 0.010013891360204235, 0.007466432121178327, 0.011413887190695802, 0.011905253555001957, 0.010392450851227884, 0.010304972063055785, 0.010389444094354282, 0.1288295176426425, 0.29455832073368554, 0.1896001897371729, 0.011939777569964777, 0.007625750969802556,
42, 1.6463001868647976e-07, 1.7629489680312702e-07, 0.29602579790296246, 0.009979647520459814, 0.00735806588523674, 0.01130005202347157, 0.011766827497360733, 0.01025181443798189, 0.01016756230856475, 0.010248822779526242, 0.12884723772256887, 0.2950228733539794, 0.18969221729159066, 0.011824948023446136, 0.007513792269112561,
43, 4.778880547329563e-07, 5.137951622079674e-07, 0.2964672646242463, 0.009951109214763368, 0.007256763977182757, 0.011193766698019757, 0.011637264363170929, 0.010119995432713873, 0.010038640553662147, 0.010117019167048772, 0.12885594243493761, 0.29546268690756466, 0.18977163156359317, 0.011717708986696202, 0.007409214333818388,
44, 7.233757932038671e-07, 7.768762409533482e-07, 0.296939920746992, 0.009902048404362955, 0.007152462445517063, 0.01107006952819548, 0.011499387859862457, 0.009983985083406383, 0.009904219154734887, 0.009981024937906143, 0.12887751733014516, 0.2959335960890122, 0.1898588319676165, 0.011592542575457564, 0.007302893565344038,
45, 9.69109615143353e-07, 9.876677146652943e-07, 0.2973950595163988, 0.009861676351695896, 0.007045103853339558, 0.010948960535395975, 0.011364113688700215, 0.00985034356488826, 0.009772143909912682, 0.009847398637980388, 0.12890686801868367, 0.2963870363862298, 0.1899557663063836, 0.011470067721501592, 0.0071935046711523965,
46, 4.347367730066269e-07, 4.63911897129832e-07, 0.29788933962896663, 0.009801326111074989, 0.006929559592717698, 0.010822568854292199, 0.011217575422110947, 0.009698372247417106, 0.00962363214302042, 0.009695444709075924, 0.1289435132841688, 0.2968794892074879, 0.19008026524789703, 0.011343868797604654, 0.007074146045857469,
47, 7.091678523904507e-07, 7.59790850967575e-07, 0.29835942514041897, 0.009747340945471179, 0.006820719882283879, 0.010703586933401803, 0.011079428932673573, 0.0095549152281999, 0.00948331104587284, 0.009552005342662243, 0.12897119224835166, 0.29734783610690396, 0.19019191713307446, 0.01122505345064743, 0.006961798591864979,
48, 3.017496841640747e-07, 3.4110460073695785e-07, 0.29877959709592716, 0.009704713036298593, 0.00672771781734866, 0.010600792661942629, 0.01095608108655691, 0.009430207091264476, 0.00936213971260778, 0.009427311812974794, 0.12898450607271258, 0.29776642614925086, 0.19027334869930615, 0.011121475937379801, 0.0068650399124907825,
49, 1.1416047713158775e-07, 1.2701413492714743e-07, 0.29919089918632774, 0.009663215215879194, 0.0066294106237036795, 0.010497585685117128, 0.010832642646462802, 0.009304845258086905, 0.00924018313787826, 0.009301965164109137, 0.12901029499282615, 0.29817617324672996, 0.1903720338985876, 0.011017552502513954, 0.006762957208284615,
50, 1.8208718071219705e-07, 1.9089134651454549e-07, 0.2995824924148088, 0.009626995864436029, 0.006536870715333811, 0.010400590322451829, 0.010716371783991818, 0.009186597051521276, 0.009125046811907133, 0.00918373232235504, 0.12902819087321674, 0.29856628389629264, 0.19045965908705612, 0.010919867180014576, 0.006666928638469702,
51, 8.193629990440887e-08, 8.025896212050419e-08, 0.30000369390849124, 0.009571039780615359, 0.006441266614629916, 0.01028768014816444, 0.010592417977160287, 0.009064374534806643, 0.00900475511911912, 0.009061525913459644, 0.12905805627217556, 0.2989859142162685, 0.19055433125542207, 0.010805791733503628, 0.00656899027310466,
52, 3.960300186321268e-08, 4.2160752400580605e-08, 0.30042475272308017, 0.009524720981959642, 0.006349115810705534, 0.010177048526834953, 0.010470653665777124, 0.008944203436697332, 0.008886295816903448, 0.008941371436408321, 0.1290750381828624, 0.29940540875345956, 0.1906326810520217, 0.010693883706618348, 0.006474744083901645,
53, 8.838836007964515e-08, 8.620113165629723e-08, 0.30079493327923046, 0.00947734842105343, 0.00626552874439005, 0.010079145746063799, 0.010363122764278872, 0.008837849816067542, 0.00878151021828004, 0.008835033809938194, 0.1290946340175892, 0.2997742013128376, 0.19071232659640985, 0.010595034496356836, 0.006389156129889364,
54, 8.818159801274785e-08, 9.37951322417593e-08, 0.301197717273812, 0.00942968438350202, 0.006177483102194236, 0.009973707063781326, 0.010247603546330124, 0.008723900423201418, 0.00866902033771197, 0.00872110157527608, 0.12910957568346543, 0.3001754976556903, 0.1907868583481371, 0.010488449652613132, 0.0062992189203691165,
55, 1.6002288795724556e-07, 1.779127690548449e-07, 0.30161580469092214, 0.009366845359064095, 0.006087057275636929, 0.00986465894010718, 0.010128791460028421, 0.008606889071248703, 0.008553372339502081, 0.008604108109313629, 0.1291284047522224, 0.3005920554030481, 0.19086644205781075, 0.010378253368237065, 0.006206979180321656,
56, 4.464882548164687e-08, 4.958576782410756e-08, 0.30196378991111533, 0.009306035535752252, 0.0060081844961192956, 0.00977414398069754, 0.010028423623199405, 0.008506855990318744, 0.008455205536551885, 0.008504090389613484, 0.1291509349766292, 0.30093873803841975, 0.19095055983207385, 0.01028713877007383, 0.00612580462740177,
57, 1.0836810020580881e-07, 1.0072052757838289e-07, 0.3022641613370835, 0.009244248504900137, 0.005937334768869917, 0.009695340081899045, 0.009941174482598049, 0.008419612978514006, 0.008369657995437478, 0.008416861975017613, 0.12917632833813059, 0.30123796673334446, 0.19103631498685303, 0.010208010281353975, 0.006052778389698385,
58, 1.702592681168656e-07, 1.5495437376349904e-07, 0.3025920197841041, 0.009182060618466272, 0.005862772234406532, 0.009610360366970674, 0.00984738093835542, 0.0083261309891517, 0.008277794032634981, 0.00832339562164603, 0.12919734401485425, 0.30156460188694, 0.1911171372396106, 0.010122554505142576, 0.005976122495876873,
59, 9.461801356449096e-08, 8.356009023181873e-08, 0.30295396201101754, 0.0091168212979203, 0.005786059481202353, 0.009516554534048266, 0.009744036880023817, 0.008224043017398827, 0.008177574541576072, 0.008221324614518029, 0.12921521569485966, 0.3019252245747776, 0.1911938340074069, 0.0100280862765624, 0.005897084832977825,
60, 1.1235753081886845e-07, 1.0031872625082992e-07, 0.3033156445251572, 0.009061587964334409, 0.005712334699962179, 0.009424848230537842, 0.009642732497436324, 0.008123864523098299, 0.0080790692149133, 0.00812116345747991, 0.1292209102785497, 0.30228559466789884, 0.19125516561942815, 0.009935621438875119, 0.00582125014849537,
61, 1.0914537213352998e-07, 9.827015770895351e-08, 0.3037085728021185, 0.009005959069063131, 0.005634605339567144, 0.009326064600501087, 0.009533894703167569, 0.008016531519959602, 0.007973319937922968, 0.008013849018817182, 0.1292215607564442, 0.30267711716059476, 0.19131092729344115, 0.00983589449574128, 0.005741495829528732,
62, 5.8328186174715465e-08, 5.237610287274112e-08, 0.30413333842627793, 0.008952679351068442, 0.005549939197514174, 0.00921827059214324, 0.009415397576257726, 0.007899539035427477, 0.007857824456217782, 0.007896877124866745, 0.12922341452257013, 0.3031003785990634, 0.19137047872357119, 0.009726916785905797, 0.00565483484768705,
63, 8.824743232105539e-08, 8.278787912812432e-08, 0.3045535754689302, 0.008909963736680357, 0.005469572928762024, 0.009114076801254685, 0.009300571676399893, 0.007786005174042326, 0.007745549478775356, 0.007783364173981599, 0.12921131709578795, 0.30351913329649216, 0.19141251872233767, 0.009621460195963922, 0.005572720158062955,
64, 4.0569509239559245e-08, 4.37426453109156e-08, 0.30500773385148916, 0.008869588877773676, 0.005382024779372707, 0.009000411449802764, 0.009175575078471328, 0.007662274138608113, 0.0076229600547866065, 0.007659656280072314, 0.1292001452135398, 0.30397170425058684, 0.19145810349152415, 0.009506264501599488, 0.005483473663843748,
65, 1.4248961968106734e-07, 1.4583536551497325e-07, 0.3054025631120417, 0.008828044771783923, 0.005303670258112963, 0.00890132159518584, 0.00906686332371379, 0.0075544020198535485, 0.007516126937086792, 0.00755180579376637, 0.1291934410234889, 0.30436514562057376, 0.19150678750293876, 0.009406037397683004, 0.005403502263260337,
66, 1.6285139269214532e-07, 1.5954082895008048e-07, 0.30577314211228684, 0.008794216414272986, 0.005231194619206571, 0.008811227231126558, 0.00896770629916703, 0.007453339743844699, 0.007415998921025787, 0.007450763859154047, 0.12917514345000888, 0.3047344151381919, 0.19154740734127898, 0.009315608080805204, 0.005329514341424599,
67, 2.2385954190046246e-07, 2.3137373432113354e-07, 0.3061758405211176, 0.008760167179661969, 0.005154642765263362, 0.008713989305454774, 0.008860969285704729, 0.0073449094626071515, 0.00730837235245094, 0.007342355357313502, 0.1291511640840569, 0.3051357092465653, 0.19158199774210363, 0.009217874424335054, 0.005251552985683662,
68, 1.8502453572248531e-07, 1.965078825694309e-07, 0.30661579656436244, 0.008726739664064748, 0.005063778355273157, 0.008604570945622999, 0.008741211233576305, 0.007223023237886066, 0.007187154941357111, 0.00722049377074043, 0.12913975944353195, 0.3055741440877304, 0.19163591436754565, 0.009107762045091516, 0.005159269755208926,
69, 1.4758654220997194e-07, 1.4203657808428488e-07, 0.30694776597068396, 0.008697344724340333, 0.004991025909816239, 0.008522589717355932, 0.008650342861002157, 0.0071292151059040585, 0.007094091228789995, 0.007126704616031825, 0.12913297176498628, 0.3059049093249683, 0.19169200716113846, 0.009025561357142067, 0.00508518057985256,
70, 1.68832263741997e-07, 1.594824756622168e-07, 0.3073102840481534, 0.00866767056930043, 0.004914168537820543, 0.00843385774889524, 0.008552309890523583, 0.007028393210318897, 0.006993878111501424, 0.007025903117086539, 0.1291209531802737, 0.3062661343067121, 0.1917425587928551, 0.00893646150914844, 0.0050070986096257585,
71, 6.423102352027002e-07, 5.843863569899972e-07, 0.3076565166156819, 0.00864244539297091, 0.004841810079358715, 0.008350417934425716, 0.008459990886191366, 0.006933261517805967, 0.00689922106931715, 0.006930791555037348, 0.1291025741766652, 0.3066111313550135, 0.19178428564931385, 0.008852673008322919, 0.004933654010396488,
72, 3.4559394933238943e-07, 3.0013119148366323e-07, 0.30805265275721544, 0.008603239166559643, 0.00476175240871933, 0.008245085480190106, 0.008355432668789057, 0.006827396040748646, 0.006792357005169606, 0.006824947774156204, 0.12909373590023274, 0.30700587891846537, 0.19183606973505263, 0.008746991173220671, 0.004853815192656687,
73, 5.507402155444968e-07, 4.981341088936061e-07, 0.30844740573161705, 0.008572703535370464, 0.004685075858195899, 0.008142462043100446, 0.008253343109767471, 0.006723889753586828, 0.006687697559233294, 0.0067214634706947544, 0.12907221696748222, 0.30739925437168447, 0.19187202754189706, 0.00864391461819569, 0.0047774965113628705,
74, 3.5177247133199017e-07, 3.3015905954533036e-07, 0.30885754837739754, 0.008552985957582648, 0.004614574439206189, 0.008044412477632292, 0.008143856365363715, 0.006624456669193884, 0.0065881647568841505, 0.006622052114727295, 0.12903587828958143, 0.3078079733696909, 0.1918595085751499, 0.008541430172726275, 0.004706476449128394,
75, 3.099120190631762e-07, 2.9030621424675397e-07, 0.3092376254388419, 0.008542045579716835, 0.004553973030472098, 0.00795823834948816, 0.00804641421151916, 0.006536581933083885, 0.006500391945411663, 0.006534196707295967, 0.1289827662906133, 0.308186721753772, 0.19182401975439073, 0.008451185619044612, 0.004645239112863059,
76, 1.469281815994949e-07, 1.485966615078368e-07, 0.3096124688409885, 0.008539468059718931, 0.004496693291708919, 0.00787648130661922, 0.007953186236220232, 0.006451282535153904, 0.006415184391923477, 0.00644891593239938, 0.12891628367289545, 0.3085602526035175, 0.1917763592969997, 0.008365772275889936, 0.004587355975206509,
77, 2.430561011901059e-07, 2.5645142975373814e-07, 0.30997441616268606, 0.008540139955382551, 0.004442483341073152, 0.007799038418711915, 0.007864712131240922, 0.006370274347755859, 0.0063341806680795535, 0.006367926128108665, 0.12884514494365146, 0.30892093371868856, 0.19172280196208158, 0.00828482080767679, 0.00453262785046782,
78, 4.1141344606738757e-07, 4.0698537284044347e-07, 0.3102414037848353, 0.008542613690155193, 0.004401243693066812, 0.007744193479348386, 0.007800610506650082, 0.006310849214861134, 0.00627491992658034, 0.006308514631338269, 0.12878621296582354, 0.30918692882773413, 0.19168328957942488, 0.008227545903771952, 0.004490855342637393,
79, 2.15811635264173e-07, 2.1990519988315413e-07, 0.3105416724904255, 0.008533966542494786, 0.004355862352968729, 0.00767973542123789, 0.00772872689341711, 0.006245026302431205, 0.006208850342338238, 0.006242706428251037, 0.12872837945628224, 0.3094861016382016, 0.19164299760972717, 0.008160238546432073, 0.004445300203446472,
80, 3.3895383332218135e-07, 3.2245604028384447e-07, 0.31083634581980796, 0.008527937541596151, 0.00430897157012438, 0.007614751112684367, 0.007656666145235523, 0.00617927641111594, 0.0061428446075515696, 0.0061769715769983006, 0.12867639848416648, 0.3097797061834979, 0.19160878225907538, 0.00809247080453464, 0.004398216018560429,
81, 2.65429599860689e-07, 2.50530467571861e-07, 0.3111683125144505, 0.00851887935313272, 0.004257160847643741, 0.007536237088965771, 0.007576885348076337, 0.006106981479486754, 0.006069123691184918, 0.006104693020109299, 0.12862199144322958, 0.31011049109330024, 0.19157066424769179, 0.008010848373078864, 0.004347215485157027,
82, 1.9069467237063785e-07, 1.9185976684878723e-07, 0.31147452132583237, 0.008518733526608379, 0.004212224699408935, 0.0074680527051273924, 0.007506716073031336, 0.006043373797667956, 0.006004252922069399, 0.006041099591436797, 0.12855524925388967, 0.31041558743454684, 0.1915169689616706, 0.007939817896674072, 0.00430301920221854,
83, 2.725163368402454e-07, 2.812723611934627e-07, 0.31178657727091136, 0.008507375561202433, 0.004166566388004142, 0.0073984383415744825, 0.00743548659939177, 0.005978826235584883, 0.005938372298144363, 0.005976566583553605, 0.12849193786457846, 0.31072651758312914, 0.19146726443531956, 0.007867359745208743, 0.004258157248711597,
84, 1.4230263905360185e-06, 1.3711547065284021e-06, 0.3120619516366716, 0.008494748002016014, 0.004125589808287156, 0.007337288301689937, 0.007373155707130761, 0.005922274818568168, 0.005880613807988918, 0.005920028778207271, 0.12843479103827943, 0.3110008878182638, 0.19142419507300829, 0.00780378848631242, 0.004217892486728611,
85, 1.6233480985069236e-06, 1.5892653536975856e-06, 0.31237680361862047, 0.00845876605340487, 0.004081481492191369, 0.007260303997127193, 0.007302314123466129, 0.005860695835824456, 0.005816886163068128, 0.005858464262270435, 0.12838595807206038, 0.31131461736062666, 0.19138167811425744, 0.007723500031884343, 0.004175318205511609,
86, 7.456373731502176e-07, 7.130416370700731e-07, 0.31271901756669357, 0.00842712874989901, 0.004033678099774737, 0.007177186037273168, 0.007221373235858801, 0.00579387147016737, 0.00574828414607894, 0.005791655069617947, 0.1283382116078215, 0.3116556247507729, 0.19132846941690332, 0.007635340136875618, 0.004128700976454303,
87, 1.48117110484846e-07, 1.5725461121075496e-07, 0.31303256121860906, 0.008406351695775844, 0.0039928935830137145, 0.007105689027366875, 0.007150890877795279, 0.005735879195409703, 0.0056887300192863715, 0.005733675821708007, 0.128277485002653, 0.31196803979801646, 0.19125922694939376, 0.007559285866499957, 0.004088985516281708,
88, 8.870135836985909e-08, 9.9984752735365e-08, 0.313313577940576, 0.008384745801114228, 0.003956030086157374, 0.007041976642484821, 0.007088375075104102, 0.0056845659370938625, 0.005635984894326251, 0.0056823748069829115, 0.12822253713738319, 0.31224803664952117, 0.19119696486634571, 0.007491540021570259, 0.0040531013995338035,
89, 1.2618106358841897e-07, 1.3760212932733706e-07, 0.3135899737017646, 0.00836551975657087, 0.003917909588946315, 0.006977731210451597, 0.007025627439298673, 0.0056332181333387, 0.005583200115303875, 0.00563103949854406, 0.12817269528728112, 0.3125234353570003, 0.19114011452310026, 0.007423314456667347, 0.004015957092387905,
90, 4.0446352847281495e-07, 3.9983792948384895e-07, 0.31386092569997015, 0.008348931850828842, 0.003878438474016505, 0.006912981789833156, 0.006962700208139358, 0.0055818926086264814, 0.005530434278551408, 0.00557972674595051, 0.12812843391330522, 0.31279341611760286, 0.1910892095764624, 0.007354647108464049, 0.003977457271675237,
91, 6.088040931128123e-07, 6.159283333970729e-07, 0.31413263223926446, 0.008340207018768265, 0.003841585609579156, 0.006852195589391678, 0.006900902712355218, 0.005532405338651124, 0.00547981883199091, 0.005530252125136839, 0.12807312574878574, 0.31306414600795385, 0.191020625914486, 0.007289567186157905, 0.003941310889992687,
92, 6.658768111536519e-07, 6.418783953046745e-07, 0.3143555628131581, 0.00833342941738262, 0.0038092231717008957, 0.006804824822975359, 0.006851626373259083, 0.0054897824692114435, 0.005436771652198801, 0.0054876408885625606, 0.12802217171483, 0.31328623732213795, 0.19097254010453774, 0.0072398273598500715, 0.00390905408140022,
93, 6.6787693381017e-07, 6.402979464334905e-07, 0.31457828403886673, 0.008333358831165797, 0.0037786393689891603, 0.006759761357281763, 0.006804373400754743, 0.00544826124094139, 0.005394818707086682, 0.005446130900101711, 0.12796073430728386, 0.3135081197873873, 0.19091499279264515, 0.007192623647673193, 0.0038785933926508624,
94, 9.125846701272278e-07, 9.080494099631805e-07, 0.31481760298677786, 0.008335313843715634, 0.0037448885946525165, 0.006710164557948521, 0.006752480398221752, 0.005402492922536933, 0.005348508686563991, 0.005400374950506182, 0.1278976640596855, 0.3137465516362259, 0.1908564538539037, 0.007140645142418043, 0.003845037682332671,
95, 1.2568027091294819e-06, 1.2166243026961709e-06, 0.31505255363498086, 0.008340542375976265, 0.003709393202340154, 0.006661699304647064, 0.006698511989346988, 0.0053557472974125045, 0.00530168991145004, 0.0053536419876699295, 0.12784155135529007, 0.31398063110952157, 0.19080286500287644, 0.0070894221311414984, 0.003809277220900801,
96, 2.0443470796764086e-06, 2.008816012522057e-06, 0.3153118856999449, 0.008341403657986236, 0.0036689715165832614, 0.006605020491981749, 0.00663595949309224, 0.0053013511811106796, 0.005247177421911611, 0.005299260569128278, 0.12779082396206745, 0.31423902419643945, 0.1907569133974997, 0.0070295849970232, 0.00376857020243265,
97, 1.6829814760388006e-06, 1.7159600683034586e-06, 0.31559181259199415, 0.008326628644484165, 0.003627059983786293, 0.006539916232902482, 0.006568351716798068, 0.005243819081535636, 0.005189185996552614, 0.0052417434727683185, 0.1277476495308235, 0.31451794773427605, 0.19071498286209865, 0.006960804547255815, 0.003726698613358992,
98, 6.398602795762403e-07, 7.24614692681925e-07, 0.31586675001829484, 0.008304015014089103, 0.003585518378892182, 0.006477133469438652, 0.006501622580187127, 0.005186313469704314, 0.005131593710002352, 0.005184252402152911, 0.12770892311110357, 0.3147918944624511, 0.19068111462945544, 0.006894633063427931, 0.0036848711662610155,
99, 7.392715569213389e-07, 8.46007714257442e-07, 0.31611173603418935, 0.008280593665554828, 0.0035477567943812943, 0.006421172297234125, 0.006442262982722323, 0.005135179981861591, 0.005080384576228822, 0.005133132567261663, 0.12767495575179677, 0.3150359873761287, 0.19065274030957846, 0.006835692616192358, 0.0036468197192482676,
100, 6.603444055799561e-07, 7.43151153730308e-07, 0.3163424545466017, 0.008261211334583712, 0.003506732785629149, 0.006366459869934528, 0.0063840468584938585, 0.0050847546521061125, 0.00502983718318584, 0.005082720395200555, 0.12765201966661466, 0.3152658425849681, 0.19063889351378305, 0.006778075933471055, 0.0036055471304252784,
101, 9.127230665738181e-07, 9.837755035449278e-07, 0.3165958630931988, 0.008242038150066737, 0.003461022481453915, 0.0063051805677128, 0.006319186264156046, 0.00502870387749936, 0.004973591496201921, 0.005026684072752758, 0.1276293774257707, 0.3155183265851561, 0.1906249120649486, 0.0067135934245003415, 0.0035596239467964213,
102, 7.239431885740132e-07, 7.557985317153557e-07, 0.3168498604309936, 0.008211250999835875, 0.0034159982781673697, 0.006239741291945553, 0.006253305972905351, 0.0049725678822846, 0.00491717917579837, 0.004970562315713781, 0.1276172389894157, 0.31577140089683625, 0.19062015183221018, 0.006644783367326349, 0.0035144787744750385,
103, 7.650551581309426e-07, 8.057029542241242e-07, 0.3171365606164092, 0.008167642003181475, 0.003366545624215306, 0.006166236965866169, 0.00617959485908201, 0.004909772498786567, 0.00485398711842779, 0.004907782600338229, 0.1276052912169213, 0.3160570856256985, 0.19061541469215365, 0.006567522455586468, 0.003464992916002478,
104, 4.939046479048767e-07, 5.234779063540553e-07, 0.3174013017358091, 0.008131447747908081, 0.0033209531478786344, 0.0061021452821288505, 0.006112358581798767, 0.004851319206664108, 0.004795757974319589, 0.004849344387091752, 0.12758727059543057, 0.31632086909117196, 0.19060709351384286, 0.006500293009637365, 0.0034188282946683115,
105, 4.095703808104593e-07, 4.009473787116572e-07, 0.31762761879492174, 0.008095768093047587, 0.0032806889323218455, 0.006047394264785363, 0.006054512171455393, 0.0048008297995041525, 0.0047456601495847964, 0.004798868279776523, 0.12757470026056272, 0.31654634492339884, 0.19060602073219632, 0.006442938139881431, 0.0033778448920418988,
106, 5.095222365877006e-07, 4.853377795998317e-07, 0.3178723009785702, 0.008061843742802596, 0.0032365564292954055, 0.005987310489734789, 0.005991168120695842, 0.0047453468372345275, 0.00469049651693333, 0.004743400003117313, 0.127561837134525, 0.3167901332015142, 0.1906056209658949, 0.006379960534170982, 0.003333030136600929,
107, 2.2000521774366497e-07, 2.1255377226780146e-07, 0.31814860371919435, 0.008014192847087811, 0.0031883639332802105, 0.0059178776170718626, 0.005920574576865501, 0.004684087729748336, 0.004629232417541511, 0.004682156722627015, 0.12755137618990856, 0.317065445796758, 0.19060600381065262, 0.0063071910296099015, 0.0032844610009602846,
108, 1.9229523978005422e-07, 1.8116846658112354e-07, 0.3184346341403857, 0.007953549784740607, 0.0031389382313946955, 0.0058462895716726955, 0.005848155133506633, 0.004621282496936586, 0.004566357077342111, 0.004619367811497104, 0.12754386941387896, 0.3173504623075987, 0.19060979614207663, 0.006232213253010765, 0.003234711123034559,
109, 1.912768130153207e-07, 1.8802535425860896e-07, 0.3187471173606382, 0.00787378517531928, 0.003086623931340736, 0.005765179184921676, 0.005766650975479132, 0.0045505982824031906, 0.00449566682748277, 0.004548702264518083, 0.1275470201959443, 0.31766186563210436, 0.1906271079469089, 0.006147354856855167, 0.003181948015115336,
110, 7.711822083238842e-08, 7.173257840243293e-08, 0.31906415259257287, 0.007780088045746549, 0.0030329342205309383, 0.00568500989543205, 0.005683575107318514, 0.004476245625690773, 0.004421935928716975, 0.004474369360964056, 0.12755450759880113, 0.31797780933901165, 0.1906579012139001, 0.006064101015078897, 0.0031272211553279566,
111, 4.627723845983256e-08, 4.293303759428692e-08, 0.3193810525329854, 0.007698155854957034, 0.002981285181269383, 0.005606577068136752, 0.005602102768234922, 0.004403253495570942, 0.004349435942231702, 0.004401397102963519, 0.1275508291563343, 0.3182936239604538, 0.19067497398107722, 0.005982553677547059, 0.0030746700172319813,
