Optimize time:20.8422226127651
Begin Prob:-12973.10801177613
End Prob:-12800.282787907276
Substitution parameters:[0.21730366076819232, 0.25544967877539476, 0.2682244912428944, 0.2590221692135187, 1.8836324605628032]
Trees:
(2:573.3119764747454,(5:951.1924928289097,(1:994.9750062843572,(3:951.1502293537675,4:957.2988150930686):574.2427623582828):575.8285091353222):957.8807210097367);
(2:981.5345462084941,((3:575.8497752453839,4:951.1924928289097):981.407154851021,(1:575.8497752453839,5:575.8497752453839):575.9571790256852):994.9750062843572);
(2:942.9306724627735,(4:981.407154851021,(3:994.9750062843572,(1:994.9750062843572,5:571.375068895295):995.7341363670294):995.7341363670294):571.3635820237575);
(2:951.2163362490124,(4:571.3635820237575,(5:575.5932335717,(1:994.8791732595796,3:957.2742914795559):981.5345462084941):981.407154851021):951.1501819125964);
(2:995.7341363670294,(4:994.9750062843572,(1:571.375068895295,(3:981.4015261830606,5:575.8497752453839):575.8497752453839):981.407154851021):981.407154851021);
(2:981.407154851021,(5:981.407154851021,(3:575.8285091353222,(1:575.5932335717,4:951.1924144101811):996.0232770451395):995.7341363670294):957.8972272855526);
(2:995.7341363670294,(3:981.407154851021,(1:942.9290478765264,(4:575.8497752453839,5:951.1924144101811):942.9306724627735):571.3759803805308):534.2758109952094);
(2:994.9750062843572,(3:981.4015261830606,(5:574.2427623582828,(1:954.921385857008,4:994.9750062843572):996.0232770451395):942.9290478765264):574.2427623582828);
(2:563.45266203953,(1:572.9507206857705,(4:957.428491070808,(3:580.1966289258542,5:572.9057769374233):575.2571227620848):571.1750616261536):573.5513738502013);
(2:954.9188402680089,(1:944.0060607639435,(5:944.0060607639435,(3:575.8497752453839,4:981.407154851021):951.1924144101811):999.5482253475805):999.5482253475805);
(2:984.1688061051801,(3:944.0059056297614,(4:981.407154851021,(1:994.9750062843572,5:957.9051028442418):998.5997550710764):999.5482253475805):999.5482253475805);
(2:995.733188271273,(5:981.407154851021,(4:981.407154851021,(1:957.880673468737,3:575.5932335717):573.4030979680048):571.3810297503207):996.0289541785396);
(2:957.880673468737,((4:951.1502293537675,5:942.945774587195):571.3635820237575,(1:994.9750062843572,3:574.2427623582828):996.0232770451395):999.5482253475805);
(2:572.9493990264499,((3:598.0893146419188,5:996.0266773345218):574.2427623582828,(1:575.8284004256938,4:951.1924144101811):951.1501819125964):996.0232770451395);
(2:590.1703535795305,(1:639.3256768598759,(3:597.2270742973013,(4:0.669933,5:0.599861):1e-06):0.0783806):0.748993);

Position, Posteriors1, Posteriors2, Posteriors3, Posteriors4, Posteriors5, Posteriors6, Posteriors7, Posteriors8, Posteriors9, Posteriors10, Posteriors11, Posteriors12, Posteriors13, Posteriors14, Posteriors15,
0, 3.456721598754985e-05, 3.456721598754985e-05, 3.456721598748697e-05, 3.456721598754985e-05, 0.05738080818407962, 0.2596252067471476, 0.06534321981571967, 0.09223637681359419, 0.05256157159042761, 0.047284032674909486, 0.06502043365055431, 0.18699646651553165, 0.06123524986975734, 0.06458184962807711, 0.04759651498280656,
1, 3.765532460265036e-06, 3.765532460265036e-06, 3.7655324602581864e-06, 3.765532460265036e-06, 0.05734236577999538, 0.25991344791797233, 0.0653126411688819, 0.09225144913034043, 0.05250957798603826, 0.04722075199192524, 0.06498931928534142, 0.187162827585878, 0.06119818852043503, 0.06455071452964133, 0.04753365331068482,
2, 1.4740914926626765e-06, 1.4740914926626765e-06, 1.474091492659995e-06, 1.474091492659995e-06, 0.05729511262048567, 0.26016518999318256, 0.06527824458562735, 0.0922557588113415, 0.052450483746199594, 0.04715295342620939, 0.06495430065626256, 0.18730730263253606, 0.06115681762461378, 0.06451161545101051, 0.047466323424151656,
3, 3.4623635846209325e-07, 3.4623635846209325e-07, 3.4623635846083365e-07, 3.4623635846209325e-07, 0.05723999819766987, 0.2604437191928877, 0.06523834507255712, 0.09225550736231566, 0.052384593570307336, 0.04707825599339846, 0.06491388302023639, 0.18747436620650212, 0.06111144722370019, 0.06446688533095249, 0.04739161322146359,
4, 3.120456110460504e-07, 3.120456110460504e-07, 3.120456110460504e-07, 3.120456110460504e-07, 0.057184372468071856, 0.26072166627353527, 0.0651980106722816, 0.09225126322505778, 0.05231670837059843, 0.047004205902120955, 0.06487293285434227, 0.18764696393684566, 0.0610654645517018, 0.06441946607425257, 0.04731769682672276,
5, 1.9450518641036107e-07, 1.9450518641036107e-07, 1.9450518640965345e-07, 1.9450518640965345e-07, 0.05712348940866063, 0.26093380354221657, 0.06517622796699256, 0.09221938123027061, 0.0522440877414393, 0.04695224690275306, 0.0648508910484864, 0.18783823092455543, 0.06103908433698838, 0.06435628672556241, 0.04726549149000031,
6, 2.704315637605311e-07, 2.704315637605311e-07, 2.7043156375905537e-07, 2.704315637595473e-07, 0.05705670859253508, 0.26115960384175113, 0.06515276207287514, 0.09218499952393987, 0.05216665939071388, 0.04689657775338272, 0.06482718903561605, 0.18804399115291845, 0.06101175350917865, 0.06428940498312691, 0.04720926775506923,
7, 1.2941449718540104e-06, 1.2941449718540104e-06, 1.2941449718516563e-06, 1.2941449718516563e-06, 0.05698928143550146, 0.2613855186614084, 0.06512883349215422, 0.09214657352167656, 0.0520870533908582, 0.04684140537425538, 0.06480292711488442, 0.18825610818881738, 0.060983773565675, 0.06421966537819451, 0.04715368263394664,
8, 2.353506659037531e-06, 2.35350665903325e-06, 2.35350665903325e-06, 2.35350665903325e-06, 0.05693422906847468, 0.26156815471002776, 0.06511262454111752, 0.09211608196885282, 0.052018452601935765, 0.04679558152969675, 0.06478652132900499, 0.18842735548698006, 0.060964134265842504, 0.0641599802368041, 0.04710746957205704,
9, 1.6211160361369254e-06, 1.6211160361369254e-06, 1.6211160361339767e-06, 1.6211160361369254e-06, 0.05688252985257904, 0.2617720930345587, 0.06508789176724479, 0.092091379858321, 0.0519567987803325, 0.04674425954943228, 0.06476022919976639, 0.1885954746782903, 0.06093828606111992, 0.06410626394462093, 0.04705830814744347,
10, 5.826157063686088e-07, 5.826157063686088e-07, 5.82615706367549e-07, 5.826157063686088e-07, 0.05683708737685208, 0.26199087196728293, 0.06505670307986972, 0.09207255569866302, 0.05190015197369734, 0.04668541053387561, 0.06472620455291575, 0.18875730447392175, 0.060908124537850224, 0.06405889876580019, 0.04700435591537033,
11, 4.165437247761297e-07, 4.165437247761297e-07, 4.16543724775372e-07, 4.16543724775372e-07, 0.05678581876901312, 0.26222261532409086, 0.06502361507826711, 0.09205110161571398, 0.05183878688349487, 0.04662270705090085, 0.06469029165289691, 0.1889324412500137, 0.060876832006684374, 0.06400783823677533, 0.04694628529590414,
12, 5.042683030410033e-07, 5.042683030410033e-07, 5.04268303040086e-07, 5.04268303040086e-07, 0.056741456963348626, 0.26242479407349945, 0.06499629654372992, 0.0920336089853, 0.05178388212633537, 0.0465662681357091, 0.06466024526532306, 0.18908329256167242, 0.06085119200980225, 0.0639624455108837, 0.0468945000884432,
13, 5.578041929743801e-07, 5.578041929733654e-07, 5.578041929733654e-07, 5.578041929733654e-07, 0.05670016689574981, 0.2626237454852404, 0.06496747089618686, 0.09202742232371375, 0.05174061411233656, 0.04651377574318291, 0.06462912863593434, 0.18920618779300885, 0.060815624225252655, 0.0639274761130624, 0.046846155896619446,
14, 2.8175557373575525e-07, 2.8175557373524274e-07, 2.8175557373524274e-07, 2.8175557373524274e-07, 0.056668125657977235, 0.26284394028755376, 0.064932361445214, 0.09202287421445876, 0.05169592554874884, 0.0464526093475942, 0.06459199301267626, 0.18933516537948025, 0.06077398486267619, 0.06389352535195202, 0.046788367206715975,
15, 3.130296057540962e-07, 3.130296057540962e-07, 3.130296057535268e-07, 3.130296057535268e-07, 0.05664141890155868, 0.2630393290107282, 0.06490211140582676, 0.0920213096529013, 0.05165603043486099, 0.046396607103263536, 0.06455979761655341, 0.18944502729798543, 0.06073751968988295, 0.06386388936544704, 0.0467357067388101,
16, 2.3501495978075595e-07, 2.3501495978075595e-07, 2.3501495978032847e-07, 2.3501495978075595e-07, 0.05661374019203063, 0.26324214070210933, 0.06486965790054113, 0.09201791882364072, 0.05161476272006121, 0.04633913188935125, 0.06452551619611616, 0.18956165822529816, 0.06070030126650405, 0.06383294504647981, 0.046681286313449276,
17, 6.287646997301228e-08, 6.287646997301228e-08, 6.287646997289791e-08, 6.287646997289791e-08, 0.05657086003474687, 0.2634576101163507, 0.06483511394489226, 0.09201705969333997, 0.05157398436787674, 0.046281614961916934, 0.06448911701120062, 0.1896833623261799, 0.06066182312684154, 0.06380251895246572, 0.04662668329464782,
18, 1.2964893702333566e-07, 1.2964893702333566e-07, 1.2964893702309981e-07, 1.2964893702309981e-07, 0.05652758241489642, 0.26367295544616365, 0.06480056407782879, 0.09201226511046584, 0.05153131176470877, 0.04622504288178402, 0.06445259886241361, 0.18981143485428179, 0.06062307259427831, 0.06376946305617877, 0.046573189677805944,
19, 2.9907838030303954e-07, 2.9907838030303954e-07, 2.9907838030303954e-07, 2.9907838030303954e-07, 0.05647875883272707, 0.26390187665295356, 0.06476434143652235, 0.09200521478549802, 0.05148428291895002, 0.04616485545799462, 0.06441442147532883, 0.18995280549164903, 0.06058337860184304, 0.0637330615068551, 0.0465158058637555,
20, 3.47551770864918e-07, 3.47551770864918e-07, 3.475517708642858e-07, 3.475517708642858e-07, 0.05639997956154937, 0.2641216035665462, 0.06474349214889738, 0.09198607323438007, 0.05140977006827723, 0.04611282103101711, 0.06439200813037348, 0.1901354453278393, 0.060560151041914236, 0.0636719152388078, 0.04646534978115538,
21, 3.4180438523845865e-07, 3.4180438523845865e-07, 3.4180438523783693e-07, 3.4180438523845865e-07, 0.056324011037670256, 0.26433785353177364, 0.06471701599918402, 0.09196982709972003, 0.0513479708369804, 0.046068333220901266, 0.06436419634969832, 0.19029972187869906, 0.060531046664266695, 0.06361550528920495, 0.046423150211356894,
22, 2.858041526140996e-07, 2.858041526140996e-07, 2.858041526135797e-07, 2.858041526135797e-07, 0.05625137604208916, 0.26455806573885504, 0.06468836294208527, 0.09195489534722183, 0.0512869628717421, 0.046022154742539255, 0.06433424565771277, 0.1904626829437756, 0.06050084638662614, 0.0635601677296452, 0.04637909571780927,
23, 2.1743438707202407e-07, 2.1743438707202407e-07, 2.1743438707202407e-07, 2.1743438707202407e-07, 0.05617768499867818, 0.2647856358920214, 0.06465742139629749, 0.09193789718827773, 0.05122447515486718, 0.04597450594670342, 0.06430213570512026, 0.19063280605931326, 0.0604699264012505, 0.06350337764296896, 0.046333263214046294,
24, 8.273769181562469e-08, 8.273769181562469e-08, 8.273769181562469e-08, 8.273769181562469e-08, 0.056095976315015346, 0.2650405121055206, 0.06462132831640889, 0.09191653874494336, 0.051155415361383405, 0.045920567057121345, 0.06426496967365525, 0.19082723007148525, 0.060435405378799684, 0.06344102602766577, 0.046280699334158834,
25, 1.8224126882386635e-07, 1.8224126882386635e-07, 1.8224126882353487e-07, 1.8224126882353487e-07, 0.05601325770494458, 0.26529307067249935, 0.06458634828327321, 0.09189299028285625, 0.05108488855575925, 0.04586729803805227, 0.06422881632379271, 0.19102504618620136, 0.06040157739662823, 0.06337707123179329, 0.04622890569614425,
26, 1.8084746275914318e-07, 1.8084746275914318e-07, 1.8084746275848527e-07, 1.8084746275881424e-07, 0.0559341657454021, 0.26554523968441096, 0.0645493690982584, 0.09186467641722952, 0.05101755502862083, 0.04581489734863449, 0.0641906191447343, 0.19122540948810482, 0.060366133765781586, 0.06331355908234568, 0.04617765114461697,
27, 6.294065878247486e-08, 6.294065878247486e-08, 6.294065878247486e-08, 6.294065878247486e-08, 0.05585724018678086, 0.26579354785688764, 0.06451231987587501, 0.09183539880876945, 0.05095095011671756, 0.0457639766698869, 0.06415240723110044, 0.19142441150187892, 0.060331457570560285, 0.06325022728462891, 0.04612781047255435,
28, 5.163535562287918e-08, 5.163535562287918e-08, 5.163535562278526e-08, 5.163535562287918e-08, 0.05577999050712454, 0.2660422922845088, 0.06447507944141098, 0.091802450080423, 0.05088255564123538, 0.045713827663195206, 0.0641139056148262, 0.19162998709984008, 0.06029640711685611, 0.06318441531565833, 0.04607888203106331,
29, 3.454085003993455e-07, 3.454085003993455e-07, 3.454085003993455e-07, 3.454085003993455e-07, 0.05570056546015633, 0.2662838422948278, 0.06444140557331034, 0.09176928652719343, 0.050813010654562236, 0.04566437364086594, 0.06407884941219533, 0.19183460508992178, 0.060263948204334124, 0.06311800364735028, 0.04603072719876384,
30, 2.5362688574266626e-07, 2.536268857422049e-07, 2.536268857422049e-07, 2.536268857422049e-07, 0.05562590033970308, 0.2665563632987347, 0.0644065041189492, 0.0917461317828001, 0.050731349982453766, 0.04559374631430437, 0.06404282036346515, 0.19204964669634314, 0.06023075860184236, 0.06305586208660854, 0.04595990124566125,
31, 2.4951031344123295e-07, 2.495103134407791e-07, 2.495103134407791e-07, 2.495103134407791e-07, 0.055553557658195835, 0.26682394087072653, 0.06437157470307434, 0.09172184330545181, 0.050650486318862945, 0.04552483074304398, 0.06400682936507184, 0.19226282304088452, 0.060198542445888764, 0.06299387813392847, 0.04589069471253532,
32, 3.2838350059446035e-07, 3.2838350059446035e-07, 3.2838350059446035e-07, 3.2838350059446035e-07, 0.055483513141404324, 0.26708664471925686, 0.06433661495845688, 0.0916964240126138, 0.05057040660250546, 0.045457607908416305, 0.06397087365286534, 0.19247417297395583, 0.0601672933121936, 0.0629320450883832, 0.045823089435708494,
33, 2.7456545347413667e-07, 2.7456545347363724e-07, 2.7456545347363724e-07, 2.7456545347363724e-07, 0.05541622936787007, 0.2673551844952988, 0.0642983942304617, 0.09166887029095629, 0.050491762350886524, 0.04539007893970178, 0.06393176846100863, 0.19268804240879153, 0.060133264847981364, 0.0628705336614666, 0.04575477202335562,
34, 8.214610781774172e-08, 8.214610781774172e-08, 8.21461078175923e-08, 8.214610781774172e-08, 0.055347708911797446, 0.26763209107275304, 0.06425777318511916, 0.09163925922769289, 0.05041144479516936, 0.04532087351172644, 0.06389038685733868, 0.19290985060498378, 0.06009836106553313, 0.0628074577365371, 0.04568446378570339,
35, 2.151845365575261e-07, 2.151845365575261e-07, 2.151845365575261e-07, 2.151845365575261e-07, 0.05527864810686171, 0.2679089710738454, 0.06421704140045377, 0.09160546663807567, 0.05032897460390359, 0.04525252606891639, 0.06384877812843669, 0.19313896140509576, 0.06006308252525158, 0.0627414989817352, 0.045615189667344846,
36, 2.7690008128231727e-07, 2.7690008128231727e-07, 2.7690008128231727e-07, 2.7690008128231727e-07, 0.05521311962548933, 0.2681854676074542, 0.06417426992007752, 0.09156683259093275, 0.050249741702995676, 0.04518505313560936, 0.06380508468354315, 0.19337075058362213, 0.06002615540462584, 0.06267595998612256, 0.045546456496866075,
37, 6.258373957895835e-08, 6.258373957884451e-08, 6.258373957884451e-08, 6.258373957884451e-08, 0.05515130624947925, 0.2684711969267715, 0.06412591443768413, 0.09153216199484535, 0.050176009420321625, 0.04511711115283203, 0.06375605191249861, 0.19359431302428587, 0.05998388686262528, 0.06261441600721863, 0.045477381013702,
38, 1.8702964213004174e-07, 1.8702964213004174e-07, 1.8702964212936133e-07, 1.8702964212970155e-07, 0.05508737183904056, 0.268749191154734, 0.06408122234828423, 0.09149729949259891, 0.05010117392542399, 0.04504995623068406, 0.06371055846141953, 0.19381671379145385, 0.05994427615895757, 0.06255230762398094, 0.04540918019176212,
39, 1.1277699220598919e-07, 1.1277699220598919e-07, 1.1277699220598919e-07, 1.1277699220598919e-07, 0.055029403361185066, 0.2690513615756298, 0.06403081672375288, 0.09146624867181821, 0.05002613218273184, 0.04497418237338104, 0.06365968806681006, 0.19404181045449856, 0.05989521933961171, 0.06249339411619616, 0.04533129136298985,
40, 3.2277223758361103e-07, 3.2277223758361103e-07, 3.2277223758361103e-07, 3.2277223758361103e-07, 0.05497103104630958, 0.26935395757759467, 0.06398011203711652, 0.09143137376377253, 0.049949169506091975, 0.044899109378085576, 0.06360841880228091, 0.19427370987713355, 0.05984567825758754, 0.0624318961688938, 0.04525425183234236,
41, 3.928652842010737e-07, 3.928652842003591e-07, 3.928652842003591e-07, 3.928652842003591e-07, 0.05491394798578659, 0.2696629851080584, 0.06392775443787384, 0.09140270898546443, 0.04987458532277404, 0.04482174949077022, 0.06355587932155839, 0.19449554717852796, 0.05979449476058888, 0.06237470846343912, 0.04517406681953776,
42, 9.39445836504379e-08, 9.39445836504379e-08, 9.394458365026702e-08, 9.39445836504379e-08, 0.05486162431588548, 0.269998569281358, 0.06387166378236549, 0.0913814104885289, 0.049794352909796905, 0.04472986888606774, 0.06349987766790513, 0.1947223106843104, 0.05974007219055349, 0.06232157630668648, 0.04507829704412641,
43, 1.8798667578284525e-07, 1.8798667578284525e-07, 1.8798667578250332e-07, 1.8798667578284525e-07, 0.054808757174378005, 0.27033400693272713, 0.06381542783433675, 0.09135586627125375, 0.049711944488427244, 0.04463887196839403, 0.0634436126830184, 0.19495637768140442, 0.05968523004227646, 0.06226555115885676, 0.04498360115426917,
44, 1.703741267024305e-07, 1.703741267024305e-07, 1.703741267024305e-07, 1.703741267024305e-07, 0.05475474859493408, 0.2706783723312471, 0.0637566075215522, 0.09132805772812, 0.04962779381135287, 0.04454603947888777, 0.06338490364628897, 0.19519872099709712, 0.05962946139776137, 0.062207909345177885, 0.044886702987721336,
45, 8.781014964581822e-08, 8.781014964581822e-08, 8.78101496456585e-08, 8.78101496456585e-08, 0.0547023931659762, 0.27104283579308214, 0.06369689411520635, 0.09130630267204921, 0.04953647263662058, 0.044440862066052224, 0.06332545802405727, 0.19544687848715397, 0.059572842167036386, 0.06215209606562854, 0.044776612903045306,
46, 3.196366688166212e-07, 3.196366688166212e-07, 3.196366688166212e-07, 3.196366688166212e-07, 0.05464891935115108, 0.271404327731871, 0.06363841721898507, 0.09128203693997478, 0.04944345899606348, 0.04433650615357362, 0.06326713338084149, 0.19569899868008997, 0.059516977930946895, 0.062094461315968554, 0.044667483090911196,
47, 4.265964801200943e-07, 4.265964801200943e-07, 4.265964801193183e-07, 4.265964801200943e-07, 0.05460366686895554, 0.27173578186063585, 0.06358471443004643, 0.09126231423294706, 0.049357725889070225, 0.044239256433090804, 0.06321372140358204, 0.19592565377368992, 0.059467047471990636, 0.062042983654235995, 0.04456542693240442,
48, 3.925942881154332e-07, 3.9259428811471906e-07, 3.9259428811400496e-07, 3.9259428811400496e-07, 0.054557311893905835, 0.2720901803560738, 0.06352241742223054, 0.09124592344674504, 0.04927818493525729, 0.04413661933864925, 0.06315006646387966, 0.19615112548035823, 0.05941047162166556, 0.06199542365680516, 0.044460704343885056,
49, 4.045044538000941e-07, 4.045044537993583e-07, 4.045044537993583e-07, 4.045044537993583e-07, 0.054513028255569494, 0.27243974784388997, 0.06346011285492001, 0.09122846922333974, 0.04919941117650748, 0.04403574648631197, 0.06308646403031566, 0.1963749470213082, 0.059354776212979486, 0.06194799674462805, 0.04435768146816418,
50, 8.680508668648351e-07, 8.680508668648351e-07, 8.680508668632561e-07, 8.680508668648351e-07, 0.05446298669963898, 0.27280503413468976, 0.06339556920924225, 0.09120841221876047, 0.04911563349670879, 0.04393047102633114, 0.06302063599379146, 0.19661339227548524, 0.05929765647125546, 0.061896822720174854, 0.044249912885654503,
51, 1.4689623526769789e-06, 1.4689623526769789e-06, 1.4689623526769789e-06, 1.4689623526769789e-06, 0.054416790840383734, 0.2731822625492423, 0.06332451485469343, 0.09119262984829526, 0.04903732758352795, 0.043823942316479646, 0.06294857133645833, 0.19684300343594252, 0.05923433206631078, 0.06184976335684658, 0.044140985298222746,
52, 1.8016229617270126e-06, 1.8016229617270126e-06, 1.8016229617270126e-06, 1.8016229617270126e-06, 0.054376379073204126, 0.2735771567345728, 0.06324759180815649, 0.09118309959856961, 0.0489642713559586, 0.043714112432771825, 0.06287105150375306, 0.19706310278656425, 0.05915913527908047, 0.06180903841288935, 0.04402785385892816,
53, 6.7525254134033e-07, 6.7525254134033e-07, 6.752525413391017e-07, 6.752525413391017e-07, 0.05433207502170598, 0.27397544669596147, 0.0631696308384614, 0.09118642936308073, 0.04890213142680819, 0.043609084704648124, 0.06279289533650358, 0.1972581895637877, 0.05907392152137154, 0.06177857761067765, 0.04391891624254393,
54, 9.46641799150874e-08, 9.466417991491521e-08, 9.466417991491521e-08, 9.466417991491521e-08, 0.054279154569236605, 0.2744088901453415, 0.06308484886295383, 0.09118460528538831, 0.048832415919615686, 0.04349552980321467, 0.06270803731034402, 0.1974799132268734, 0.058983464189389684, 0.061741961053170556, 0.043800800313585915,
55, 3.2992789155914033e-07, 3.299278915585402e-07, 3.299278915585402e-07, 3.299278915585402e-07, 0.054223640999161805, 0.27483040901841643, 0.06300483445960589, 0.09118251692908837, 0.04876145322597714, 0.043383219010001514, 0.06262778915129084, 0.19769947177481903, 0.058896603393454094, 0.06170467283809214, 0.04368406882475078,
56, 7.652301828039996e-08, 7.652301828039996e-08, 7.652301828039996e-08, 7.652301828039996e-08, 0.054173249712515165, 0.2752606912853643, 0.06291971340300885, 0.09117736463773876, 0.048694222215276035, 0.043270249662822426, 0.06254259917808218, 0.19792105795013132, 0.05880556232120758, 0.06166907497208157, 0.043565907905997535,
57, 2.480617645898316e-07, 2.480617645898316e-07, 2.480617645893804e-07, 2.480617645893804e-07, 0.05412159988257327, 0.27568691120350614, 0.0628361338678859, 0.09116930957808371, 0.04862514740224928, 0.043158336312362926, 0.06245881365403538, 0.19814687902182124, 0.05871549580963074, 0.061631400242328674, 0.04344898011539612,
58, 2.6321918190435483e-07, 2.6321918190435483e-07, 2.6321918190435483e-07, 2.6321918190435483e-07, 0.05407272938582872, 0.2761086514428502, 0.06274692631333795, 0.09116432968282026, 0.04856886407994471, 0.04305514289947972, 0.06236964116272552, 0.1983530096354807, 0.05861948593420096, 0.061598478361071345, 0.04334168756272051,
59, 1.1235884853421936e-07, 1.1235884853421936e-07, 1.1235884853401499e-07, 1.1235884853421936e-07, 0.05403207280860261, 0.27649813415617364, 0.06266311144398051, 0.0911637708011156, 0.048519152498225485, 0.042959069918574705, 0.06228600626200955, 0.1985350999750509, 0.05853025748081793, 0.06157140692777358, 0.043241467629295094,
60, 1.7721845578208707e-07, 1.7721845578208707e-07, 1.7721845578208707e-07, 1.7721845578208707e-07, 0.05399114338620798, 0.2768882522479044, 0.06257891888526208, 0.0911596370781915, 0.04846776088854303, 0.04286369395559899, 0.062201900457347886, 0.19872338497397976, 0.05844049809907351, 0.061542011154668994, 0.04314208933634335,
61, 9.395254806950483e-08, 9.395254806950483e-08, 9.395254806933393e-08, 9.395254806933393e-08, 0.053953212928384675, 0.27728648386558996, 0.062490754831270805, 0.09115334977300193, 0.04841792017792698, 0.042767727913715636, 0.06211397107076918, 0.19891421319625996, 0.05834726687006698, 0.061513111362510656, 0.04304161153692778,
62, 5.357915599046481e-07, 5.357915599046481e-07, 5.357915599046481e-07, 5.357915599046481e-07, 0.05391318619987998, 0.2776757889735932, 0.06240640809684942, 0.0911467657248656, 0.04836696745666927, 0.04267263184977741, 0.06202972821293098, 0.19910380381941606, 0.05825689778431032, 0.0614835702861798, 0.04294210776631136,
63, 7.002042231725779e-07, 7.002042231725779e-07, 7.002042231713042e-07, 7.002042231725779e-07, 0.053856550948306124, 0.2780238105217695, 0.06233864724683292, 0.09111814835166725, 0.048299470854350574, 0.042593324371026524, 0.061962455005129397, 0.19932939459308324, 0.05818481231389764, 0.061432847247420146, 0.04285773706702613,
64, 1.1515981669974199e-06, 1.1515981669974199e-06, 1.1515981669974199e-06, 1.1515981669974199e-06, 0.05380195581273976, 0.27836691565849697, 0.06227082286418773, 0.09108840942944514, 0.04823262333582565, 0.042515565318481795, 0.061895175423571876, 0.19955327657346517, 0.05811359238545084, 0.06138219347619255, 0.042774862666341035,
65, 4.955387227490727e-07, 4.955387227490727e-07, 4.955387227481713e-07, 4.955387227490727e-07, 0.05376499612602294, 0.2786693922314606, 0.06220903342469572, 0.09107255478811994, 0.04818108909798247, 0.042443565953401374, 0.06183358399540749, 0.19972800636758103, 0.058049331715781353, 0.06134696610517222, 0.04269949737633598,
66, 1.242400712503975e-07, 1.242400712503975e-07, 1.242400712503975e-07, 1.242400712503975e-07, 0.05373111627527198, 0.27898553685880867, 0.062142904398119675, 0.09105897321444038, 0.048129181928063716, 0.04236676267721089, 0.061767815757975054, 0.19990363988538457, 0.057980928952875765, 0.06131351328720693, 0.04261912914095578,
67, 3.284643826990233e-07, 3.284643826990233e-07, 3.284643826990233e-07, 3.284643826990233e-07, 0.053695266926257465, 0.27929396213424784, 0.0620801253165733, 0.09104511871356284, 0.04807623368112792, 0.042290652699210105, 0.061705279514440776, 0.200078051275501, 0.05791499391979427, 0.061279459969121375, 0.04253954133006868,
68, 1.8972785047034398e-07, 1.8972785047034398e-07, 1.8972785047034398e-07, 1.8972785047034398e-07, 0.05364416321541984, 0.2795668169700435, 0.06203225069282948, 0.09101050433444707, 0.04800792062714611, 0.042228799898030876, 0.06165800411455006, 0.2002862013274237, 0.05786544727749792, 0.06122558780596299, 0.04247354416246656,
69, 5.660118013807676e-08, 5.660118013807676e-08, 5.660118013807676e-08, 5.660118013807676e-08, 0.05360383710615658, 0.27983612096457827, 0.061983857681749466, 0.09097825546317176, 0.047941202090997774, 0.042164488202463, 0.061610275355437845, 0.20048637769212296, 0.05781632952189503, 0.06117414686924966, 0.042404881984609066,
70, 7.49926195803626e-08, 7.49926195803626e-08, 7.49926195802262e-08, 7.49926195802262e-08, 0.053562535815117954, 0.2801028910532512, 0.06193665569958517, 0.0909437253094197, 0.04787301480659302, 0.04210090043481948, 0.06156363083326399, 0.2006902419350734, 0.05776796390583799, 0.061121081368743814, 0.04233705820500112,
71, 7.722069740805697e-08, 7.72206974079165e-08, 7.72206974079165e-08, 7.72206974079165e-08, 0.053522714668434244, 0.28036401096883456, 0.06188706433073547, 0.0909118965665114, 0.04781373654922633, 0.042042766706699014, 0.06151471007653369, 0.2008791093022698, 0.057716557530899215, 0.06107184474575035, 0.04227527900785729,
72, 2.5236895284130974e-07, 2.5236895284130974e-07, 2.5236895284130974e-07, 2.5236895284130974e-07, 0.05348256424318531, 0.28062557420194717, 0.06183722678550041, 0.09087639166784416, 0.04775269959144135, 0.041985318226234664, 0.061465448329364875, 0.20107454251149243, 0.057664721704164035, 0.0610201806562921, 0.042214321943958695,
73, 4.0600861809068926e-07, 4.0600861809068926e-07, 4.0600861808995075e-07, 4.0600861809068926e-07, 0.053441361774992084, 0.2808950801780802, 0.06178494357079828, 0.09083864897666746, 0.04769009670365197, 0.04192628951345369, 0.06141387735172539, 0.20127763436409105, 0.057612005254791085, 0.06096697766209348, 0.0421514599532262,
74, 5.411245651746691e-07, 5.411245651746691e-07, 5.411245651746691e-07, 5.411245651746691e-07, 0.05336709323130982, 0.28115800386905626, 0.06174816163993719, 0.09078814710617726, 0.047596332456282996, 0.041874680503573736, 0.061378211003201004, 0.20153061152206445, 0.05757590845004002, 0.0608859583115788, 0.042094726747210445,
75, 8.732389948314894e-07, 8.732389948314894e-07, 8.732389948314894e-07, 8.732389948314894e-07, 0.05328406089129937, 0.2814503822776617, 0.06170563773825499, 0.090732092175819, 0.047494704373934375, 0.04181626278471775, 0.0613369336410491, 0.2018119097792761, 0.05753565804465033, 0.06079825387025546, 0.042030610804544885,
76, 1.3223148049994732e-06, 1.3223148049994732e-06, 1.3223148049970678e-06, 1.3223148049994732e-06, 0.05320498788263201, 0.28173826602900187, 0.06166205613311558, 0.09068848080838961, 0.047406240937696915, 0.041762137278496224, 0.06129501759231314, 0.2020590206285258, 0.05748580170408038, 0.06072228727276418, 0.04197041381170884,
77, 7.786137521937269e-07, 7.786137521937269e-07, 7.786137521923106e-07, 7.786137521923106e-07, 0.05310840314845813, 0.28202632527244975, 0.061623101552483635, 0.09063932535538041, 0.04730827144226291, 0.04171268156170821, 0.06125800375907825, 0.20232831955025163, 0.05744187041840597, 0.06063623498578231, 0.04191434783612147,
78, 2.1532545177138544e-07, 2.1532545177099377e-07, 2.153254517706021e-07, 2.153254517706021e-07, 0.05302724660457688, 0.28226125756757753, 0.06159399896750561, 0.09060049273656526, 0.04722385097519066, 0.04167383305512242, 0.06123091288545977, 0.20254723061710253, 0.05740838465686077, 0.06056280468616675, 0.0418691252829614,
79, 2.748028927502116e-07, 2.748028927502116e-07, 2.7480289274971173e-07, 2.7480289274971173e-07, 0.052945603304657335, 0.2824961869429938, 0.061564541183618836, 0.09055780633037779, 0.04713748910840132, 0.04163555823123455, 0.061203374980186194, 0.20277261927714074, 0.05737436564084501, 0.0604867463110861, 0.041824608815595084,
80, 1.1062693441667418e-07, 1.1062693441667418e-07, 1.1062693441647296e-07, 1.1062693441667418e-07, 0.052878169888689694, 0.28268212745560234, 0.061544322336024325, 0.09052483970897192, 0.04706362376459368, 0.04160715801102031, 0.06118515465106667, 0.20295146167936387, 0.05735013360697592, 0.06042241350296979, 0.041790152224717665,
81, 2.237466199096959e-07, 2.237466199096959e-07, 2.237466199096959e-07, 2.237466199096959e-07, 0.05281036697376668, 0.2828683267017197, 0.06152387533307733, 0.09048823466530939, 0.046987974764977306, 0.04157941304181746, 0.06116661646099175, 0.20313669176846919, 0.05732549485200555, 0.06035563293334564, 0.041756476854988706,
82, 4.2538722668591994e-07, 4.2538722668591994e-07, 4.2538722668591994e-07, 4.2538722668591994e-07, 0.05274471345105469, 0.2830501951763781, 0.06150338275761291, 0.09045056274398526, 0.046913025646620796, 0.04155308987864796, 0.06114809039041851, 0.20332033123391113, 0.05730176103209419, 0.060288992580888295, 0.04172415289674133,
83, 5.463401181670436e-07, 5.463401181660498e-07, 5.463401181660498e-07, 5.463401181660498e-07, 0.052681623715313666, 0.28323729637197387, 0.06147986961874836, 0.09041081537488624, 0.046839386110111944, 0.041526517222745585, 0.06112665189198079, 0.2035063522380695, 0.05727544527970101, 0.06022263276287598, 0.04169122338849369,
84, 6.976517776305222e-07, 6.976517776305222e-07, 6.976517776292531e-07, 6.976517776305222e-07, 0.05262119305039142, 0.2834350030393358, 0.061452926308651956, 0.09037293905932732, 0.04676531534973363, 0.04149625850756919, 0.061101918457966316, 0.20369358541994254, 0.05724589804520019, 0.06015769942256393, 0.04165447206865867,
85, 1.7639173454752164e-07, 1.7639173454752164e-07, 1.7639173454687994e-07, 1.7639173454720078e-07, 0.0525602219349511, 0.2836498019517048, 0.06141626786024781, 0.09033705980606078, 0.04670068820313156, 0.0414676006130932, 0.061067000552427836, 0.20387603817139288, 0.0572080556098359, 0.06009593184595477, 0.04162062721916847,
86, 1.690986871298441e-07, 1.6909868712953648e-07, 1.6909868712953648e-07, 1.6909868712953648e-07, 0.05249886276323516, 0.2838646835199346, 0.06137927123915157, 0.09029751190024296, 0.046634301989625176, 0.04143952327385724, 0.06103165570080822, 0.20406459006964586, 0.05716971472500533, 0.060031721115246996, 0.041587486643967775,
87, 9.781981996157153e-08, 9.781981996157153e-08, 9.781981996139358e-08, 9.781981996139358e-08, 0.05243873720374863, 0.28409711716149855, 0.06134205374545654, 0.0902640854776225, 0.046559972855444595, 0.04140003186452891, 0.06099623973967844, 0.20425905549326026, 0.05713120037455625, 0.05996894153961393, 0.04154217260098625,
88, 3.411291066223773e-08, 3.411291066223773e-08, 3.411291066223773e-08, 3.411291066223773e-08, 0.0523845427588141, 0.28430427589387736, 0.061310020937520714, 0.09023436509561023, 0.046491066839289365, 0.04136552485383653, 0.06096604222082139, 0.2044328481870975, 0.05709809847552202, 0.059911147013634404, 0.04150193060873819,
89, 1.146991911265564e-07, 1.146991911265564e-07, 1.146991911265564e-07, 1.146991911265564e-07, 0.05232922608001245, 0.28450866709057576, 0.0612793593689572, 0.09020203567477177, 0.04642048201069309, 0.04133183156101713, 0.06093709338275859, 0.20461090320559366, 0.057065846642503075, 0.05985146135343639, 0.041462634169137105,
90, 5.252331522068703e-08, 5.252331522068703e-08, 5.252331522068703e-08, 5.252331522068703e-08, 0.05227702559075086, 0.28471359722680306, 0.06124678729649847, 0.090165917904709, 0.046352655643692266, 0.04129867847458018, 0.06090622954677038, 0.20479093658763087, 0.05703201791431475, 0.059792401089945386, 0.04142354196683512,
91, 5.271464791582125e-08, 5.2714647915725356e-08, 5.2714647915725356e-08, 5.2714647915725356e-08, 0.05222452919599014, 0.28491894752731634, 0.06121403395030518, 0.09012623194510005, 0.046283130460605525, 0.04126622625396374, 0.06087509367953186, 0.20497750528183775, 0.056997829949440595, 0.05973098282147492, 0.04138527741219537,
92, 3.076974644774955e-07, 3.076974644774955e-07, 3.076974644774955e-07, 3.076974644774955e-07, 0.052170167132197395, 0.2851179893917922, 0.061184404040681595, 0.09008640018723009, 0.04621261773805276, 0.04123432487628, 0.0608469676203674, 0.2051632903587727, 0.05696591547970022, 0.05966905259877872, 0.0413476391225085,
93, 1.867932241255492e-07, 1.867932241255492e-07, 1.8679322412520943e-07, 1.867932241255492e-07, 0.05212167787357801, 0.28533204869813134, 0.061148505774005886, 0.09005224816454378, 0.04614683085495267, 0.04119555602885868, 0.06081136165266707, 0.20534245582974134, 0.05692979953597459, 0.0596131811554686, 0.04130558659401612,
94, 5.704460001215633e-08, 5.704460001215633e-08, 5.704460001215633e-08, 5.704460001215633e-08, 0.0520747585389927, 0.28556211913500745, 0.06111190053079633, 0.09002372375919078, 0.04607475343940107, 0.04114663951700735, 0.060775192623996485, 0.2055258963664139, 0.056892999229423875, 0.05955904424253253, 0.04125274377368374,
95, 1.7280442145667465e-07, 1.7280442145667465e-07, 1.7280442145636032e-07, 1.7280442145667465e-07, 0.05202600315389291, 0.28578563334824775, 0.061078463257706626, 0.0899950648737454, 0.04600172789749812, 0.04109833535419405, 0.060742080480374834, 0.20570847778497167, 0.05685850957929218, 0.0595044224090028, 0.041200589978385396,
96, 2.0769639611917244e-07, 2.0769639611917244e-07, 2.0769639611841686e-07, 2.0769639611879467e-07, 0.051979244859473736, 0.2860051896021823, 0.061045015842242034, 0.089965461372481, 0.0459294177306123, 0.04105146111964133, 0.06070901115585677, 0.2058897321237698, 0.05682485280913254, 0.0594499732513602, 0.04114980868288471,
97, 9.359070324458483e-07, 9.359070324458483e-07, 9.359070324424434e-07, 9.359070324441459e-07, 0.051931972785469474, 0.286224890323115, 0.06101116070815409, 0.08993203472408487, 0.04585515710839046, 0.04100508609020683, 0.06067544259002925, 0.2060773047027311, 0.05679061771151494, 0.05939293656292612, 0.04109965240090346,
98, 9.203844016497853e-07, 9.203844016497853e-07, 9.203844016481111e-07, 9.203844016481111e-07, 0.05188427251597687, 0.2864617398126662, 0.06096771364900158, 0.08990062669523159, 0.04579020671785631, 0.040960315524044416, 0.06063180675001652, 0.20625997701250806, 0.05674820318539163, 0.05933905320456488, 0.041052402731977855,
99, 9.94732907277221e-08, 9.947329072754116e-08, 9.947329072754116e-08, 9.947329072754116e-08, 0.05182552517917054, 0.2867140705019423, 0.06092109821092907, 0.08987592384381803, 0.04572889594759686, 0.040915759793801486, 0.06058520615422855, 0.20643891464796355, 0.056700168479212235, 0.05928915970066747, 0.04100487898415531,
100, 1.7087284804016363e-08, 1.7087284804016363e-08, 1.7087284804016363e-08, 1.7087284804016363e-08, 0.051764868814752396, 0.28695905226095747, 0.06087759955168133, 0.08985093489071545, 0.045666574699340864, 0.04087173485796901, 0.0605416124420035, 0.20661650350007957, 0.056654399004056194, 0.05923868894698676, 0.040957962019237584,
101, 1.9100510776879372e-08, 1.9100510776879372e-08, 1.9100510776879372e-08, 1.9100510776879372e-08, 0.05170192020392518, 0.2871954670984601, 0.06083832179924165, 0.08982597415527899, 0.04560317433262432, 0.040828579593727814, 0.06050209862972445, 0.2067928611079773, 0.05661175368457, 0.05918775908729109, 0.04091201324140822,
102, 1.409582304478273e-07, 1.409582304478273e-07, 1.409582304475709e-07, 1.409582304475709e-07, 0.05163664972840624, 0.2874234506528611, 0.060803209818929026, 0.08980101965468634, 0.04553866566086346, 0.040786265059928176, 0.060466610807653594, 0.20696803364957667, 0.05657218559672732, 0.05913634294274103, 0.04086700193029194,
103, 1.8831111706372861e-07, 1.8831111706372861e-07, 1.8831111706372861e-07, 1.8831111706372861e-07, 0.051573959599592045, 0.28764775886323135, 0.060762657646268516, 0.08977953043668854, 0.04548699049604778, 0.04075190440376964, 0.060425916245365786, 0.2071231339121974, 0.056526881528023744, 0.05908979524164035, 0.0408307177191434,
104, 8.973340311214214e-08, 8.973340311214214e-08, 8.973340311181569e-08, 8.973340311214214e-08, 0.051513957337939, 0.2878834668845939, 0.06071859754074456, 0.08976000459341846, 0.0454349436049352, 0.04071380663697242, 0.06038184497982887, 0.20727947322611698, 0.05647825344466713, 0.059044714465450315, 0.04079057768981416,
105, 1.9850051625648394e-07, 1.9850051625648394e-07, 1.9850051625648394e-07, 1.9850051625648394e-07, 0.05145361901860877, 0.2881194946427262, 0.06067430656707975, 0.08973690816895377, 0.04538122478192122, 0.040676370935353985, 0.06033745007077185, 0.20744209683791293, 0.056429214620328065, 0.05899729414801831, 0.04075122554398952,
106, 5.2154990512730136e-08, 5.2154990512730136e-08, 5.2154990512730136e-08, 5.2154990512730136e-08, 0.0513779364070826, 0.2883691725032804, 0.06062797375201824, 0.08971622759894822, 0.04532756401127189, 0.04063898653045172, 0.06029098508324604, 0.2076104255637335, 0.05637876671816668, 0.05894995785133821, 0.040711794697181544,
107, 1.7773590520156552e-07, 1.7773590520156552e-07, 1.7773590520124221e-07, 1.7773590520124221e-07, 0.05130027187532116, 0.28861152380147737, 0.06058513182453376, 0.08969538728939774, 0.04527288560044117, 0.040602260078836085, 0.060247891508898414, 0.20777784624429402, 0.05633089250416762, 0.058902098637285134, 0.04067309902901872,
108, 4.5029336969206035e-08, 4.5029336969206035e-08, 4.5029336969206035e-08, 4.5029336969206035e-08, 0.05123508188021091, 0.28881027339646653, 0.06055057958223988, 0.08968266899603507, 0.045228186522862854, 0.04057420402383251, 0.060213214981295074, 0.2079067476298404, 0.056291958334746664, 0.05886380757731721, 0.040643096294130765,
109, 1.4304004305100762e-07, 1.4304004305100762e-07, 1.4304004305074742e-07, 1.4304004305074742e-07, 0.051168777374120414, 0.2890061646189541, 0.06051736398539397, 0.08966737437436204, 0.04518188765320499, 0.0405469288273191, 0.06017975598868546, 0.20803964112856216, 0.056253851706694905, 0.05882368368676778, 0.04061399783294506,
110, 3.7452053547550855e-07, 3.7452053547550855e-07, 3.7452053547550855e-07, 3.7452053547550855e-07, 0.05109697883127454, 0.28921493346708727, 0.0604824277245696, 0.08964971489087165, 0.04513144822507958, 0.040516452279996444, 0.06014459772739416, 0.2081855669327158, 0.0562147060780079, 0.058780247579657184, 0.04058142751873255,
111, 7.944244753282308e-08, 7.944244753282308e-08, 7.944244753267857e-08, 7.944244753267857e-08, 0.05102024629343127, 0.2894245521677697, 0.06045321496662786, 0.08962906715424873, 0.04506735196349683, 0.040483155681002636, 0.06011551195069765, 0.20835058764599257, 0.05618287281450688, 0.05872804944211341, 0.040545071487022674,
112, 4.422750798253837e-07, 4.422750798253837e-07, 4.422750798253837e-07, 4.422750798253837e-07, 0.05094101940654361, 0.2896256435656351, 0.06042791404752997, 0.08960821707732275, 0.045001994711846446, 0.04045051993800758, 0.06009019900628322, 0.2085141834370566, 0.05615387594162663, 0.05867519374383182, 0.04050946936049121,
