Optimize time:0.49675330738226575
Begin Prob:-27434.74601543802
End Prob:-26519.630990288766
Substitution parameters:[0.2672647581123937, 0.20214846683566426, 0.21340574297120435, 0.31718103208073767, 6.311388117675669]
Trees:
(1:755.8016479430232,(2:779.24441111629,(4:755.8016479430232,3:763.9322585681878):798.9984034187966):771.0781120237401);
(1:763.9322585681878,(4:755.8016479430232,(2:755.8016479430232,3:755.8016479430232):755.8016479430232):769.5397987371156);
(1:1.07095,(3:0.354863,(2:755.8016479430232,4:0.318547):1e-06):1.07095);

Position, Posteriors1, Posteriors2, Posteriors3,
0, 0.19677121607884646, 0.19677121607884646, 0.6064575675405678,
1, 0.1549706927140493, 0.1549706927140493, 0.6900586142704589,
2, 0.1986396317435661, 0.1986396317435661, 0.6027207362107273,
3, 0.46994164912643577, 0.46994164912643577, 0.06011670144641779,
4, 0.37532594617786835, 0.37532594617786835, 0.2493481073410472,
5, 0.17903284628561464, 0.17903284628561464, 0.6419343071257708,
6, 0.14656229161732104, 0.14656229161732104, 0.7068754164617925,
7, 0.47600701016551095, 0.47600701016551095, 0.04798597936490834,
8, 0.4580448099770253, 0.4580448099770253, 0.08391037973950036,
9, 0.4267018987739716, 0.4267018987739716, 0.14659620214641264,
10, 0.44783665004599404, 0.44783665004599404, 0.10432669960341438,
11, 0.3606685160497896, 0.3606685160497896, 0.2786629675939812,
12, 0.19440615994487714, 0.19440615994487714, 0.6111876798039984,
13, 0.15160047669198887, 0.15160047669198887, 0.6967990463113056,
14, 0.16846386288677823, 0.16846386288677823, 0.6630722739219242,
15, 0.3381477601637807, 0.3381477601637807, 0.32370447936856445,
16, 0.3854863169227044, 0.3854863169227044, 0.2290273658474893,
17, 0.33689658945472434, 0.33689658945472434, 0.3262068207831738,
18, 0.12991805567955741, 0.12991805567955741, 0.7401638883353495,
19, 0.1339820379535344, 0.13398203795304695, 0.7320359237867654,
20, 0.14546679689219624, 0.14546679689219624, 0.7090664059094537,
21, 0.32054915863316386, 0.32054915863316386, 0.3589016824292414,
22, 0.2827250568463581, 0.2827250568463581, 0.4345498860019862,
23, 0.20336865054841455, 0.20336865054841455, 0.5932626985995266,
24, 0.25000176198839863, 0.25000176198839863, 0.49999647571945555,
25, 0.3865636744293827, 0.3865636744293827, 0.2268726508373783,
26, 0.48820017844744534, 0.48820017844744534, 0.023599642801271404,
27, 0.47545383274422415, 0.47545383274422415, 0.04909233420654293,
28, 0.489186205048465, 0.489186205048465, 0.02162758959697952,
29, 0.4084591973928418, 0.4084591973928418, 0.18308160490642122,
30, 0.09997407083886042, 0.09997407083886042, 0.8000518580106694,
31, 0.11184485080219228, 0.11184485080219228, 0.7763102980843818,
32, 0.29647470127712483, 0.29647470127712483, 0.4070505971347326,
33, 0.3089523809590949, 0.3089523809590949, 0.3820952377706636,
34, 0.17885407653685978, 0.1788540765362091, 0.6422918466158236,
35, 0.13692282733444724, 0.13692282733444724, 0.7261543450195387,
36, 0.23255500278217903, 0.23255500278217903, 0.5348899941254487,
37, 0.17141524191129165, 0.17141524191129165, 0.6571695158686383,
38, 0.22038959931413052, 0.22038959931413052, 0.5592208010638581,
39, 0.4400083313292352, 0.4400083313276345, 0.11998333703391001,
40, 0.48772488890232824, 0.4877248889005539, 0.02455022188595401,
41, 0.4197326948573288, 0.4197326948573288, 0.1605346099759637,
42, 0.42006888907418843, 0.42006888907266027, 0.1598622215450357,
43, 0.39935129995658863, 0.39935129995658863, 0.20129739977638303,
44, 0.1485700386656264, 0.1485700386656264, 0.7028599223616059,
45, 0.2382273310323071, 0.2382273310323071, 0.5235453376269456,
46, 0.0854925675944318, 0.0854925675944318, 0.829014864503267,
47, 0.05475830751428611, 0.05475830751428611, 0.8904833846649735,
48, 0.1704906660849778, 0.1704906660849778, 0.6590186675207563,
49, 0.11686445488870055, 0.11686445488870055, 0.7662710899120136,
50, 0.14834166928018044, 0.14834166928018044, 0.703316661129481,
51, 0.2907972700302369, 0.2907972700302369, 0.41840545963043524,
52, 0.47706395258789963, 0.47706395258789963, 0.04587209451450382,
53, 0.39084277352593766, 0.3908427735245158, 0.21831445263914637,
54, 0.35512940047537206, 0.35512940047537206, 0.2897411987380922,
55, 0.2363722246692533, 0.2363722246692533, 0.5272555503501953,
56, 0.38839432580218797, 0.38839432580218797, 0.22321134808425205,
57, 0.47085431764794206, 0.47085431764794206, 0.05829136439431928,
58, 0.27505594255374594, 0.27505594255374594, 0.4498881145858583,
59, 0.08141204774323028, 0.08141204774323028, 0.8371759042062978,
60, 0.07345210057374094, 0.07345210057374094, 0.8530957985457135,
61, 0.2030807506904239, 0.2030807506904239, 0.5938384983136262,
62, 0.14263153362586473, 0.14263153362586473, 0.7147369324421221,
63, 0.12359875413614818, 0.12359875413569853, 0.7528024914232065,
64, 0.09241217425430505, 0.09241217425430505, 0.8151756511869761,
65, 0.269621859224198, 0.269621859224198, 0.46075628124814605,
66, 0.32512955825608586, 0.32512955825490303, 0.34974088318370083,
67, 0.25158131524754224, 0.25158131524754224, 0.4968373692019186,
68, 0.09524858969674656, 0.09524858969674656, 0.8095028203031006,
69, 0.0715335497322418, 0.0715335497322418, 0.8569329002337209,
70, 0.1866626669305345, 0.1866626669305345, 0.626674665836063,
71, 0.44176381551231186, 0.44176381551231186, 0.1164723686739653,
72, 0.20000731881755202, 0.20000731881755202, 0.5999853620646812,
73, 0.110449277398809, 0.110449277398809, 0.7791014449012176,
74, 0.08158875027326923, 0.08158875027326923, 0.8368224991520189,
75, 0.3172099071329807, 0.3172099071329807, 0.3655801854348078,
76, 0.3205589499653025, 0.3205589499653025, 0.3588820997699944,
77, 0.1518458725703346, 0.1518458725703346, 0.6963082545591504,
78, 0.09463030564089794, 0.09463030564089794, 0.8107393884181603,
79, 0.1543383854070534, 0.1543383854070534, 0.6913232288850184,
80, 0.28653473102779436, 0.28653473102779436, 0.42693053764575645,
81, 0.24731886723426783, 0.24731886723426783, 0.5053622652314408,
82, 0.45473842644407475, 0.45473842644407475, 0.09052314681310115,
83, 0.16631458853426506, 0.16631458853426506, 0.6673708226292872,
84, 0.09011061584998543, 0.09011061584998543, 0.8197787679994216,
85, 0.12048681466113408, 0.12048681466113408, 0.7590263703770236,
86, 0.1337301587731229, 0.1337301587731229, 0.7325396821554192,
87, 0.19252493637654777, 0.19252493637654777, 0.6149501269488415,
88, 0.29627153103851783, 0.29627153103851783, 0.40745693762518237,
89, 0.2789718588578035, 0.2789718588578035, 0.44205628198982944,
90, 0.15819910034690904, 0.15819910034690904, 0.6836017990117534,
91, 0.08819227413099043, 0.08819227413099043, 0.8236154514407288,
92, 0.13138206701605665, 0.13138206701605665, 0.7372358656717631,
93, 0.41228892553501933, 0.41228892553501933, 0.1754221486338312,
94, 0.4262793717967269, 0.4262793717967269, 0.14744125611037942,
95, 0.2309135205292343, 0.2309135205292343, 0.5381729586451471,
96, 0.2844840599580508, 0.2844840599580508, 0.43103187978791024,
97, 0.16505533211997678, 0.16505533211997678, 0.6698893354640215,
98, 0.12476773127688354, 0.12476773127688354, 0.7504645371486927,
99, 0.4707759022840547, 0.4707759022840547, 0.05844819513694243,
100, 0.42286618581242996, 0.42286618581242996, 0.15426762808287123,
101, 0.20886772151714553, 0.20886772151714553, 0.5822645566717134,
102, 0.34181652537937257, 0.34181652537937257, 0.3163669489458784,
103, 0.14913466990683008, 0.14913466990683008, 0.7017306598896772,
104, 0.2882256592965899, 0.2882256592965899, 0.42354868110938615,
105, 0.20518602927854535, 0.20518602927854535, 0.5896279411463988,
106, 0.35288060781952313, 0.35288060781952313, 0.2942387840626493,
107, 0.19978143339833418, 0.1997814333976074, 0.6004371329078236,
108, 0.28541315777933524, 0.28541315777933524, 0.429173684145557,
109, 0.23647278426491847, 0.23647278426491847, 0.5270544311740785,
110, 0.07310763856588472, 0.07310763856561875, 0.8537847225713742,
111, 0.1278803082164417, 0.1278803082164417, 0.7442393832717458,
112, 0.32497281892569185, 0.32497281892569185, 0.3500543618528723,
113, 0.37684904184024076, 0.37684904184024076, 0.24630191602239485,
114, 0.3921113424152816, 0.3921113424138551, 0.2157773148762975,
115, 0.3983013310449236, 0.3983013310449236, 0.20339733761626277,
116, 0.1859015931241593, 0.1859015931241593, 0.6281968134582909,
117, 0.1021654052598209, 0.1021654052598209, 0.7956691891845707,
118, 0.1531460791427592, 0.1531460791427592, 0.6937078414211307,
119, 0.26579438763510727, 0.2657943876341403, 0.4684112244363176,
120, 0.1764599915461568, 0.17645999154551484, 0.6470800166155265,
121, 0.15838465372092406, 0.15838465372034785, 0.683230692263057,
122, 0.26035992314652534, 0.26035992314652534, 0.47928015341177954,
123, 0.1470060340347958, 0.1470060340347958, 0.7059879316359149,
124, 0.1380105110257234, 0.1380105110257234, 0.7239789776539313,
125, 0.2566208312550817, 0.2566208312550817, 0.48675833719397243,
126, 0.12536629274060945, 0.12536629274060945, 0.7492674142221785,
127, 0.3682492161832034, 0.3682492161832034, 0.2635015673384178,
128, 0.41284683121413773, 0.41284683121413773, 0.17430633727652886,
129, 0.29499774771364545, 0.29499774771257226, 0.4100045042791449,
130, 0.34111566520147446, 0.3411156652002335, 0.3177686693031736,
131, 0.367722963447248, 0.3677229634459102, 0.2645540728107033,
132, 0.33230408602480466, 0.33230408602359573, 0.33539182765464615,
133, 0.3726420261702241, 0.3726420261688685, 0.2547159473645559,
134, 0.40216924709966745, 0.4021692470982044, 0.19566150550493142,
135, 0.42948034588141154, 0.42948034587828665, 0.14103930794256664,
136, 0.455377793989033, 0.4553777939873764, 0.08924441172438209,
137, 0.41244423687773196, 0.4124442368762315, 0.17511152594964485,
138, 0.4238257169612568, 0.42382571695971494, 0.15234856578206948,
139, 0.475184906783499, 0.47518490678177033, 0.04963018614043276,
140, 0.20511687523713468, 0.20511687523713468, 0.5897662492317288,
141, 0.20300901098547233, 0.20300901098547233, 0.5939819777350275,
142, 0.12302737495667901, 0.12302737495667901, 0.7539452497934938,
143, 0.40127476790949207, 0.40127476790949207, 0.1974504638865383,
144, 0.4525809429275663, 0.4525809429275663, 0.09483811385226813,
145, 0.41301411637857943, 0.41301411637857943, 0.1739717669490125,
146, 0.15917359352009725, 0.15917359352009725, 0.6816528126685336,
147, 0.1763603287337849, 0.1763603287337849, 0.6472793422378704,
148, 0.1038335856785067, 0.1038335856785067, 0.7923328283514592,
149, 0.2608992730760749, 0.2608992730751257, 0.4782014535587018,
150, 0.17201429310342553, 0.17201429310342553, 0.6559714135007209,
151, 0.23139262442471484, 0.23139262442471484, 0.5372147508572168,
152, 0.13261164501010417, 0.13261164501010417, 0.7347767096876711,
153, 0.13309184693304288, 0.13309184693304288, 0.7338163058405321,
154, 0.35388701910782344, 0.35388701910782344, 0.2922259614899377,
155, 0.2809840175240859, 0.2809840175240859, 0.4380319646564565,
156, 0.16212437726520523, 0.16212437726520523, 0.675751245177243,
157, 0.09471350907576682, 0.09471350907576682, 0.8105729815553293,
158, 0.23396315789759853, 0.23396315789759853, 0.5320736839145621,
159, 0.13344562255832665, 0.13344562255832665, 0.7331087545937806,
160, 0.11474500982509614, 0.11474500982509614, 0.770509980060187,
161, 0.2662743126304583, 0.2662743126304583, 0.46745137444672163,
162, 0.29644954695491554, 0.29644954695491554, 0.4071009057985521,
163, 0.23595159989405765, 0.23595159989405765, 0.5280967999200056,
164, 0.32158296855086216, 0.32158296855086216, 0.356834062606876,
165, 0.1996305241320663, 0.1996305241320663, 0.6007389514431173,
166, 0.22132624398540005, 0.22132624398540005, 0.5573475117378851,
167, 0.20536587762719352, 0.20536587762719352, 0.5892682444548095,
168, 0.2981579779309986, 0.2981579779309986, 0.4036840438466492,
169, 0.30096295160192493, 0.30096295160192493, 0.39807409650673287,
170, 0.2861250071475184, 0.2861250071475184, 0.42774998541634773,
171, 0.16415870391376036, 0.16415870391376036, 0.6716825918837406,
172, 0.10096668525862705, 0.10096668525862705, 0.7980666291949902,
173, 0.07848617228361512, 0.07848617228361512, 0.843027655147744,
174, 0.22090720812999567, 0.22090720812999567, 0.5581855834524987,
175, 0.10934364247527677, 0.10934364247527677, 0.7813127147627138,
176, 0.32904599208061797, 0.32904599208061797, 0.3419080155502998,
177, 0.1843561371146749, 0.1843561371146749, 0.6312877254840973,
178, 0.07909310804908097, 0.07909310804908097, 0.8418137836140868,
179, 0.05951480727749318, 0.05951480727749318, 0.8809703851565944,
180, 0.19134349345453452, 0.19134349345453452, 0.6173130128040265,
181, 0.46792167966865844, 0.46792167966865844, 0.06415664037616792,
182, 0.3576822915962295, 0.3576822915962295, 0.2846354165207409,
183, 0.1552940452428838, 0.1552940452428838, 0.6894119092285131,
184, 0.10692134499490508, 0.10692134499490508, 0.7861573097259112,
185, 0.305726135524345, 0.305726135524345, 0.3885477286681219,
186, 0.34211639682526973, 0.34211639682526973, 0.31576720606647973,
187, 0.39902163606462737, 0.39902163606317576, 0.20195672759167776,
188, 0.38658940056393976, 0.38658940056393976, 0.22682119859071453,
189, 0.3436169571792523, 0.3436169571792523, 0.31276608535815126,
190, 0.24214826776220374, 0.24214826776220374, 0.5157034641928173,
191, 0.33613626162684757, 0.33613626162684757, 0.32772747646494554,
192, 0.38939232887796954, 0.38939232887655295, 0.22121534196504,
193, 0.41571056335372114, 0.4157105633522088, 0.1685788730158627,
194, 0.21285599962271112, 0.21285599962271112, 0.5742880004761649,
195, 0.14169182443926537, 0.14169182443926537, 0.7166163508404275,
196, 0.15316999690650376, 0.15316999690650376, 0.6936600059051059,
197, 0.34318891994106976, 0.34318891994106976, 0.31362215983555786,
198, 0.19671102166288656, 0.19671102166288656, 0.6065779563920582,
199, 0.3614232079045503, 0.3614232079045503, 0.27715358390978323,
200, 0.16086285032413083, 0.16086285032413083, 0.6782742990694065,
201, 0.3023310580054471, 0.3023310580054471, 0.39533788370632783,
202, 0.32647834134407994, 0.32647834134407994, 0.3470433170286837,
203, 0.22908352958319614, 0.22908352958319614, 0.5418329405502083,
204, 0.3932928667466985, 0.3932928667466985, 0.21341426622074816,
205, 0.45752195894063785, 0.45752195894063785, 0.08495608183247076,
206, 0.45937531060543246, 0.45937531060543246, 0.08124937850019795,
207, 0.4630046305623607, 0.4630046305623607, 0.07399073858591287,
208, 0.48260341661311845, 0.48260341661311845, 0.03479316648384496,
209, 0.2797911489672942, 0.2797911489672942, 0.4404177017723598,
210, 0.3797099523861565, 0.3797099523861565, 0.24058009493356194,
211, 0.24960884233254038, 0.24960884233254038, 0.5007823150421519,
212, 0.29349127310327716, 0.29349127310327716, 0.41301745350031205,
213, 0.2962141912056058, 0.2962141912056058, 0.4075716172953504,
214, 0.13630678165367768, 0.13630678165367768, 0.7273864363980606,
215, 0.20087933306273006, 0.20087933306273006, 0.5982413335783241,
216, 0.4752018531368711, 0.4752018531368711, 0.04959629343152006,
217, 0.4262035764438745, 0.4262035764438745, 0.147592846815594,
218, 0.48063988154828235, 0.48063988154828235, 0.03872023660831573,
219, 0.3695232041054138, 0.3695232041054138, 0.26095359149071157,
220, 0.27148587039424865, 0.27148587039424865, 0.4570282589115812,
221, 0.1957360564088202, 0.1957360564088202, 0.608527886881177,
222, 0.21062222195882857, 0.21062222195882857, 0.5787555557844981,
223, 0.36722007856562094, 0.36722007856562094, 0.26555984257070125,
224, 0.3844625842391132, 0.3844625842391132, 0.23107483122186737,
225, 0.13044469130926217, 0.13044469130926217, 0.739110617082638,
226, 0.1737191423247379, 0.1737191423247379, 0.6525617150527234,
227, 0.23525680825186918, 0.23525680825186918, 0.529486383200532,
228, 0.13145596599292259, 0.13145596599292259, 0.7370880677185375,
229, 0.14251654789849139, 0.14251654789849139, 0.7149669039075436,
230, 0.19423896013831352, 0.19423896013831352, 0.6115220794271357,
231, 0.4054274179408351, 0.4054274179408351, 0.18914516382248914,
232, 0.4136539237378284, 0.4136539237378284, 0.1726921522294558,
233, 0.1755748971574464, 0.1755748971574464, 0.6488502053894718,
234, 0.228337624566819, 0.228337624566819, 0.5433247505706562,
235, 0.07624445018993833, 0.07624445018993833, 0.8475110993239255,
236, 0.08368782329846837, 0.08368782329846837, 0.8326243531059964,
237, 0.2865548242034618, 0.2865548242034618, 0.4268903512973637,
238, 0.26791937911295, 0.26791937911295, 0.46416124147977955,
239, 0.1755647364316987, 0.1755647364316987, 0.648870526841514,
240, 0.17311254070250173, 0.17311254070187196, 0.6537749182979433,
241, 0.3410557808880991, 0.3410557808880991, 0.31788843792868415,
242, 0.3913291687048115, 0.3913291687048115, 0.21734166229401802,
243, 0.3947462016286914, 0.3947462016286914, 0.21050759644420686,
244, 0.18431441833193063, 0.18431441833193063, 0.6313711630371261,
245, 0.28538791639112054, 0.28538791639112054, 0.42922416691751064,
246, 0.17304816443294568, 0.17304816443294568, 0.6539036708318257,
247, 0.20304444800205917, 0.20304444800205917, 0.5939111036925868,
248, 0.2895669103998361, 0.2895669103998361, 0.4208661788988238,
249, 0.21082010152592745, 0.21082010152592745, 0.5783597966486583,
250, 0.2745487933832909, 0.2745487933832909, 0.4509024129336898,
251, 0.3441875660286738, 0.3441875660286738, 0.31162486764347685,
252, 0.3197396705679932, 0.3197396705679932, 0.360520658563496,
253, 0.15669406163194244, 0.1566940616313724, 0.6866118764365309,
254, 0.3404361468724184, 0.3404361468724184, 0.3191277059543687,
255, 0.4022334326903944, 0.4022334326903944, 0.19553313431627278,
256, 0.4269555951636347, 0.4269555951636347, 0.14608880937199117,
257, 0.31720985333567714, 0.31720985333567714, 0.36558029302431677,
258, 0.09297306518392331, 0.09297306518358507, 0.8140538693282885,
259, 0.09151448472988022, 0.09151448472988022, 0.8169710302362986,
260, 0.1379938330259969, 0.1379938330259969, 0.7240123336425394,
261, 0.441397220966916, 0.441397220966916, 0.11720555776051989,
262, 0.14999454486197208, 0.14999454486197208, 0.7000109099697251,
263, 0.06389867211066395, 0.06389867211066395, 0.8722026554736984,
264, 0.1387026780920863, 0.1387026780920863, 0.7225946435116878,
265, 0.06160905138962421, 0.06160905138962421, 0.8767818969165099,
266, 0.08742939875657996, 0.08742939875657996, 0.825141202182497,
267, 0.1253821318737415, 0.1253821318737415, 0.749235735947104,
268, 0.4013585086988787, 0.4013585086988787, 0.1972829823000179,
269, 0.3883335997359902, 0.38833359973316467, 0.22333280022906077,
270, 0.38746544823687584, 0.38746544823687584, 0.22506910322463086,
271, 0.3640681325722236, 0.3640681325722236, 0.27186373455374085,
272, 0.2684802918780164, 0.2684802918780164, 0.46303941593953224,
273, 0.46246965446294963, 0.46246965446294963, 0.07506069077179234,
274, 0.3157404822923368, 0.3157404822923368, 0.3685190351115704,
275, 0.16102273899494385, 0.16102273899494385, 0.6779545217077769,
276, 0.08579044774087112, 0.08579044774087112, 0.8284191042160961,
277, 0.10683037994156674, 0.10683037994156674, 0.7863392398138319,
278, 0.10075719490595532, 0.10075719490595532, 0.7984856098854366,
279, 0.09007666405438104, 0.09007666405438104, 0.819846671589672,
280, 0.2863648369974838, 0.2863648369974838, 0.4272703257031757,
281, 0.2621171076901415, 0.2621171076901415, 0.4757657843168182,
282, 0.4131730245902813, 0.4131730245902813, 0.17365395051677482,
283, 0.3963096024397556, 0.3963096024397556, 0.2073807948167404,
284, 0.3723955665770101, 0.3723955665770101, 0.2552088665420808,
285, 0.3739134116232471, 0.3739134116232471, 0.25217317644845694,
286, 0.2925765885456965, 0.2925765885456965, 0.41484682259979017,
287, 0.23825056737381844, 0.23825056737381844, 0.5234988649467661,
288, 0.32831440671509704, 0.32831440671509704, 0.3433711862622207,
289, 0.2216595838128679, 0.2216595838128679, 0.5566808320697769,
290, 0.36712978945544095, 0.36712978945544095, 0.2657404207831945,
291, 0.373659014730518, 0.373659014730518, 0.25268197023501554,
292, 0.40810905851614393, 0.40810905851614393, 0.18378188266333992,
293, 0.45037688158612704, 0.45037688158612704, 0.09924623652238795,
294, 0.4505849417400645, 0.4505849417400645, 0.09883011621662179,
295, 0.3987361620417158, 0.3987361620417158, 0.2025276756119575,
296, 0.34649136277834114, 0.34649136277834114, 0.307017274138961,
297, 0.32092214285417225, 0.32092214285417225, 0.3581557139863619,
298, 0.15038040493799656, 0.15038040493799656, 0.699239189820861,
299, 0.04852595560459214, 0.04852595560459214, 0.9029480884887158,
300, 0.05268970154967335, 0.05268970154967335, 0.8946205965972769,
301, 0.05947018618730848, 0.05947018618730848, 0.88105962732291,
302, 0.10076128650456091, 0.10076128650456091, 0.7984774266860258,
303, 0.09316543321364885, 0.09316543321364885, 0.8136691332687819,
304, 0.2895750718741476, 0.2895750718741476, 0.4208498559475988,
305, 0.30920306738118036, 0.30920306738118036, 0.38159386493617287,
306, 0.2547784482978123, 0.2547784482978123, 0.490443103102198,
307, 0.31795146379141254, 0.31795146379141254, 0.36409707211437464,
308, 0.20922689420985396, 0.20922689420985396, 0.5815462112779586,
309, 0.3513735688456424, 0.3513735688456424, 0.2972528620071419,
310, 0.40109807113222706, 0.40109807113222706, 0.19780385743192402,
311, 0.1535253938051736, 0.1535253938051736, 0.6929492120891521,
312, 0.24277390606151877, 0.24277390606151877, 0.5144521875768244,
313, 0.17559467059666697, 0.17559467059666697, 0.6488106585076656,
314, 0.2526146641459585, 0.2526146641459585, 0.4947706714088532,
315, 0.1555703414311333, 0.1555703414311333, 0.6888593168405971,
316, 0.41281893012819976, 0.41281893012819976, 0.17436213944659315,
317, 0.47441238426399995, 0.47441238426399995, 0.05117523117526045,
318, 0.2082149108241505, 0.2082149108241505, 0.5835701780546921,
319, 0.3832437932957793, 0.3832437932957793, 0.23351241311195464,
320, 0.3175900503412121, 0.3175900503412121, 0.36481989902033274,
321, 0.32794925595298363, 0.32794925595298363, 0.34410148779763133,
322, 0.30069260149598365, 0.30069260149598365, 0.3986147967128583,
323, 0.3104402177220785, 0.3104402177220785, 0.37911956425907145,
324, 0.1651950175460167, 0.1651950175460167, 0.6696099646101227,
325, 0.1754402502392942, 0.1754402502392942, 0.6491194992241843,
326, 0.0948823234972648, 0.0948823234972648, 0.8102353527055101,
327, 0.13233034664598559, 0.13233034664598559, 0.7353393064078544,
328, 0.2982166918329493, 0.2982166918329493, 0.4035666160340438,
329, 0.30305689912232475, 0.30305689912232475, 0.39388620145559355,
330, 0.23758219953236473, 0.23758219953236473, 0.5248356006360313,
331, 0.4683694982172728, 0.4683694982172728, 0.06326100326286638,
332, 0.3315924554012653, 0.3315924554012653, 0.3368150888950874,
333, 0.2881494444981266, 0.2881494444981266, 0.42370111070320665,
334, 0.4536158185142025, 0.4536158185142025, 0.09276836267197047,
335, 0.09841852109849071, 0.09841852109849071, 0.8031629575019847,
336, 0.09850190577043887, 0.09850190577043887, 0.8029961881583464,
337, 0.2323686515520588, 0.2323686515520588, 0.5352626965961734,
338, 0.13106484362219986, 0.13106484362219986, 0.7378703124555746,
339, 0.2399486366942658, 0.2399486366942658, 0.5201027263112494,
340, 0.10888365403106495, 0.10888365403106495, 0.7822326916400556,
341, 0.3041232924077871, 0.3041232924077871, 0.39175341488568505,
342, 0.10928573350791197, 0.10928573350791197, 0.781428532684816,
343, 0.08548871227590604, 0.08548871227590604, 0.8290225751508489,
344, 0.24992619879822195, 0.24992619879822195, 0.5001476021048544,
345, 0.15516487493886105, 0.15516487493886105, 0.6896702498225625,
346, 0.1410897057356882, 0.1410897057356882, 0.7178205882271926,
347, 0.25958486020772503, 0.25958486020772503, 0.4808302792836781,
348, 0.36465566726256465, 0.36465566726256465, 0.2706886651735618,
349, 0.3326311319275842, 0.3326311319275842, 0.33473773584415173,
350, 0.08550367059882477, 0.08550367059882477, 0.8289926585027472,
351, 0.11725682507434539, 0.11725682507434539, 0.765486349548212,
352, 0.34469051311737914, 0.34469051311737914, 0.3106189734641392,
353, 0.1621208031137295, 0.1621208031137295, 0.6757583934702883,
354, 0.23893215800244322, 0.23893215800244322, 0.522135683694397,
355, 0.0731252380265351, 0.0731252380265351, 0.8537495236447601,
356, 0.06333102343484252, 0.06333102343484252, 0.8733379528285551,
357, 0.15454082705657526, 0.15454082705657526, 0.690918345583526,
358, 0.24137765141848178, 0.24137765141848178, 0.5172446968616391,
359, 0.31498979380832065, 0.31498979380717473, 0.3700204120859453,
360, 0.1718540367751809, 0.1718540367751809, 0.6562919261515155,
361, 0.10056549346283164, 0.10056549346283164, 0.7988690127764029,
362, 0.2523187683681965, 0.2523187683681965, 0.4953624629679415,
363, 0.20938138453328772, 0.20938138453328772, 0.5812372306374571,
364, 0.22908410621742514, 0.22908410621742514, 0.5418317872691383,
365, 0.22027068959432627, 0.22027068959432627, 0.5594586205131878,
366, 0.17346940594926485, 0.17346940594926485, 0.6530611878036705,
367, 0.1867197485485581, 0.1867197485485581, 0.6265605026063665,
368, 0.44085881609042915, 0.44085881609042915, 0.11828236752576173,
369, 0.19241356082303357, 0.19241356082303357, 0.6151728780569764,
370, 0.2608158594578556, 0.2608158594578556, 0.4783682807873329,
371, 0.2480631500704891, 0.2480631500704891, 0.5038736995636895,
372, 0.34601759894345874, 0.3460175989421999, 0.30796480181738045,
373, 0.35038663514245244, 0.35038663514117774, 0.2992267294185507,
374, 0.34833751615219, 0.3483375161509228, 0.30332496739866266,
375, 0.37613113691210776, 0.3761311369107394, 0.24773772587821236,
376, 0.33010177892470793, 0.33010177892470793, 0.33979644185325564,
377, 0.20345944116221906, 0.20345944116147888, 0.5930811173772649,
378, 0.2127505109930527, 0.2127505109930527, 0.5744989777157036,
379, 0.09843160120658137, 0.09843160120658137, 0.80313679728719,
380, 0.11407162746312749, 0.11407162746312749, 0.7718567447752356,
381, 0.14871548098348694, 0.14871548098348694, 0.7025690377346501,
382, 0.4578178300615806, 0.4578178300615806, 0.0843643395804889,
383, 0.36394475353313627, 0.36394475353313627, 0.27211049263504405,
384, 0.18023888505882324, 0.18023888505882324, 0.63952222958352,
385, 0.19753253639025264, 0.19753253639025264, 0.6049349269221767,
386, 0.4317381128789205, 0.4317381128789205, 0.136523773943893,
387, 0.4610579032026571, 0.4610579032026571, 0.07788419329689425,
388, 0.44693553365860805, 0.44693553365860805, 0.10612893238445636,
389, 0.4775339732664917, 0.4775339732664917, 0.04493205317108472,
390, 0.20697147786660067, 0.20697147786660067, 0.5860570439711109,
391, 0.2771490276066344, 0.2771490276066344, 0.44570194448818784,
392, 0.10794797658676661, 0.10794797658676661, 0.7841040465274365,
393, 0.23988336762098, 0.23988336762098, 0.520233264460247,
394, 0.1450757382521302, 0.1450757382521302, 0.7098485231997629,
395, 0.18785041443382713, 0.18785041443382713, 0.6242991708371423,
396, 0.3448398442999126, 0.3448398442999126, 0.310320311106067,
397, 0.3915640915779543, 0.3915640915779543, 0.21687181655110563,
398, 0.21527451795186128, 0.21527451795186128, 0.5694509638024295,
399, 0.4730954303188954, 0.4730954303188954, 0.0538091390692024,
400, 0.4490432197294271, 0.4490432197294271, 0.10191356024914636,
401, 0.36086808876322646, 0.36086808876322646, 0.27826382218175844,
402, 0.3827275017017756, 0.3827275017017756, 0.23454499630432385,
403, 0.3426597355626723, 0.3426597355626723, 0.3146805285787688,
404, 0.28350392413601294, 0.28350392413601294, 0.43299215143219566,
405, 0.3493859476581235, 0.3493859476581235, 0.3012281043886083,
406, 0.4055991101744666, 0.4055991101744666, 0.18880177935394798,
407, 0.20852277127919516, 0.20852277127919516, 0.5829544571475548,
408, 0.18440149090787258, 0.18440149090787258, 0.631197017889573,
409, 0.23567435134219397, 0.23567435134219397, 0.5286512970195207,
410, 0.12169474619419017, 0.12169474619419017, 0.7566105073171168,
411, 0.3757857052215617, 0.3757857052215617, 0.24842858926157743,
412, 0.2935128265201548, 0.2935128265201548, 0.4129743466604403,
413, 0.4662532101386285, 0.4662532101386285, 0.0674935794260739,
414, 0.25143581426774236, 0.25143581426774236, 0.4971283711663713,
415, 0.31096221974113497, 0.31096221974113497, 0.37807556021896954,
416, 0.26750264615861585, 0.26750264615861585, 0.46499470738439636,
417, 0.37967435345904904, 0.37967435345904904, 0.24065129278363853,
418, 0.4411017563673843, 0.4411017563673843, 0.11779648696814453,
419, 0.4279441876462392, 0.4279441876462392, 0.1441116244106815,
420, 0.18705148944897992, 0.18705148944897992, 0.625897020805301,
421, 0.17007072971014636, 0.17007072971014636, 0.6598585402804431,
422, 0.2913765159452136, 0.2913765159452136, 0.4172469678111948,
423, 0.16133373347773894, 0.16133373347773894, 0.6773325327455406,
424, 0.10699361586178588, 0.10699361586178588, 0.7860127679770086,
425, 0.09276204382356394, 0.09276204382356394, 0.814475912053493,
426, 0.037761445417645804, 0.037761445417645804, 0.9244771088684879,
427, 0.04874176563433674, 0.04874176563433674, 0.9025164684350088,
428, 0.04970660802335143, 0.04970660802335143, 0.9005867836567607,
429, 0.05283580107700231, 0.05283580107700231, 0.8943283975481277,
430, 0.13013508671116278, 0.13013508671116278, 0.7397298262805438,
431, 0.2427792785272587, 0.2427792785272587, 0.5144414426496801,
432, 0.15283201462970597, 0.15283201462970597, 0.6943359704446845,
433, 0.12128432065636427, 0.12128432065636427, 0.7574313583925908,
434, 0.07874850753017965, 0.07874850753017965, 0.8425029846426926,
435, 0.11339229315529045, 0.11339229315529045, 0.7732154133938615,
436, 0.4663124650555087, 0.4663124650555087, 0.0673750695961818,
437, 0.38778788525148233, 0.38778788525148233, 0.22442422920071586,
438, 0.2767517065607199, 0.2767517065607199, 0.4464965865821211,
439, 0.46308602016920036, 0.46308602016920036, 0.07382795936579625,
440, 0.23081945184673944, 0.23081945184673944, 0.5383610960139048,
441, 0.4686382801025809, 0.4686382801025809, 0.06272343950141171,
442, 0.40248101491234406, 0.40248101491234406, 0.19503796987971983,
443, 0.3354987433958284, 0.3354987433958284, 0.32900251291110555,
444, 0.10080641931898862, 0.10080641931898862, 0.7983871610669122,
445, 0.09923857303652185, 0.09923857303652185, 0.8015228536315104,
446, 0.0724079168907286, 0.0724079168907286, 0.8551841659197554,
447, 0.10579970005311547, 0.10579970005311547, 0.7884005995954816,
448, 0.10230645546526104, 0.10230645546526104, 0.7953870887733501,
449, 0.17042140795113295, 0.17042140795113295, 0.6591571838006688,
450, 0.39835511078819286, 0.39835511078819286, 0.2032897781242238,
451, 0.4819458473500475, 0.4819458473500475, 0.03610830500250314,
452, 0.42220425779634696, 0.42220425779634696, 0.1555914841099028,
453, 0.3980114182850218, 0.3980114182850218, 0.20397716313377437,
454, 0.405657880677802, 0.405657880677802, 0.1886842383509191,
455, 0.35814425509699954, 0.35814425509699954, 0.28371148951187164,
456, 0.13973313513709615, 0.13973313513709615, 0.7205337294320489,
457, 0.3264520018223249, 0.3264520018211373, 0.34709599606065766,
458, 0.34552352634125666, 0.34552352634125666, 0.3089529470240754,
459, 0.3128886717793509, 0.3128886717793509, 0.3742226561454967,
460, 0.08571508932727252, 0.08571508932727252, 0.828569821050418,
461, 0.13039613129121233, 0.13039613129121233, 0.7392077371235473,
462, 0.19873025084334173, 0.19873025084334173, 0.602539498020481,
463, 0.060947219619916414, 0.060947219619916414, 0.8781055604680509,
464, 0.09566666731269587, 0.09566666731234784, 0.8086666650860483,
465, 0.47713956033865085, 0.4771395603351792, 0.04572087903826291,
466, 0.48759090686662115, 0.4875909068648473, 0.024818185980898723,
467, 0.42730839485887423, 0.4273083948573197, 0.14538320999846194,
468, 0.4136502909995429, 0.4136502909980381, 0.17269941771607158,
469, 0.43079293309947025, 0.43079293309947025, 0.13841413351573226,
470, 0.34965181304978266, 0.34965181304978266, 0.300696373614972,
471, 0.15624666316042485, 0.15624666316042485, 0.687506673392898,
472, 0.062491624826631544, 0.062491624826631544, 0.8750167500630471,
473, 0.12433665694757699, 0.12433665694757699, 0.75132668582192,
474, 0.30641616799916765, 0.30641616799916765, 0.38716766371734107,
475, 0.10188965186590655, 0.10188965186590655, 0.7962206959827058,
476, 0.1335593733346102, 0.13355937333412432, 0.7328812530429132,
477, 0.3110479046059457, 0.3110479046059457, 0.37790419050199664,
478, 0.32957262912432256, 0.32957262912432256, 0.3408547414676739,
479, 0.22358112806597014, 0.22358112806597014, 0.5528377435851959,
480, 0.33865304841631566, 0.33865304841631566, 0.3226939028852065,
481, 0.3829848366037673, 0.3829848366037673, 0.2340303265094483,
482, 0.3905486421084845, 0.3905486421084845, 0.2189027154997144,
483, 0.38641368016611244, 0.38641368016611244, 0.22717263938398052,
484, 0.13919496171157014, 0.13919496171157014, 0.721610076292241,
485, 0.12995437926151807, 0.12995437926151807, 0.7400912411922547,
486, 0.09742062609604975, 0.09742062609604975, 0.8051587475216581,
487, 0.07765534650350311, 0.07765534650350311, 0.8446893067049437,
488, 0.285913139827695, 0.285913139827695, 0.42817372005618465,
489, 0.27087101429957633, 0.27087101429957633, 0.45825797111424715,
490, 0.4717500134870744, 0.4717500134870744, 0.05649997273727859,
491, 0.34314036232524314, 0.34314036232524314, 0.31371927506071406,
492, 0.17105211940368714, 0.17105211940306486, 0.6578957609043522,
493, 0.45036473530030585, 0.45036473530030585, 0.09927052911025513,
494, 0.2027415787911062, 0.2027415787911062, 0.5945168421294251,
495, 0.2855577885974871, 0.2855577885974871, 0.4288844225172175,
496, 0.1545495916639219, 0.1545495916639219, 0.6909008163842794,
497, 0.1082709752587477, 0.1082709752587477, 0.7834580491942512,
498, 0.09607354201265256, 0.09607354201265256, 0.8078529156865084,
499, 0.1277161505613694, 0.1277161505613694, 0.7445676985867509,
500, 0.29291539487188634, 0.29291539487188634, 0.41416920996681833,
501, 0.16511241488805403, 0.16511241488805403, 0.6697751699361446,
502, 0.11771103253085032, 0.11771103253085032, 0.7645779346495754,
503, 0.241913429949964, 0.241913429949964, 0.5161731398120313,
504, 0.1289489056781073, 0.1289489056781073, 0.7421021883544962,
505, 0.08389437823843658, 0.08389437823843658, 0.832211243234247,
506, 0.2138299684031226, 0.2138299684031226, 0.5723400629056539,
507, 0.16507879657039287, 0.16507879656979232, 0.6698424065696463,
508, 0.38755405016903066, 0.38755405016762073, 0.22489189937372792,
509, 0.3782037579310837, 0.3782037579310837, 0.2435924838469498,
510, 0.323353870227356, 0.323353870227356, 0.3532922592551309,
511, 0.17691567572022676, 0.17691567572022676, 0.6461686482689815,
512, 0.3253082308086855, 0.3253082308086855, 0.34938353809381356,
513, 0.383582173304798, 0.383582173304798, 0.23283565310258275,
514, 0.415616989876898, 0.415616989876898, 0.1687660199582065,
515, 0.22056699006706162, 0.22056699006706162, 0.5588660195785877,
516, 0.2047232947112505, 0.2047232947112505, 0.5905534102919002,
517, 0.29195079123864226, 0.29195079123864226, 0.4160984172381632,
518, 0.17433453138746138, 0.17433453138746138, 0.6513309369401534,
519, 0.3484527259082833, 0.3484527259082833, 0.30309454789805207,
520, 0.34858005865895575, 0.34858005865895575, 0.30283988239645054,
521, 0.17502648931522097, 0.17502648931522097, 0.6499470210822613,
522, 0.27992243454950133, 0.27992243454950133, 0.44015513061657546,
523, 0.24331597323914764, 0.24331597323914764, 0.5133680532351226,
524, 0.31088998365585774, 0.31088998365585774, 0.37822003240222746,
525, 0.1524090891871561, 0.1524090891871561, 0.6951818213386839,
526, 0.40643270517892555, 0.40643270517892555, 0.1871345893582414,
527, 0.38004035783680534, 0.38004035783680534, 0.23991928404221954,
528, 0.3159407378406197, 0.3159407378406197, 0.36811852403452355,
529, 0.1463062330205591, 0.1463062330205591, 0.7073875336765183,
530, 0.04559714608763741, 0.04559714608763741, 0.9088057075424095,
531, 0.052226269215601744, 0.05222626921541174, 0.8955474612865151,
532, 0.06006281908969558, 0.06006281908969558, 0.8798743615380721,
533, 0.04068451210148913, 0.04068451210148913, 0.9186309755141013,
534, 0.03566283969826427, 0.03566283969826427, 0.9286743203215819,
535, 0.08610192153128621, 0.08610192153128621, 0.8277961566547635,
536, 0.25426361795572633, 0.25426361795572633, 0.49147276380895855,
537, 0.1563843806788154, 0.1563843806788154, 0.6872312383626497,
538, 0.31920019259708204, 0.31920019259708204, 0.3615996145280429,
539, 0.2690590603905122, 0.2690590603905122, 0.4618818789398671,
540, 0.21857028363933909, 0.21857028363933909, 0.5628594324412168,
541, 0.2926564290203971, 0.2926564290203971, 0.4146871416806958,
542, 0.11588488433627535, 0.11588488433627535, 0.7682302310519259,
543, 0.11688425066180062, 0.11688425066180062, 0.7662314984002392,
544, 0.31494514010273716, 0.31494514010273716, 0.3701097195172316,
545, 0.40151518006867254, 0.40151518006867254, 0.1969696395843909,
546, 0.20536213434584566, 0.20536213434584566, 0.589275731029344,
547, 0.2060704362626066, 0.2060704362626066, 0.5878591271978291,
548, 0.15114434670039847, 0.15114434670039847, 0.6977113063210617,
549, 0.22370807058405842, 0.22370807058405842, 0.5525838585565905,
550, 0.46953832738433204, 0.46953832738433204, 0.06092334495559211,
551, 0.4142985138137401, 0.4142985138137401, 0.1714029720979487,
552, 0.35357822777035636, 0.35357822777035636, 0.2928435441881712,
553, 0.19428561453641865, 0.19428561453641865, 0.6114287706545924,
554, 0.3577065163765359, 0.3577065163765359, 0.2845869669734865,
555, 0.3635529312768503, 0.3635529312768503, 0.27289413717329175,
556, 0.3296947808518328, 0.3296947808518328, 0.34061043802266167,
557, 0.17062450380226415, 0.17062450380226415, 0.6587509921194897,
558, 0.1769536427581699, 0.1769536427581699, 0.646092714207773,
559, 0.0942559821837838, 0.0942559821837838, 0.8114880353584869,
560, 0.30192498305976606, 0.30192498305976606, 0.39615003360808165,
561, 0.38053658040177796, 0.38053658040177796, 0.23892683892523342,
562, 0.42564632546907744, 0.42564632546907744, 0.14870734878867603,
563, 0.346479099319955, 0.346479099319955, 0.30704180108789936,
564, 0.16551179675120137, 0.16551179675120137, 0.668976406227035,
565, 0.24873881795583921, 0.24873881795583921, 0.5025223638156446,
566, 0.10170179258678458, 0.10170179258678458, 0.7965964145537526,
567, 0.10927436082953336, 0.10927436082953336, 0.7814512780668368,
568, 0.10324942338791793, 0.10324942338754231, 0.7935011529521139,
569, 0.2563845872527473, 0.2563845872518146, 0.4872308252235206,
570, 0.15853842995437215, 0.15853842995437215, 0.682923139818138,
571, 0.08328572961581052, 0.08328572961581052, 0.833428540494158,
572, 0.10946520034847104, 0.10946520034847104, 0.7810695990325224,
573, 0.12837965598889847, 0.12837965598889847, 0.74324068775025,
574, 0.14217897692545392, 0.14217897692545392, 0.7156420458792769,
575, 0.1297983005648933, 0.1297983005648933, 0.7404033985990477,
576, 0.3412642785142965, 0.3412642785142965, 0.31747144270230765,
577, 0.43108302839975876, 0.43108302839975876, 0.13783394292979825,
578, 0.41235111278181175, 0.41235111278181175, 0.17529777416632808,
579, 0.42190432199453437, 0.42190432199453437, 0.15619135574160647,
580, 0.21797791989303528, 0.21797791989303528, 0.5640441599441202,
581, 0.37235903100980516, 0.37235903100980516, 0.2552819377103995,
582, 0.39448246559484, 0.39448246559484, 0.21103506854141252,
583, 0.40061473654649304, 0.40061473654649304, 0.19877052663709435,
584, 0.408049422496458, 0.408049422496458, 0.18390115473668256,
585, 0.40225773608011217, 0.40225773608011217, 0.19548452757118,
586, 0.3324073180919281, 0.3324073180919281, 0.33518536354674666,
587, 0.13226534610562443, 0.13226534610562443, 0.7354693075199317,
588, 0.31781370185587715, 0.31781370185587715, 0.3643725960193383,
589, 0.42551902524446555, 0.42551902524446555, 0.14896194924357908,
590, 0.4058876422514974, 0.4058876422514974, 0.18822471522759937,
591, 0.1611747394951179, 0.1611747394951179, 0.6776505207409057,
592, 0.06991274953617173, 0.06991274953617173, 0.8601745006608551,
593, 0.1085323669063906, 0.1085323669063906, 0.782935265917392,
594, 0.33988095917207156, 0.33988095917207156, 0.32023808138751886,
