Optimize time:0.4856461240847905
Begin Prob:-26994.059377908234
End Prob:-26814.596037015777
Substitution parameters:[0.2267333103211233, 0.2548634162981207, 0.2779910016018104, 0.2404122717789457, 1.4385013901619663]
Trees:
(4:759.8671706748625,(1:787.9447941473267,(2:813.4811401410414,3:764.4590028944547):763.9323032324676):759.8671706748625);
(4:809.4530851652395,(2:761.8770237918078,(1:763.9322585681878,3:759.6034591363273):761.8996037850005):759.8670876280961);
(4:0.875288,(3:0.467173,(1:763.9322585681878,2:0.457337):0.0231222):0.875288);

Position, Posteriors1, Posteriors2, Posteriors3,
0, 0.0006983116695534717, 0.525307108240521, 0.47399457961208125,
1, 0.0005465076066492967, 0.5254028831346814, 0.4740506087798292,
2, 0.00030740529644696367, 0.5255417759200574, 0.4741508183068769,
3, 0.00022187001136961495, 0.5256002346502475, 0.47417789485891604,
4, 0.00015578279866347873, 0.5256483705308173, 0.4741958461928059,
5, 8.003474023369747e-05, 0.525700114931068, 0.47421984984940396,
6, 5.154941400496598e-05, 0.5257271338106061, 0.47422131629559805,
7, 3.998858549289116e-05, 0.5257454035795962, 0.47421460735596505,
8, 3.4353573482753705e-05, 0.525760409427364, 0.474205236520126,
9, 3.0371295661569765e-05, 0.525774430453246, 0.4741951977744851,
10, 2.1577596468312723e-05, 0.5257941586813046, 0.47418426324313656,
11, 1.7519161283389563e-05, 0.5258114817742808, 0.4741709985852712,
12, 1.3899596794306533e-05, 0.5258263369143179, 0.4741597630088819,
13, 7.293662326401585e-06, 0.5258394065355338, 0.4741532993219313,
14, 3.056979509451965e-06, 0.5258513402708827, 0.4741456022694369,
15, 2.068007576768071e-06, 0.5258613315561255, 0.4741365999573033,
16, 1.7215948822805333e-06, 0.5258710935653415, 0.47412718436067997,
17, 1.2947091479886722e-06, 0.5258808616157362, 0.4741178431963655,
18, 1.1972647516148783e-06, 0.5258903003619073, 0.47410850189527676,
19, 1.635030423835281e-06, 0.5258994386717758, 0.4740989258173201,
20, 1.135678449261161e-06, 0.525908756030721, 0.47409010781120453,
21, 1.6073934488314406e-06, 0.5259173098547547, 0.4740810822758756,
22, 1.5455896776287297e-06, 0.5259246645143568, 0.4740737894234053,
23, 2.0496647054471324e-06, 0.5259317068148821, 0.47406624304499,
24, 4.032932297992747e-06, 0.5259379817084799, 0.4740579848832046,
25, 4.569605645616676e-06, 0.5259448809117743, 0.47405054900567983,
26, 5.138945298309225e-06, 0.5259504772803085, 0.4740443832943714,
27, 5.067109794885388e-06, 0.5259582403342953, 0.47403669207639343,
28, 5.173392855669475e-06, 0.5259658784261864, 0.47402894770282356,
29, 5.41091269176466e-06, 0.52597333489622, 0.47402125371399545,
30, 6.9050724657562e-06, 0.5259802182582985, 0.47401287619182997,
31, 9.461738703488437e-06, 0.5259866607969911, 0.47400387698771096,
32, 1.066035009106875e-05, 0.5259915808802038, 0.4739977582903231,
33, 9.865800914142058e-06, 0.5260008401143556, 0.473989293606443,
34, 1.1180960969616613e-05, 0.5260091066378519, 0.47397971192158667,
35, 1.145930139830384e-05, 0.5260172071165281, 0.47397133310237927,
36, 9.51709943924143e-06, 0.526026232570162, 0.47396424985257907,
37, 1.002111105050533e-05, 0.5260339679602453, 0.47395601044955793,
38, 9.550156982278849e-06, 0.5260414633199053, 0.4739489860434784,
39, 1.103326040808401e-05, 0.5260480522146278, 0.4739409140432895,
40, 1.552646313781398e-05, 0.5260532043272662, 0.47393126872727614,
41, 1.674700650761195e-05, 0.5260586679577273, 0.47392458455469477,
42, 1.583547311625626e-05, 0.5260649185545022, 0.4739192454909152,
43, 1.2748348047977116e-05, 0.526073931301625, 0.4739133198698982,
44, 6.598041080888438e-06, 0.5260844165022655, 0.4739089849773721,
45, 3.970904530259355e-06, 0.5260931681520415, 0.4739028604656111,
46, 3.8350796542044035e-06, 0.5261003788562522, 0.4738957855868833,
47, 3.055205876558996e-06, 0.5261096101648222, 0.47388733415238193,
48, 2.6693485797882062e-06, 0.5261187358500075, 0.4738785943241107,
49, 2.917768759243148e-06, 0.5261273817591521, 0.47386969999653156,
50, 3.0927763468508232e-06, 0.5261348105636189, 0.47386209618554953,
51, 2.4081924095062402e-06, 0.5261426136287843, 0.47385497770490614,
52, 1.722389994060292e-06, 0.5261503819056254, 0.47384789523034415,
53, 2.3242540629433376e-06, 0.5261572240014444, 0.4738404512709766,
54, 2.9634950342277744e-06, 0.5261639246197116, 0.47383311141129025,
55, 2.8621127169364433e-06, 0.5261720465327121, 0.473825090880809,
56, 2.997675238903418e-06, 0.5261801568138683, 0.4738168450352049,
57, 4.126116503358576e-06, 0.526187854572359, 0.4738080188376598,
58, 3.839271921984118e-06, 0.5261995683943752, 0.473796591858714,
59, 4.639731561102548e-06, 0.5262108199064051, 0.47378453988489444,
60, 4.050638089580498e-06, 0.5262266337591055, 0.47376931512630976,
61, 4.399504000902538e-06, 0.5262420333158684, 0.4737535667041998,
62, 4.118824552778237e-06, 0.5262563582159884, 0.4737395224819427,
63, 5.079907188450105e-06, 0.5262701372187286, 0.4737247823957675,
64, 5.390832721237639e-06, 0.5262827745206923, 0.4737118341667871,
65, 6.203935750000849e-06, 0.5262952665417746, 0.4736985290435202,
66, 5.510515881595614e-06, 0.5263125884965963, 0.47368190050856446,
67, 4.917335082076665e-06, 0.5263284930161448, 0.47366658917012844,
68, 4.451051833920219e-06, 0.5263442963905579, 0.47365125207812847,
69, 4.5682963425451695e-06, 0.5263599004900051, 0.47363553073348846,
70, 4.786542731179446e-06, 0.5263753224316383, 0.4736198905427875,
71, 6.700265164970948e-06, 0.5263898577967082, 0.4736034414543237,
72, 1.0764590063646677e-05, 0.5264033884262653, 0.473585846502292,
73, 1.7249007081835112e-05, 0.5264158132658733, 0.47356693724446,
74, 2.4719709983354038e-05, 0.5264266236993872, 0.4735486561083816,
75, 2.844531628774523e-05, 0.5264390188142674, 0.4735325353892873,
76, 3.291098886525896e-05, 0.5264511875682761, 0.47351590096390733,
77, 3.3342544077430855e-05, 0.526464050151233, 0.47350260682337425,
78, 3.723897984181328e-05, 0.5264752240008488, 0.47348753654112924,
79, 3.7039445540601295e-05, 0.5264871288540561, 0.473475831221017,
80, 3.348517457274425e-05, 0.5264980262167365, 0.4734684881317481,
81, 2.6371397938676886e-05, 0.5265074252775163, 0.47346620284724483,
82, 2.2256818401414768e-05, 0.5265153789471162, 0.47346236375781214,
83, 1.4299057597251765e-05, 0.5265250393697497, 0.47346066109884366,
84, 1.0659877681468884e-05, 0.5265323315679085, 0.473457008079823,
85, 7.581832384999464e-06, 0.526539450006934, 0.4734529676839529,
86, 5.056201263843639e-06, 0.526546247541447, 0.47344869578076865,
87, 2.9178456288688044e-06, 0.5265528094869597, 0.47344427219163054,
88, 1.565481140640665e-06, 0.5265590654359634, 0.4734393686074033,
89, 1.0134448727314225e-06, 0.5265650011022575, 0.4734339849775532,
90, 9.104883860279537e-07, 0.5265707931786789, 0.47342829586026997,
91, 6.109257874028951e-07, 0.5265753250670585, 0.47342406353440303,
92, 7.018379179236824e-07, 0.5265796407652191, 0.4734196569246888,
93, 7.550779571614112e-07, 0.526584081262642, 0.4734151631882346,
94, 7.925345749736729e-07, 0.526588634135219, 0.4734105728585498,
95, 9.420349379040473e-07, 0.5265929570038534, 0.4734061004900584,
96, 1.1152974884066215e-06, 0.5265973733007835, 0.4734015109319705,
97, 1.1355529712349252e-06, 0.526601834036465, 0.47339702994160265,
98, 1.8874335582255084e-06, 0.5266059051628976, 0.47339220693370837,
99, 1.9787523750765296e-06, 0.5266095761954804, 0.47338844458343665,
100, 2.6318933811479845e-06, 0.5266128260040808, 0.4733845416329432,
101, 2.176972152246517e-06, 0.5266157573683018, 0.4733820651915155,
102, 2.025763450171616e-06, 0.5266186337071151, 0.4733793400629951,
103, 2.785433699274264e-06, 0.5266210123770013, 0.47337620172254513,
104, 3.5643642052370915e-06, 0.526623249041828, 0.4733731861247162,
105, 4.913067851001847e-06, 0.5266252986255415, 0.47336978783471473,
106, 4.67070982643682e-06, 0.5266279475462058, 0.4733673812723638,
107, 4.891430126027333e-06, 0.5266304606353821, 0.4733646474629336,
108, 5.102262646585588e-06, 0.5266328397993412, 0.47336205746993293,
109, 3.945248188172266e-06, 0.5266337975577587, 0.47336225672509447,
110, 3.604545584008145e-06, 0.5266341633784243, 0.47336223160853125,
111, 4.064176223853875e-06, 0.5266339645901774, 0.47336197076659997,
112, 3.7569661782098906e-06, 0.5266353099595664, 0.4733609326095954,
113, 3.8050389913767883e-06, 0.5266365759722789, 0.4733596185254268,
114, 4.767543326597992e-06, 0.5266374770231353, 0.4733577549696558,
115, 7.181249040726396e-06, 0.5266375006806194, 0.4733553176075011,
116, 7.788241377952291e-06, 0.5266424674768352, 0.4733497438200684,
117, 9.405269040708315e-06, 0.5266470195111549, 0.4733435747598057,
118, 1.0016401652203281e-05, 0.526653238612931, 0.4733367445270778,
119, 9.889727091486223e-06, 0.5266583623434518, 0.4733317474703952,
120, 9.84480480543292e-06, 0.5266662023099922, 0.4733239524273233,
121, 9.041330899513563e-06, 0.5266730665375801, 0.47331789167276017,
122, 1.0098313458628512e-05, 0.5266790701923081, 0.47331083103535176,
123, 9.453776018195186e-06, 0.5266874267022589, 0.47330311906209854,
124, 7.075198981168576e-06, 0.526701879847802, 0.4732910444966306,
125, 5.612580978057499e-06, 0.5267159574944218, 0.4732784294649255,
126, 2.8950469328476384e-06, 0.5267284688959235, 0.4732686355965177,
127, 1.0885947240278144e-06, 0.5267406075309806, 0.4732583034125548,
128, 6.742446524811012e-07, 0.5267517670677472, 0.47324755822693143,
129, 8.522469832097001e-07, 0.5267623728831695, 0.47323677440925044,
130, 1.432061135777243e-06, 0.5267728632906525, 0.47322570418813076,
131, 1.4914389793897727e-06, 0.5267855697091488, 0.4732129383937502,
132, 1.6137364013369863e-06, 0.5267983543467627, 0.4732000314612045,
133, 1.0999312524687875e-06, 0.5268107889630734, 0.4731881106481134,
134, 1.1871245063143619e-06, 0.5268229010858982, 0.47317591133150233,
135, 1.0450328400446309e-06, 0.5268378871385739, 0.4731610673731606,
136, 1.3725734337068273e-06, 0.5268526242192553, 0.47314600275081414,
137, 1.5843618711818756e-06, 0.5268673073191462, 0.47313110786113305,
138, 1.6058961021155512e-06, 0.526882232970067, 0.473116160677374,
139, 1.0648250557240352e-06, 0.5268962262677886, 0.47310270844792185,
140, 8.175594093492075e-07, 0.526909907225688, 0.47308927475500406,
141, 8.58308752054032e-07, 0.5269235333923795, 0.4730756078382432,
142, 7.191180491722194e-07, 0.5269371213359386, 0.47306215908689764,
143, 5.100972675385075e-07, 0.5269508545424628, 0.47304863490181986,
144, 3.543069412183034e-07, 0.526964636022556, 0.47303500921111336,
145, 2.607425692813765e-07, 0.5269784784522595, 0.4730212603461332,
146, 3.9515192234193897e-07, 0.5269919509084681, 0.47300765347954193,
147, 7.650643899605488e-07, 0.527005292999739, 0.47299394147469087,
148, 1.1222842366779087e-06, 0.5270187453351184, 0.4729801319203932,
149, 9.775262343629803e-07, 0.5270344049960584, 0.472964617017887,
150, 9.642629650964053e-07, 0.5270500827067521, 0.4729489525692119,
151, 9.836108027734607e-07, 0.5270658481835848, 0.47293316774348526,
152, 1.0291083773121478e-06, 0.527081699231183, 0.47291727119984184,
153, 1.3287126836297462e-06, 0.5270972675170933, 0.4729014033053859,
154, 1.4599700389322537e-06, 0.5271116364712378, 0.4728869030969276,
155, 6.508940236465282e-07, 0.5271263763442879, 0.4728729723019295,
156, 3.317998373863671e-07, 0.527140828260804, 0.47285883947992474,
157, 2.6590379129451776e-07, 0.5271549209611947, 0.47284481267473855,
158, 2.1810652766919413e-07, 0.5271690922244299, 0.4728306892090773,
159, 2.112000844261829e-07, 0.5271832303191238, 0.47281655801889405,
160, 2.0368495930509314e-07, 0.5271973411268053, 0.4728024547270437,
161, 3.8952475718094647e-07, 0.5272110890058432, 0.4727885210104305,
162, 7.199627061561126e-07, 0.5272248533548644, 0.4727744262223825,
163, 8.343167237733619e-07, 0.5272373676952422, 0.4727617975281826,
164, 8.971968361629988e-07, 0.5272500191256052, 0.4727490832183103,
165, 1.3987330891385245e-06, 0.527262439065967, 0.47273616174219946,
166, 1.6974995365867946e-06, 0.5272777207536583, 0.47272058128890604,
167, 2.109574698672274e-06, 0.5272930564196424, 0.47270483354859616,
168, 1.973487198149217e-06, 0.5273105454508655, 0.47268748060434307,
169, 2.318168202654891e-06, 0.5273278633013425, 0.47266981807241115,
170, 2.5675456448815143e-06, 0.5273453485162665, 0.4726520834811542,
171, 2.2428631307591775e-06, 0.5273617316630137, 0.47263602501749863,
172, 2.4546043919521804e-06, 0.5273779136020198, 0.47261963133702845,
173, 3.515050103834563e-06, 0.5273937621064839, 0.47260272238975115,
174, 5.608230025693788e-06, 0.5274089196861677, 0.4725854716316951,
175, 6.115518692829653e-06, 0.5274247727834058, 0.47256911124507756,
176, 5.278000523459561e-06, 0.5274465211212532, 0.47254820042378715,
177, 2.985101138230048e-06, 0.527474491190182, 0.4725225232570099,
178, 1.9304368551184086e-06, 0.5275018690100296, 0.4724962000994531,
179, 1.3529049564013072e-06, 0.5275290783168022, 0.472469568325338,
180, 9.259510801985515e-07, 0.5275563113708462, 0.47244276222377446,
181, 4.6669257532433265e-07, 0.5275836660484983, 0.47241586680441733,
182, 4.82073903178369e-07, 0.5276105178182753, 0.47238899965323666,
183, 5.586380939382408e-07, 0.5276372052183517, 0.47236223568800895,
184, 8.002419274932152e-07, 0.5276639068682344, 0.4723352924364775,
185, 1.6376161229718092e-06, 0.5276903006340481, 0.4723080612967703,
186, 2.4839288366450737e-06, 0.5277166618064215, 0.47228085381034884,
187, 2.239412074318199e-06, 0.5277434665374502, 0.4722542935979593,
188, 2.1626723308497492e-06, 0.5277702944682675, 0.4722275424082753,
189, 2.5876915883414942e-06, 0.527796944374277, 0.47220046748197014,
190, 3.739010544164823e-06, 0.5278230732059391, 0.47217318732962704,
191, 3.487724089224064e-06, 0.527847914017402, 0.4721485978042468,
192, 4.2192245258842415e-06, 0.5278723499508581, 0.4721234303704385,
193, 4.342700476560329e-06, 0.5278990530760979, 0.47209660376995843,
194, 5.293778203462405e-06, 0.5279251648145629, 0.4720695409535293,
195, 5.606540549310597e-06, 0.5279535600941938, 0.4720408329120397,
196, 4.5021598026814985e-06, 0.5279823812953632, 0.47201311608861096,
197, 3.9218750383879715e-06, 0.5280110276819504, 0.4719850499883124,
198, 3.471398254597093e-06, 0.5280395711205508, 0.4719569570259547,
199, 3.120326450158569e-06, 0.5280679378413472, 0.4719289413774562,
200, 3.871703138933251e-06, 0.5280957333603031, 0.4719003944842159,
201, 3.7066299573305986e-06, 0.5281239313239987, 0.47187236159336365,
202, 5.342896042122246e-06, 0.5281509926899186, 0.4718436639603086,
203, 7.0894349861022995e-06, 0.5281779644210037, 0.47181494568999893,
204, 1.0914853950068768e-05, 0.5282039835778193, 0.4717851011161865,
205, 1.345764585512501e-05, 0.5282318497620848, 0.47175469214141813,
206, 1.7316490769193986e-05, 0.5282591760213663, 0.4717235070388759,
207, 2.018791492878863e-05, 0.5282888840051652, 0.47169092763376147,
208, 2.0607995448537227e-05, 0.5283195262225606, 0.47165986533653287,
209, 1.8625581352061958e-05, 0.5283504540635852, 0.47163091990998507,
210, 1.4041433191816728e-05, 0.528384404789626, 0.4716015533316357,
211, 1.1425997356940432e-05, 0.5284174062494853, 0.47157116730947923,
212, 1.1183332156553267e-05, 0.5284492549062173, 0.47153956131928293,
213, 9.632624379579937e-06, 0.5284817160208602, 0.4715086509136451,
214, 8.559854389586214e-06, 0.5285138892444163, 0.47147755045813106,
215, 7.69129083972908e-06, 0.5285446602615804, 0.4714476480049562,
216, 5.129231983067014e-06, 0.5285780451376657, 0.4714168251883167,
217, 5.25663424413178e-06, 0.528609758088348, 0.4713849848330318,
218, 3.989667034220047e-06, 0.5286400617689704, 0.47135594812090015,
219, 3.3659012211569462e-06, 0.5286701259157105, 0.4713265077398237,
220, 2.1180973902954753e-06, 0.5287023603179496, 0.47129552114341305,
221, 2.0007892292994437e-06, 0.5287339849433739, 0.4712640138279565,
222, 1.2104135719019902e-06, 0.5287671147876694, 0.47123167435785857,
223, 1.0538266479785202e-06, 0.5287998808984551, 0.47119906483515384,
224, 1.0840939531952103e-06, 0.5288323771451849, 0.47116653831829,
225, 9.881862456698738e-07, 0.5288648152235251, 0.47113419615150337,
226, 1.1414791824544186e-06, 0.528897230953431, 0.4711016271287776,
227, 1.6253846824303002e-06, 0.5289295876007574, 0.47106878657403806,
228, 1.1291250513686783e-06, 0.5289596828130418, 0.47103918761963637,
229, 8.440501969108258e-07, 0.5289897512307632, 0.4710094042771353,
230, 9.908580057149785e-07, 0.5290195660414053, 0.47097944265922354,
231, 9.696144713628777e-07, 0.5290494342733816, 0.47094959567236794,
232, 9.81892187477638e-07, 0.5290793907740604, 0.47091962689280636,
233, 1.7304078614088478e-06, 0.5291087507313348, 0.4708895184200106,
234, 1.930405492895397e-06, 0.5291402371874206, 0.47085783196746184,
235, 2.650830109580647e-06, 0.5291715392295966, 0.4708258094987195,
236, 4.263562796530686e-06, 0.5292022480548764, 0.4707934879407243,
237, 4.993895722614124e-06, 0.5292328105074868, 0.4707621951551642,
238, 4.379297342045313e-06, 0.5292637625145477, 0.470731857746109,
239, 5.467346067952856e-06, 0.5292938294818132, 0.47070070273028153,
240, 5.090949636094012e-06, 0.529323856015813, 0.47067105259046915,
241, 6.8361540936104356e-06, 0.5293525801794265, 0.47064058322438207,
242, 7.001971323687109e-06, 0.529379975609019, 0.47061302197691435,
243, 5.32829071634923e-06, 0.5294081106013974, 0.47058656066376414,
244, 5.330881120144849e-06, 0.5294353595531404, 0.47055930912360544,
245, 4.501222044292493e-06, 0.5294623417397826, 0.47053315659720096,
246, 5.181280812759879e-06, 0.5294885157058985, 0.470506302572958,
247, 4.267920640386742e-06, 0.5295145978532395, 0.47048113378303186,
248, 3.534906721655396e-06, 0.5295405501225032, 0.4704559145269555,
249, 2.76331633657316e-06, 0.5295663809578071, 0.4704308552813522,
250, 3.6226309942342146e-06, 0.5295911203419936, 0.47040525658318816,
251, 3.2578829112482807e-06, 0.5296163770130122, 0.47038036465829836,
252, 2.9669687820510263e-06, 0.5296415615555147, 0.4703554710304197,
253, 4.492752168044e-06, 0.5296655717738492, 0.4703299350275263,
254, 5.168385302234825e-06, 0.5296893187329886, 0.47030551243199864,
255, 5.023531522492881e-06, 0.5297127908098713, 0.47028218520897913,
256, 3.2620704324984776e-06, 0.5297350185433523, 0.4702617189385734,
257, 2.803637211149765e-06, 0.5297566496346138, 0.47024054628295026,
258, 3.0372444260414766e-06, 0.5297780285595249, 0.470218933750194,
259, 3.2576039176988967e-06, 0.529799381411806, 0.4701973605394589,
260, 2.7237683779832672e-06, 0.5298221681399802, 0.47017510764505205,
261, 2.830179261748113e-06, 0.5298446985492271, 0.47015247082574835,
262, 4.102520195863676e-06, 0.5298666127869225, 0.47012928424625944,
263, 4.428394804246956e-06, 0.529888924230548, 0.47010664692926024,
264, 3.533620525982901e-06, 0.529917001241388, 0.4700794646926912,
265, 3.449627089415068e-06, 0.5299444957165883, 0.47005205421045504,
266, 3.2927527304630787e-06, 0.5299718889663286, 0.47002481783383093,
267, 3.1619399140506817e-06, 0.529999138295702, 0.4699976993182708,
268, 2.886901056539771e-06, 0.530029113331295, 0.46996799932374994,
269, 1.6950465541272616e-06, 0.53005746353373, 0.4699408409728133,
270, 1.1589996940297114e-06, 0.5300855323619179, 0.4699133081943819,
271, 1.1604303574016165e-06, 0.5301132938996218, 0.4698855452229356,
272, 1.04173119561646e-06, 0.5301410848488417, 0.4698578729753441,
273, 1.4903653398613604e-06, 0.5301685761917722, 0.46982993299785863,
274, 1.876663023522372e-06, 0.5301960701561939, 0.4698020527358288,
275, 1.0742557970217595e-06, 0.5302263783796823, 0.4697725469188961,
276, 7.481407493374938e-07, 0.5302565286537253, 0.46974272276256707,
277, 8.554898512028819e-07, 0.5302864416024501, 0.4697127024628114,
278, 1.1994371606352322e-06, 0.5303163061429573, 0.4696824939738609,
279, 7.28910563198512e-07, 0.5303432284822516, 0.4696560421609115,
280, 5.515635505976491e-07, 0.5303700899530762, 0.4696293580377217,
281, 6.070285177508487e-07, 0.5303968229396113, 0.4696025695864315,
282, 7.894854099761376e-07, 0.5304235619665634, 0.46957564809989666,
283, 1.1552261159910545e-06, 0.5304500527377979, 0.46954879158933527,
284, 1.3854829987439563e-06, 0.5304765018655969, 0.46952211220348666,
285, 1.9810486256587886e-06, 0.5305028468534821, 0.46949517165124005,
286, 1.5883799455614934e-06, 0.5305275730649138, 0.4694708381095529,
287, 6.364440927888052e-07, 0.5305511919497696, 0.469448171160397,
288, 4.958272105884735e-07, 0.5305741171888531, 0.46942538653778,
289, 4.915326388402041e-07, 0.5305970666574332, 0.4694024413655311,
290, 3.985231892796383e-07, 0.5306201673817419, 0.46937943365065266,
291, 3.860048666680241e-07, 0.5306433213908247, 0.4693562921583719,
292, 6.059282621864727e-07, 0.5306663436287348, 0.4693330500001643,
293, 7.827713478408379e-07, 0.5306894958088542, 0.4693097209795659,
294, 1.2577808338221809e-06, 0.5307125965046878, 0.469286145273172,
295, 1.5100413833707123e-06, 0.5307336024254181, 0.4692648870926076,
296, 7.070998220341595e-07, 0.5307549285442341, 0.469244363912531,
297, 6.447434953984034e-07, 0.5307756129340483, 0.4692237418816609,
298, 7.077323304532543e-07, 0.5307963384864742, 0.4692029533410555,
299, 7.659713068412532e-07, 0.5308171699464487, 0.469182063641833,
300, 1.1481458780875888e-06, 0.5308379273541564, 0.4691609240586954,
301, 1.5218132277025884e-06, 0.5308588011648521, 0.4691396765819346,
302, 2.4308422600679533e-06, 0.5308794763712222, 0.46911809234511154,
303, 2.295154045874337e-06, 0.5308983695284891, 0.4690993348780853,
304, 2.9902661230230563e-06, 0.5309169278413922, 0.4690800814539809,
305, 5.072596269675526e-06, 0.5309348782085324, 0.46906004875545854,
306, 5.563765674103556e-06, 0.5309528524389827, 0.4690415833565091,
307, 4.723129591832214e-06, 0.5309682794488021, 0.4690269969837307,
308, 5.551419062184313e-06, 0.5309828348498262, 0.46901161329444463,
309, 5.059429699114598e-06, 0.5309997115202507, 0.46899522861331966,
310, 3.174263279829011e-06, 0.5310139878798577, 0.46898283741855545,
311, 2.8444363760160916e-06, 0.5310274412398721, 0.46896971388733016,
312, 1.776872799067059e-06, 0.5310424291813858, 0.46895579350880373,
313, 1.4512257400265178e-06, 0.5310571240267449, 0.46894142430937613,
314, 1.2557839794190233e-06, 0.5310718575367557, 0.4689268862401723,
315, 9.073172570342025e-07, 0.5310867712338356, 0.4689123210100898,
316, 1.3250223359193001e-06, 0.5311010388436627, 0.46889763569265097,
317, 1.0363583580014623e-06, 0.5311135407480868, 0.46888542245425485,
318, 6.3415269878117e-07, 0.5311259789321808, 0.4688733864749487,
319, 6.049180052297322e-07, 0.5311382125734266, 0.46886118206749844,
320, 5.937495943354571e-07, 0.531150524457604, 0.46884888135364616,
321, 1.2439595521393919e-06, 0.5311622358551231, 0.46883651974619145,
322, 1.7213907840610302e-06, 0.531173902364219, 0.468824375804091,
323, 2.4421359356591012e-06, 0.5311855521955718, 0.4688120052269786,
324, 2.368921373150232e-06, 0.5311975251040093, 0.46880010553125295,
325, 1.4594312622782896e-06, 0.5312078008869217, 0.46879073923676445,
326, 1.0572809472272166e-06, 0.5312179173802507, 0.4687810248919741,
327, 1.485262385194255e-06, 0.5312273593547742, 0.4687711549364593,
328, 9.925788728133456e-07, 0.5312371640814915, 0.46876184289613454,
329, 9.858982608303212e-07, 0.5312466906661275, 0.4687523229910959,
330, 1.6197903169162948e-06, 0.5312558757108902, 0.46874250405293655,
331, 1.3416994608735099e-06, 0.5312632173609018, 0.4687354404926595,
332, 1.1139646144334331e-06, 0.5312706442461951, 0.46872824134224167,
333, 6.628867443876692e-07, 0.5312809542217304, 0.4687183824444176,
334, 8.224799342704323e-07, 0.5312906967207464, 0.468708480352735,
335, 7.975243922375636e-07, 0.5313004222075638, 0.46869877982225955,
336, 5.202423306702149e-07, 0.5313091644337108, 0.4686903148798798,
337, 4.167632354196867e-07, 0.5313177950730199, 0.4686817877194867,
338, 3.301565942187994e-07, 0.5313262648142638, 0.46867340458583406,
339, 2.7288269601490077e-07, 0.5313348166568052, 0.46866491001543653,
340, 4.618504675346944e-07, 0.5313429908600928, 0.46865654684188723,
341, 7.910105159819194e-07, 0.5313511916892394, 0.46864801685359925,
342, 1.3982062752141073e-06, 0.5313593212198046, 0.4686392801275226,
343, 1.3810618950919318e-06, 0.5313670978012404, 0.4686315206933756,
344, 8.335219216619083e-07, 0.5313737554045356, 0.4686254106304544,
345, 1.021693885758424e-06, 0.531379781415304, 0.4686191964498817,
346, 1.22580241202077e-06, 0.531385903257876, 0.46861287049952827,
347, 2.002065572491471e-06, 0.5313918220369016, 0.4686061754576401,
348, 2.708706310799688e-06, 0.5313978905106824, 0.4685994003470123,
349, 2.3501176786693e-06, 0.5314022288177896, 0.46859542062773196,
350, 2.4665316375685212e-06, 0.5314061511569067, 0.468591381871803,
351, 1.7545021247572106e-06, 0.5314083727183241, 0.4685898723380849,
352, 2.2646996768919585e-06, 0.5314097125992526, 0.4685880222602359,
353, 3.4739146163149514e-06, 0.5314107690538715, 0.46858575659264357,
354, 5.387902129132475e-06, 0.5314115692447826, 0.46858304241344306,
355, 5.724273270714165e-06, 0.5314123971483476, 0.46858187813876767,
356, 5.414696874631613e-06, 0.5314154296352116, 0.4685791552284951,
357, 5.6341102531529e-06, 0.5314182930075435, 0.4685760724440144,
358, 6.495358367018529e-06, 0.5314209333081235, 0.4685725708931135,
359, 1.0760247497908227e-05, 0.5314215990900045, 0.4685676402240145,
360, 1.3678573568134636e-05, 0.5314222194207697, 0.4685641015684527,
361, 1.5634849931404932e-05, 0.5314250285635211, 0.4685593361480048,
362, 1.9543432109064858e-05, 0.5314269387323891, 0.46855351739585027,
363, 2.459928675720264e-05, 0.5314281317583972, 0.4685472685142256,
364, 2.6253969523631504e-05, 0.5314343951144461, 0.46853935047427486,
365, 2.484238683018187e-05, 0.5314420243694019, 0.46853313280373454,
366, 2.626073985580713e-05, 0.5314483003306015, 0.4685254384896521,
367, 2.5221867040584374e-05, 0.5314535242343305, 0.46852125345753903,
368, 2.695464247712212e-05, 0.5314571673954269, 0.4685158775222949,
369, 3.4570553477682844e-05, 0.5314577625963584, 0.46850766641088215,
370, 3.813362383102317e-05, 0.531460328868218, 0.4685015370668569,
371, 4.004424501645464e-05, 0.5314649454630036, 0.4684950098534647,
372, 4.463549285436526e-05, 0.5314682940375575, 0.46848707003054124,
373, 4.4717457829114517e-05, 0.53147260563988, 0.46848267646352426,
374, 4.036640385464147e-05, 0.5314814088884249, 0.46847822426840735,
375, 3.734032594446983e-05, 0.5314894916104705, 0.4684731676220651,
376, 3.0358192483087442e-05, 0.531498671133054, 0.4684709702313675,
377, 1.7780660404417468e-05, 0.5315106441613395, 0.46847157473740725,
378, 9.627845514053592e-06, 0.5315204199642672, 0.4684699517468791,
379, 5.468730468808805e-06, 0.53152819737001, 0.46846633345736377,
380, 4.966272403191118e-06, 0.531533813557621, 0.46846121972932964,
381, 4.418381875460628e-06, 0.5315422097641179, 0.4684533714164184,
382, 3.854845960360705e-06, 0.5315504784879851, 0.46844566623059924,
383, 4.388078367078472e-06, 0.5315581605854399, 0.4684374508980694,
384, 3.5588676944800587e-06, 0.5315638216254704, 0.46843261907181866,
385, 2.07901773935425e-06, 0.5315684253658262, 0.4684294951779702,
386, 1.3335520070322056e-06, 0.5315727267942727, 0.4684259392173899,
387, 1.144781431935395e-06, 0.5315767191078693, 0.4684221356748799,
388, 1.2690065391895934e-06, 0.5315806198822697, 0.4684181106768415,
389, 2.0387798546481948e-06, 0.531584163151104, 0.46841379763525764,
390, 2.2432111381064677e-06, 0.5315866052676942, 0.4684111510880337,
391, 2.4385733539741498e-06, 0.5315890208351887, 0.46840854015699007,
392, 1.6483811778592772e-06, 0.5315973509220676, 0.46840100026187903,
393, 1.371538289869248e-06, 0.5316055198579939, 0.4683931081680954,
394, 2.1546458013070788e-06, 0.531612892688653, 0.4683849522291811,
395, 1.9632154300550516e-06, 0.5316174738547165, 0.4683805624944237,
396, 1.9879440019807285e-06, 0.5316220495521413, 0.46837596207086657,
397, 1.4735291435465644e-06, 0.5316288526613565, 0.4683696733749959,
398, 1.0107336184215891e-06, 0.531635737990246, 0.468363250840757,
399, 8.117587662663752e-07, 0.5316423295115272, 0.4683568582941379,
400, 1.0744800481195613e-06, 0.5316486720937416, 0.46835025299169525,
401, 1.3594484890967819e-06, 0.5316551087416357, 0.46834353137544493,
402, 1.521154178666881e-06, 0.5316615771047338, 0.4683369013088061,
403, 7.373161861011415e-07, 0.531668424722792, 0.4683308375299642,
404, 7.485201945156638e-07, 0.53167459719016, 0.46832465385799377,
405, 7.650781565025799e-07, 0.5316808700487299, 0.46831836444203123,
406, 9.705019359472967e-07, 0.5316871158783666, 0.468311913191723,
407, 1.1831652992900251e-06, 0.5316934621864674, 0.4683053542210867,
408, 2.152150684266096e-06, 0.5316994110846954, 0.4682984363367626,
409, 2.4049959436269577e-06, 0.5317051391680631, 0.4682924554080963,
410, 3.966161922915102e-06, 0.5317101854019644, 0.4682858480070578,
411, 4.148254998335362e-06, 0.531719993053153, 0.46827585826427487,
412, 5.819028871108298e-06, 0.5317290142880465, 0.4682651662560184,
413, 5.986242428716215e-06, 0.5317385083207907, 0.46825550500992896,
414, 7.876350159186137e-06, 0.5317472102405543, 0.4682449129811079,
415, 8.024905999782316e-06, 0.5317608625683894, 0.4682311121005897,
416, 8.175616051688585e-06, 0.5317771604802377, 0.46821466347801827,
417, 6.369788879449349e-06, 0.5317942588442699, 0.46819937093652836,
418, 4.889990041484908e-06, 0.5318110549089384, 0.46818405467268526,
419, 4.5119638694664825e-06, 0.5318271179875192, 0.4681683696197097,
420, 6.095185435587776e-06, 0.5318419517024128, 0.46815195268065884,
421, 8.864494046754594e-06, 0.5318562906113359, 0.4681348444637977,
422, 9.26276374385695e-06, 0.531870485224107, 0.46812025158163606,
423, 9.693686077649906e-06, 0.5318824362394037, 0.4681078696422533,
424, 8.343539630595137e-06, 0.5318955557447772, 0.46809610028383475,
425, 8.791273553549093e-06, 0.5319078401804004, 0.4680833681154651,
426, 1.1355702705430395e-05, 0.5319191402294309, 0.4680695036379721,
427, 1.2032377147935008e-05, 0.5319330497595847, 0.46805491743440175,
428, 1.0842046516978712e-05, 0.5319476146224236, 0.4680415429020627,
429, 9.948267303280197e-06, 0.5319621373333462, 0.4680279139719595,
430, 9.484857042471493e-06, 0.5319764045857294, 0.4680141101295619,
431, 8.024281710265509e-06, 0.5319923428877062, 0.46799963240178655,
432, 4.747372509778101e-06, 0.5320146896751189, 0.467980562524994,
433, 3.2712241712939156e-06, 0.5320361504913299, 0.4679605778571465,
434, 2.9292575260465203e-06, 0.5320571105416094, 0.4679399597718156,
435, 2.643175203521635e-06, 0.532077921181104, 0.46791943521941015,
436, 2.2159680785050926e-06, 0.5321015655687237, 0.46789621803945436,
437, 1.9669258511308857e-06, 0.5321252278296743, 0.467872804820143,
438, 2.349750717724111e-06, 0.5321486631484512, 0.4678489866776545,
439, 1.7479678859735573e-06, 0.5321692623486047, 0.46782898926116356,
440, 1.050319683403114e-06, 0.5321900221476121, 0.4678089271124124,
441, 6.929469136206883e-07, 0.5322104489044353, 0.4677888577302074,
442, 5.981358582005235e-07, 0.5322307166547853, 0.4677686847906735,
443, 5.905063076642406e-07, 0.5322510155791029, 0.46774839349774633,
444, 6.725811127604601e-07, 0.5322711169311, 0.4677282100721977,
445, 9.946880021736651e-07, 0.5322911930258628, 0.46770781187140303,
446, 1.62593543662608e-06, 0.5323109629639184, 0.4676874106843256,
447, 2.231475758575401e-06, 0.5323307178238499, 0.46766705028409444,
448, 1.7844759954655916e-06, 0.5323512628023513, 0.4676469523060272,
449, 2.0083912813820624e-06, 0.5323715505299697, 0.46762644066151127,
450, 3.3794966540669676e-06, 0.5323912475947863, 0.4676053724923932,
451, 6.132913741503074e-06, 0.5324103301150913, 0.4675835365564715,
452, 6.856327973720558e-06, 0.5324295178109997, 0.4675636254452683,
453, 6.88087623842721e-06, 0.5324477016848517, 0.46754541702786373,
454, 7.107664455866267e-06, 0.5324657496742761, 0.467527142248078,
455, 6.44901639614079e-06, 0.532483517578421, 0.4675100329920739,
456, 5.999474680765598e-06, 0.5325010471552036, 0.46749295295825083,
457, 6.2216632640152184e-06, 0.5325183359400617, 0.46747544198388913,
458, 6.6294691453797765e-06, 0.5325354179623494, 0.4674579521559939,
459, 5.4398340463380255e-06, 0.5325505998255939, 0.46744395992508103,
460, 4.36523647161409e-06, 0.5325644351758091, 0.4674311991731127,
461, 3.4949181511208696e-06, 0.5325781311698039, 0.4674183734991104,
462, 1.8000073206058295e-06, 0.5325934535305547, 0.46740474604941024,
463, 1.0849859353003616e-06, 0.5326083554193523, 0.46739055918135947,
464, 8.838822146120921e-07, 0.5326230781688078, 0.4673760375339382,
465, 7.316085980547915e-07, 0.5326378782413034, 0.46736138973700486,
466, 9.176899833700554e-07, 0.5326524784207325, 0.46734660347431994,
467, 1.2372866331407183e-06, 0.5326670996421502, 0.4673316626553029,
468, 1.3819100948644152e-06, 0.5326819312774124, 0.4673166863978711,
469, 1.2966540606620609e-06, 0.532699525526478, 0.4672991774052936,
470, 1.056667066482665e-06, 0.53271730184005, 0.46728164108057296,
471, 1.1937063329642684e-06, 0.5327349791663977, 0.46726382671422195,
472, 1.683861293502531e-06, 0.5327523459590435, 0.4672459697663159,
473, 1.5362717200013626e-06, 0.5327693482241125, 0.467229115089005,
474, 1.285208511766436e-06, 0.5327862750634212, 0.4672124393123188,
475, 1.864285119921117e-06, 0.5328025507211889, 0.4671955845782939,
476, 1.4462692517971465e-06, 0.5328234855340007, 0.46717506777996126,
477, 8.582890290896178e-07, 0.5328444685767693, 0.4671546727169686,
478, 5.236549685214254e-07, 0.5328651594181203, 0.46713431650949294,
479, 7.251769474358082e-07, 0.5328853093835457, 0.46711396502277175,
480, 1.1277550493115342e-06, 0.5329052276377333, 0.4670936441906267,
481, 2.879129547165513e-06, 0.5329242220143661, 0.4670728984428467,
482, 3.7884765415224734e-06, 0.532944692198628, 0.46705151890845453,
483, 3.3131094364992882e-06, 0.5329638778904704, 0.46703280858252666,
484, 4.080742439910438e-06, 0.5329823953288072, 0.46701352351189646,
485, 5.344491454793046e-06, 0.5330007687150459, 0.46699388637645534,
486, 5.1703878456486785e-06, 0.533018973841886, 0.4669758553498595,
487, 3.490563541132545e-06, 0.5330420243035213, 0.4669544847133388,
488, 2.072165060344286e-06, 0.5330648111085757, 0.4669331163050596,
489, 1.7661557014497095e-06, 0.5330869815079092, 0.46691125191618094,
490, 1.6869336779889918e-06, 0.5331091369685809, 0.4668891756773306,
491, 2.925481714012684e-06, 0.5331303720612244, 0.466866702037352,
492, 3.020832008496281e-06, 0.533149875812971, 0.46684710293711285,
493, 2.002159724005082e-06, 0.5331675662444214, 0.46683043117885903,
494, 1.5980010599040795e-06, 0.5331847814971248, 0.4668136200828885,
495, 1.1433517228704794e-06, 0.5332019904330533, 0.46679686579753094,
496, 1.0985786804109659e-06, 0.5332190835087988, 0.46677981749715586,
497, 4.3749366558453123e-07, 0.5332375405050701, 0.4667620215861956,
498, 3.0433881233884205e-07, 0.5332554676119058, 0.466744227637394,
499, 3.045152162650846e-07, 0.5332733146139534, 0.4667263804573154,
500, 4.268547179172515e-07, 0.5332910898397466, 0.46670848289266387,
501, 5.700629707606511e-07, 0.533308932613174, 0.4666904969098504,
502, 7.573005552401501e-07, 0.5333265839026378, 0.46667265838513944,
503, 8.467186731299517e-07, 0.5333443970070981, 0.46665475586575483,
504, 4.3689237910362997e-07, 0.533361075303885, 0.466638487394567,
505, 3.7983227303121615e-07, 0.5333773437921057, 0.46662227596501643,
506, 4.456980902010608e-07, 0.5333935247954312, 0.46660602909802346,
507, 5.407157587269802e-07, 0.5334095403566098, 0.4665899185158484,
508, 5.540986600908186e-07, 0.5334256996531054, 0.46657374583603195,
509, 8.081899955039484e-07, 0.5334417120390129, 0.4665574793590151,
510, 1.3191543055328442e-06, 0.533457665880894, 0.46654101455491087,
511, 2.5434408973373305e-06, 0.5334732397944402, 0.4665242163539909,
512, 2.8816857739606517e-06, 0.5334871391571887, 0.46650997874897293,
513, 4.066426022271481e-06, 0.5335006778579314, 0.46649525530819075,
514, 4.453396676833133e-06, 0.533513890452365, 0.4664816557424516,
515, 3.386134771284457e-06, 0.5335257772514244, 0.4664708362061491,
516, 3.1459001279444747e-06, 0.5335373099647751, 0.46645954372727566,
517, 3.6297674034312884e-06, 0.5335483182006759, 0.46644805162359815,
518, 5.392752357835365e-06, 0.5335587698542614, 0.4664358369860353,
519, 5.7946751210803915e-06, 0.5335753412089878, 0.4664188637049964,
520, 4.871841460224624e-06, 0.533589276505811, 0.4664058512441125,
521, 2.265615349771915e-06, 0.5336043388948282, 0.46639339508097505,
522, 1.0795474685159553e-06, 0.5336187502473527, 0.4663801697964703,
523, 5.752931128500387e-07, 0.533632892567203, 0.4663665317298746,
524, 6.766943766766083e-07, 0.5336464571996881, 0.4663528656952392,
525, 5.646532739132884e-07, 0.5336600189813615, 0.4663394159550047,
526, 6.907758635115582e-07, 0.5336734516567028, 0.4663258571557094,
527, 5.954756099305238e-07, 0.533687101794736, 0.4663123023165405,
528, 1.0696155627396285e-06, 0.5337002095625565, 0.46629872041029535,
529, 1.6515856190158059e-06, 0.5337133723870844, 0.46628497561550636,
530, 2.8756503445143465e-06, 0.5337263168131547, 0.46627080712600577,
531, 3.990446832246387e-06, 0.5337372017735377, 0.4662588073685353,
532, 4.313286258077049e-06, 0.5337496479521663, 0.46624603835130435,
533, 3.862782129795472e-06, 0.5337636916576733, 0.46623244515193996,
534, 4.2385207780938774e-06, 0.533777385327812, 0.4662183757432312,
535, 5.624238804177354e-06, 0.5337906407103501, 0.4662037346439783,
536, 6.3368536937402135e-06, 0.5338061167516448, 0.4661875459856463,
537, 5.589962983488457e-06, 0.5338220389419641, 0.4661723706864089,
538, 3.9410269790350136e-06, 0.5338395656759499, 0.466156492889304,
539, 2.830714234990527e-06, 0.5338569194766506, 0.4661402494009935,
540, 2.3871102040769357e-06, 0.5338737523722604, 0.466123860113514,
541, 2.7234451507267506e-06, 0.5338901615712457, 0.466107114580249,
542, 3.7899769592921244e-06, 0.5339062767866679, 0.4660899328349396,
543, 4.076314902382329e-06, 0.5339239475807298, 0.4660719757035411,
544, 2.876996613006105e-06, 0.5339414735290062, 0.4660556490729259,
545, 2.4367444501391184e-06, 0.5339586796437447, 0.46603888321022074,
546, 2.491920063317938e-06, 0.5339754581151216, 0.4660220495624734,
547, 2.745181265431675e-06, 0.5339922480178332, 0.46600500639843356,
548, 1.929766577718399e-06, 0.5340064358597342, 0.46599163397233256,
549, 2.0513956686959455e-06, 0.5340201265526903, 0.4659778216478837,
550, 2.4118587534328558e-06, 0.5340338022018677, 0.46596378553686374,
551, 2.792418621815467e-06, 0.5340473484750139, 0.4659498587055654,
552, 3.0242853023133186e-06, 0.534058766770981, 0.46593820854299006,
553, 3.623348103900009e-06, 0.5340701053378955, 0.46592627091316946,
554, 3.076850731670798e-06, 0.5340836471886964, 0.4659132755578094,
555, 3.3002438337299318e-06, 0.5340968608119859, 0.4658998385446241,
556, 2.639448771129648e-06, 0.5341104803591569, 0.46588687979029986,
557, 2.3275193606770378e-06, 0.5341240243043701, 0.46587364777483625,
558, 2.765393127212051e-06, 0.5341372778543448, 0.4658599563506617,
559, 3.570154061631756e-06, 0.534150453193735, 0.4658459762522618,
560, 3.124650863998787e-06, 0.534163489832285, 0.46583338511720046,
561, 3.6092732913189046e-06, 0.5341761424795594, 0.4658202478485321,
562, 2.934504678122172e-06, 0.534187082142876, 0.46580998295440684,
563, 2.945753937460052e-06, 0.5341975095847629, 0.4657995442610033,
564, 3.1397295547018668e-06, 0.5342079537008256, 0.46578890617058094,
565, 4.844966456627261e-06, 0.534217613895488, 0.4657775407378529,
566, 5.826780404637528e-06, 0.5342293391503172, 0.4657648336700893,
567, 6.089235401113445e-06, 0.5342402173322753, 0.4657536930347445,
568, 4.845104960627945e-06, 0.5342560214810492, 0.4657391330146186,
569, 3.6256554867107186e-06, 0.5342719577654298, 0.4657244161800335,
570, 2.36843739560913e-06, 0.5342906713072753, 0.46570695985646743,
571, 1.8349186260544873e-06, 0.5343088463863148, 0.4656893182945941,
572, 1.6533286904028216e-06, 0.5343269255451938, 0.4656714207240371,
573, 1.672455227835484e-06, 0.5343450046159919, 0.4656533225304064,
574, 1.1636732692466934e-06, 0.5343653098078021, 0.46563352612069847,
575, 9.122972355822333e-07, 0.5343853083864194, 0.46561377891663125,
