Optimize time:0.383224191599422
Begin Prob:-27359.670363809644
End Prob:-27294.96189637217
Substitution parameters:[0.22458286705111602, 0.254632708770298, 0.26933088512975334, 0.2514535390488327, 1.8957549977026993]
Trees:
(4:619.2206108193069,(1:618.034370715906,(2:615.8015108826809,3:619.2206108193069):618.1638663201708):618.034370715906);
(4:619.2206108193069,(3:618.034370715906,(1:618.034370715906,2:619.2206108193069):618.034370715906):619.2206108193069);
(4:0.669211,(2:1.03478,(1:618.034370715906,3:0.631215):0.216427):0.669211);

Position, Posteriors1, Posteriors2, Posteriors3,
0, 0.002882188445975036, 0.6647820448417003, 0.3323357675778515,
1, 0.0022446747636014185, 0.6653982717882546, 0.33235705431717544,
2, 0.0017678391955688515, 0.6658941264710554, 0.3323380352032567,
3, 0.0014397178193725469, 0.6662614680284595, 0.33229881502215564,
4, 0.0013120331903553654, 0.6664928290780251, 0.33219513860110195,
5, 0.0012459388949701718, 0.6666671574946895, 0.3320869044786367,
6, 0.0011531967724125651, 0.6668344133959493, 0.33201239069985466,
7, 0.0010130111589970036, 0.6670817562260868, 0.3319052334848957,
8, 0.0008430480555371312, 0.6673257842608501, 0.3318311685517961,
9, 0.0006086790608966373, 0.6676064425441615, 0.33178487926357114,
10, 0.0004622840728229996, 0.6678705724028393, 0.3316671443946525,
11, 0.00030704695034771936, 0.6681746644877292, 0.3315182894293225,
12, 0.00020969126888343992, 0.6684804326233331, 0.33130987697572584,
13, 0.00017239681257387378, 0.6687389208504173, 0.331088683202606,
14, 0.00015350657389124158, 0.6689670722576804, 0.33087942203383336,
15, 0.00014471493300884778, 0.669158432159432, 0.33069685377238955,
16, 0.00012988871640413677, 0.6693555921612482, 0.33051451998829956,
17, 0.00012769525054483622, 0.6695260409783353, 0.3303462646368806,
18, 0.00011826775927298766, 0.6696746602555407, 0.330207072853005,
19, 0.00010318711263565932, 0.6698287029842406, 0.3300681107701301,
20, 9.584917391640815e-05, 0.6699962287316925, 0.3299079229607851,
21, 0.00010772205208237742, 0.670164747312186, 0.329727531500563,
22, 0.0001206517549598096, 0.6703265124771021, 0.3295528366345764,
23, 0.00012666027990144855, 0.6704917687121841, 0.32938157187393863,
24, 0.00013057801813061022, 0.6706441737687537, 0.32922524907815837,
25, 0.00014326195952570433, 0.6708297810912158, 0.3290269578160173,
26, 0.0001553386923649479, 0.6710392914641782, 0.3288053707126558,
27, 0.00016506895602419653, 0.6712693254342232, 0.3285656064771016,
28, 0.00016577950098512699, 0.6714867945605321, 0.32834742680713364,
29, 0.000159180425524865, 0.6717081892761916, 0.32813263116744734,
30, 0.0001421295551560136, 0.6719691030583134, 0.32788876825401375,
31, 0.00012064358731758103, 0.672249911118991, 0.32762944615975126,
32, 9.835798261078157e-05, 0.6725553376618508, 0.3273463052215177,
33, 8.777933669515106e-05, 0.672834198958768, 0.3270780225702597,
34, 7.433781728660896e-05, 0.6730977143478212, 0.3268279486984752,
35, 6.786461839103788e-05, 0.6733967929283199, 0.3265353433182758,
36, 6.955410267978682e-05, 0.6736709064085699, 0.3262595403513469,
37, 6.506068260186525e-05, 0.6739850289198741, 0.3259499112616311,
38, 7.094109106219011e-05, 0.6742870056019552, 0.32564205417192893,
39, 8.742942382338121e-05, 0.6745722644011141, 0.32534030703876726,
40, 0.00010664646630634679, 0.6748546036086179, 0.3250387507929305,
41, 0.00013740017286338353, 0.6751494415461379, 0.3247131591492683,
42, 0.00016406384659282025, 0.6754292250199786, 0.32440671200071214,
43, 0.00017505641616265575, 0.6757026003987724, 0.32412234405266804,
44, 0.00018376254581492095, 0.6759623781026891, 0.3238538602154695,
45, 0.00021450338983090405, 0.6761968751578632, 0.3235886223204227,
46, 0.0002688474770208123, 0.6764422592383188, 0.32328889415368967,
47, 0.00047206796324985564, 0.6766317074462959, 0.3228962254568961,
48, 0.0006568228055019264, 0.6768491186220712, 0.3224940594402768,
49, 0.0009145217610481121, 0.6770010773025856, 0.3220844018044057,
50, 0.0011632486746546455, 0.6771413138938914, 0.32169543829970043,
51, 0.0015002798253834027, 0.6772268073547301, 0.32127291368700955,
52, 0.001726942692334686, 0.6773429494035663, 0.3209301087710779,
53, 0.0024458349459397523, 0.6772291453685874, 0.32032502055112977,
54, 0.003012387043655602, 0.6771608599295229, 0.319826753893862,
55, 0.003387572574980575, 0.6771658866962735, 0.31944654159756414,
56, 0.0036968213927607583, 0.6772072074174215, 0.3190959720580372,
57, 0.004175839896323917, 0.6771814823481748, 0.3186426786256832,
58, 0.005091626559302363, 0.6769092873546846, 0.31799908695627144,
59, 0.0057445510802229295, 0.6768169720898718, 0.31743847769982375,
60, 0.006799633759928817, 0.6765794002696575, 0.3166209668422474,
61, 0.007850858112936697, 0.6764270120547068, 0.31572213070573985,
62, 0.008870119256733401, 0.6762683353056907, 0.3148615463133142,
63, 0.00964190478830015, 0.6762226838177073, 0.3141354122676762,
64, 0.010239111764763897, 0.6762580074917759, 0.31350288161894585,
65, 0.011386982482651787, 0.676005894723452, 0.31260712367067955,
66, 0.012148188872902881, 0.6759109258742979, 0.3119408861325305,
67, 0.013606162715095908, 0.6754475745269675, 0.3109462636375793,
68, 0.014503854398496035, 0.675241251910245, 0.3102548945708759,
69, 0.015438465781728581, 0.6750488917102413, 0.3095126433869468,
70, 0.016063849867144202, 0.6749817869097666, 0.308954364104622,
71, 0.0165046374828576, 0.6749871355909146, 0.3085082278094286,
72, 0.01691257495740898, 0.67499029459064, 0.30809713133494676,
73, 0.01720959997422073, 0.6750208345595344, 0.307769566349089,
74, 0.01757650133858133, 0.6750123961736696, 0.30741110336925187,
75, 0.017931483238692914, 0.6749941822297885, 0.30707433541249857,
76, 0.01827358024106766, 0.6749671386712794, 0.30675928196792474,
77, 0.018656303849257563, 0.6749471585499923, 0.3063965384842549,
78, 0.018932830036896765, 0.6749543075132649, 0.3061128633341961,
79, 0.01918498567887927, 0.674957230638132, 0.30585778456355006,
80, 0.01956527700003977, 0.6748780705799561, 0.3055566533007558,
81, 0.0197970958456196, 0.6748588978052973, 0.305344007231159,
82, 0.01995059460569302, 0.6748836433366542, 0.30516576293967623,
83, 0.020095088263547264, 0.674898881774577, 0.3050060308458872,
84, 0.020343874401525325, 0.6748257171806495, 0.3048304093033093,
85, 0.02053080037542673, 0.6747906791773371, 0.3046785213315804,
86, 0.02063366542376631, 0.6747862733480006, 0.3045800621160192,
87, 0.020633287156901277, 0.6748230058135258, 0.30454370791975227,
88, 0.020671847867353082, 0.6748306962688949, 0.3044974567538493,
89, 0.02060997436700689, 0.6749227283290894, 0.30446729819606755,
90, 0.020480882996752478, 0.6750547322520084, 0.30446438564598155,
91, 0.02029548331871591, 0.6752235770488992, 0.3044809405293655,
92, 0.020139307974616646, 0.6753678362759186, 0.304492856647526,
93, 0.020178950597621845, 0.6753889609428615, 0.30443208935318444,
94, 0.020206737514616168, 0.6753996844450446, 0.30439357893390134,
95, 0.020379863300775018, 0.6753058136735682, 0.30431432391972507,
96, 0.020451848273158546, 0.6752497122787936, 0.30429844034627657,
97, 0.020423533980795144, 0.6752779393568781, 0.3042985275593201,
98, 0.020468601583732676, 0.6752520216479563, 0.3042793776644266,
99, 0.02042410738169783, 0.6752591172849546, 0.30431677622708597,
100, 0.020314187056050863, 0.6753022115694269, 0.3043836022671879,
101, 0.020129913358563015, 0.6753611947592996, 0.30450889277514126,
102, 0.01986175436368613, 0.675468529492345, 0.3046697170359568,
103, 0.019447256692832413, 0.6756966718734768, 0.3048560723268027,
104, 0.018990391202602347, 0.6759690270953846, 0.30504058259405015,
105, 0.018320720201472518, 0.6764069930177391, 0.3052722876745651,
106, 0.017231088498697762, 0.6770841075756927, 0.3056848048199367,
107, 0.01609227193665643, 0.6777675124448032, 0.3061402165100903,
108, 0.014958845398237174, 0.6784271372764786, 0.30661401821726425,
109, 0.013469332874484732, 0.6792948928498216, 0.3072357751673298,
110, 0.01168043900909629, 0.6803434219143021, 0.3079761399697001,
111, 0.011194439910075916, 0.6806356301496959, 0.30816993083229766,
112, 0.010512309203800264, 0.681041780988964, 0.3084459106993218,
113, 0.010016294620143007, 0.6813227763853454, 0.30866092988910643,
114, 0.009657841256371586, 0.6815086004647173, 0.3088335591719588,
115, 0.009271967716575189, 0.6816927828529055, 0.30903525032716905,
116, 0.008857044891183247, 0.6818759008054719, 0.30926705519813363,
117, 0.00827449742260853, 0.682152009264454, 0.30957349421011043,
118, 0.008115315121553654, 0.6821968160435331, 0.3096878697339514,
119, 0.007850777944529654, 0.6823281456780761, 0.3098210772757877,
120, 0.0074961540640508155, 0.6824828307121501, 0.31002101612509453,
121, 0.00690965417773588, 0.6827554904063494, 0.3103348563207922,
122, 0.0061998363952512365, 0.6831013612940925, 0.3106988032118013,
123, 0.0052332710475227655, 0.6836393863935744, 0.3111273434621065,
124, 0.004932621715535257, 0.6838002859385108, 0.3112670932523578,
125, 0.004580583673746616, 0.6839679932924455, 0.31145142393836717,
126, 0.004233750581252477, 0.6841567310828303, 0.31160951924391805,
127, 0.0038234697368748627, 0.6843576322522223, 0.3118188989187233,
128, 0.0035855816763457177, 0.6844935513426955, 0.3119208678887041,
129, 0.0032338627883203947, 0.6846732206406391, 0.312092917480562,
130, 0.0029935934406906443, 0.6848026790501851, 0.31220372842048155,
131, 0.0026856440823057274, 0.6849466726124428, 0.31236768421664485,
132, 0.002460763894474557, 0.6850317992761191, 0.3125074377401903,
133, 0.0021245249230766837, 0.6851586551961049, 0.31271682079077046,
134, 0.0019179597979759272, 0.6852471886593027, 0.31283485245184595,
135, 0.0017724243506908913, 0.6852898923655976, 0.3129376841927185,
136, 0.0015584403824384482, 0.6854053188606651, 0.31303624166650074,
137, 0.0012076315988549103, 0.6855870809824923, 0.3132052883300094,
138, 0.0009894657994099793, 0.6857301438902136, 0.3132803912209895,
139, 0.0007065562998055373, 0.6859113924314915, 0.3133820521768422,
140, 0.0005028197608447646, 0.6860347200359334, 0.31346246111126214,
141, 0.0004226169377991468, 0.6860779152472901, 0.3134994687207176,
142, 0.0003508514297413798, 0.6861100938327619, 0.31353905564442464,
143, 0.00031232902684419264, 0.6861056681536277, 0.3135820037301956,
144, 0.00027128299412037556, 0.6860889218707658, 0.3136397960451334,
145, 0.0002071245099130121, 0.6860640678841001, 0.3137288085150714,
146, 0.0001631664849388892, 0.6860008487380501, 0.3138359856860674,
147, 0.00011101995146848427, 0.6859198526442777, 0.3139691283132638,
148, 7.473359187670982e-05, 0.6858442542176534, 0.3140810131002553,
149, 5.24270902418434e-05, 0.6857937734920532, 0.3141538003275935,
150, 4.022952176093127e-05, 0.685720699864002, 0.3142390715241407,
151, 4.0981574912267545e-05, 0.6856516731799357, 0.31430734615367323,
152, 3.7624627289016064e-05, 0.6855622582691367, 0.3144001180149618,
153, 3.270950577242375e-05, 0.6855052308694402, 0.3144620605382221,
154, 2.531755167942542e-05, 0.6854658028702273, 0.31450888049339576,
155, 2.0055997428308953e-05, 0.6853996537694946, 0.31458029114736763,
156, 1.9696201885525735e-05, 0.6853181520200627, 0.31466215269489517,
157, 2.296245035945723e-05, 0.6852164684215644, 0.3147605700449859,
158, 2.8193677264585315e-05, 0.6851277227096992, 0.3148440845288912,
159, 3.527724077363706e-05, 0.6850281127636265, 0.3149366109088649,
160, 3.6495963633376065e-05, 0.6849116779693797, 0.3150518269801613,
161, 4.405720767849727e-05, 0.6847803419541078, 0.31517560175193277,
162, 4.819467304655498e-05, 0.6846302692811689, 0.31532153696033055,
163, 4.7833921324888534e-05, 0.6844588708941589, 0.31549329610006355,
164, 4.1396336771027814e-05, 0.6842708635622856, 0.3156877410169605,
165, 4.696351166609387e-05, 0.684087817073294, 0.31586522033012326,
166, 4.90017677813359e-05, 0.6838839999023842, 0.31606699924619935,
167, 4.756422311665285e-05, 0.6836836930898541, 0.31626874360314206,
168, 4.911486592097876e-05, 0.6834963708240993, 0.31645451522664564,
169, 5.029740028273459e-05, 0.6833344391224886, 0.3166152643946054,
170, 5.5741162546712486e-05, 0.683188320029024, 0.3167559397240476,
171, 5.9587086078123454e-05, 0.6830751534523295, 0.316865260377261,
172, 6.0775021436005836e-05, 0.6829799277227215, 0.31695929817418,
173, 6.46709907115594e-05, 0.6828733758770127, 0.3170619540513855,
174, 7.164210897160343e-05, 0.6827552053796532, 0.3171731534315954,
175, 8.004610511359879e-05, 0.6826346443903083, 0.3172853104231849,
176, 8.27990305903607e-05, 0.6825146168027719, 0.3174025850826515,
177, 7.965939349951295e-05, 0.6823965066827736, 0.31752383483977137,
178, 8.980703025135962e-05, 0.6822640149927555, 0.3176461788925309,
179, 9.805457637496079e-05, 0.6821186375943994, 0.3177833087445226,
180, 0.00010011404506868061, 0.6819540707011829, 0.3179458161706547,
181, 0.00012607736372519747, 0.6817863918324557, 0.3180875317212502,
182, 0.00014170604277871982, 0.6816079958399, 0.31825029903470353,
183, 0.0001618920868034987, 0.6814256268288092, 0.3184124820065534,
184, 0.00016820380736259227, 0.6812382962344492, 0.3185935008809921,
185, 0.0001819592646844846, 0.6810186977183856, 0.3187993439376217,
186, 0.0001852767633296332, 0.6808372041552653, 0.3189775200038164,
187, 0.00019903706266674023, 0.6806835711547479, 0.31911739270529543,
188, 0.00024554875107654064, 0.6805025547099978, 0.3192518974622766,
189, 0.0002883815536435549, 0.6803066303185635, 0.3194049890522298,
190, 0.0003156307634026454, 0.6801532211161988, 0.3195311490441712,
191, 0.00032819525678789285, 0.6799888658782147, 0.3196829397866274,
192, 0.00032635317447347656, 0.6798565145082138, 0.31981713323843225,
193, 0.0003409851937932866, 0.6796968598568499, 0.31996215587416993,
194, 0.0003385243121141752, 0.6795349437038033, 0.32012653290809145,
195, 0.0003238126809084151, 0.6793770306003303, 0.3202991576420553,
196, 0.0003214987536166554, 0.6792286288729245, 0.32044987329701274,
197, 0.00030717532160845403, 0.6790842789528727, 0.320608546648867,
198, 0.0002775351519392096, 0.6789262981318531, 0.3207961676406512,
199, 0.00022857666285900627, 0.6787585018189841, 0.32101292244012697,
200, 0.00017404378931574815, 0.6785774191882745, 0.32124853794669067,
201, 0.0001515968699921015, 0.6783744934931242, 0.32147391056186064,
202, 0.00011843036322985925, 0.678149281461893, 0.32173228909744955,
203, 9.596982106689135e-05, 0.677889736871649, 0.3220142942301858,
204, 8.510767351198036e-05, 0.6776056620680394, 0.3223092311798726,
205, 7.875325355768603e-05, 0.6773083917397947, 0.3226128559241864,
206, 6.423693247190839e-05, 0.6770480791460173, 0.3228876848409177,
207, 5.629702705814613e-05, 0.6768039952506414, 0.32313970864333263,
208, 4.2270062021482236e-05, 0.6765345451459689, 0.3234231857105619,
209, 3.428306899467814e-05, 0.6762977652508056, 0.32366795260120323,
210, 3.898299725441175e-05, 0.6760682188496148, 0.32389279907254415,
211, 3.918525239906685e-05, 0.675813164679984, 0.3241476509885913,
212, 4.758769351846779e-05, 0.6755470458436004, 0.32440536738479553,
213, 6.66182112453679e-05, 0.6752620761221535, 0.3246713065865271,
214, 8.312858774717022e-05, 0.6749603589147524, 0.32495651341804793,
215, 0.00011736968345088185, 0.6746351050717593, 0.32524752616368213,
216, 0.0001382544849047843, 0.674374153665389, 0.3254875927678759,
217, 0.00017193781583513194, 0.6741219843906037, 0.3257060787128264,
218, 0.00019475680141108076, 0.673852552769014, 0.3259526913445479,
219, 0.0002047694351629577, 0.6735689674710108, 0.32622626400916227,
220, 0.00020484220685898147, 0.6732880813831796, 0.3265070773231463,
221, 0.00019078007176497503, 0.6730015578340164, 0.3268076630051349,
222, 0.00016655740507342523, 0.6727185819919999, 0.32711486151752245,
223, 0.00012836679721404113, 0.6724392675873687, 0.3274323665293013,
224, 8.725673872294088e-05, 0.6721815806727472, 0.3277311635039064,
225, 6.125480591706981e-05, 0.6719365285310445, 0.3280022175769607,
226, 3.297912505292105e-05, 0.6716775088192649, 0.32828951297092906,
227, 2.0038564480675148e-05, 0.6713971588706603, 0.32858280348242064,
228, 1.2539298363533913e-05, 0.6710953486919871, 0.3288921129291137,
229, 1.1721301295619388e-05, 0.6708021589571125, 0.32918612065941755,
230, 1.2719370096204993e-05, 0.6704889454623454, 0.3294983360875167,
231, 1.2081490263853825e-05, 0.6702409801255971, 0.3297469393008978,
232, 7.826844982268238e-06, 0.6699907066911335, 0.3300014673841932,
233, 5.916052678303738e-06, 0.6697276241129912, 0.33026646075426463,
234, 6.061625200878195e-06, 0.669457435074402, 0.3305365042193835,
235, 7.532910231044224e-06, 0.6691664645507983, 0.33082600345750157,
236, 8.958216738930824e-06, 0.6688619205148377, 0.33112912218478346,
237, 1.674053177802967e-05, 0.6685660696153441, 0.33141719077165815,
238, 1.9989910180400824e-05, 0.6682697271918766, 0.3317102838147783,
239, 3.765272284710489e-05, 0.6679787524774581, 0.3319835957166148,
240, 5.3350259978201126e-05, 0.6676735467596115, 0.3322731038956519,
241, 6.070919266382154e-05, 0.6673507142489633, 0.3325885774724254,
242, 7.006861993057096e-05, 0.667025335418476, 0.33290459687391155,
243, 9.262236883258863e-05, 0.666678450052208, 0.3332289284918367,
244, 0.00011332961760056173, 0.6663685834711055, 0.3335180878272992,
245, 0.00012371728084031218, 0.6661165093610787, 0.33375977427223835,
246, 0.00013202818703900447, 0.6658506601980484, 0.33401731253156103,
247, 0.00013235245415536224, 0.665585171439706, 0.3342824770219188,
248, 0.0001259173274607445, 0.6653203319192859, 0.33455375166712725,
249, 0.00011106872536740237, 0.6650944266828025, 0.3347945055053396,
250, 9.2912624574354e-05, 0.6648537173454137, 0.33505337094181675,
251, 8.066363000306478e-05, 0.66459935006032, 0.33531998722103756,
252, 7.674257281603685e-05, 0.6643218996621185, 0.3356013586730392,
253, 7.476076688675119e-05, 0.6640422618300753, 0.33588297831249936,
254, 6.989133680868565e-05, 0.6637821935310442, 0.3361479160411112,
255, 6.21210967171993e-05, 0.66354149372587, 0.3363963860854738,
256, 5.338620208248015e-05, 0.6633604319609162, 0.33658618274517765,
257, 4.853464366760703e-05, 0.663192131297315, 0.3367593349711549,
258, 5.173299738347029e-05, 0.6630059535206027, 0.3369423143920998,
259, 6.125317698659543e-05, 0.6627979484511275, 0.33714079927939555,
260, 6.94871547280736e-05, 0.6626131321227393, 0.3373173816294987,
261, 7.016657889026632e-05, 0.6624113205012258, 0.3375185138275233,
262, 6.667092797063674e-05, 0.6621897420363927, 0.33774358794301845,
263, 8.249223659440746e-05, 0.6619708708501887, 0.3379466378224895,
264, 8.980596178409404e-05, 0.6617892535836596, 0.3381209413615198,
265, 0.00010193306575656812, 0.6615943136017997, 0.3383037542413715,
266, 0.00010339545912439812, 0.6613918722369068, 0.33850473321147007,
267, 0.00010270907892964702, 0.6612095889043497, 0.33868770292305944,
268, 0.00011064875008991472, 0.6610042237269209, 0.33888512842568097,
269, 0.00012871980865489135, 0.6607748775799793, 0.33909640351407977,
270, 0.00013427357960362862, 0.6605401327790883, 0.3393255945441321,
271, 0.00014498109748277673, 0.660291571497949, 0.33956344831015284,
272, 0.00016666247057437136, 0.6600718234588361, 0.3397615149758592,
273, 0.00019971000906089962, 0.6598595617278509, 0.3399407291675209,
274, 0.00021712599705685218, 0.6596365005926308, 0.340146374315256,
275, 0.0002286482203949437, 0.6593945388814737, 0.3403768138040737,
276, 0.00023135803552678207, 0.6591291130282926, 0.34063952983963386,
277, 0.00023183464771134803, 0.6588497036151785, 0.3409184626421062,
278, 0.00022320591717579148, 0.6585732565533782, 0.3412035384323853,
279, 0.00020556105812960632, 0.6582983872231645, 0.3414960526212846,
280, 0.0001856068924838277, 0.6580091688078376, 0.3418052251996321,
281, 0.00015253473140888256, 0.6577231190276447, 0.3421243471419385,
282, 0.00010534547306501014, 0.657442066397949, 0.342452589029153,
283, 8.492775835863027e-05, 0.6571339875784754, 0.3427810855638905,
284, 6.294322602692604e-05, 0.6568626098805327, 0.34307444779547613,
285, 3.855034986275332e-05, 0.6566124375973641, 0.3433490129566688,
286, 2.0484040667684266e-05, 0.6563305466514657, 0.3436489702138829,
287, 1.2337982021769086e-05, 0.6560383911088489, 0.3439492718145448,
288, 9.933692148175281e-06, 0.6557362966023392, 0.34425377060967716,
289, 6.047260972830635e-06, 0.6554588562559059, 0.3445350973860601,
290, 6.087546025182025e-06, 0.6551918752877566, 0.3448020380651187,
291, 6.179205886819152e-06, 0.6549403640682686, 0.3450534576256237,
292, 1.0429795955083392e-05, 0.6546988396353082, 0.34529073146667516,
293, 1.083158014947786e-05, 0.6544386610075982, 0.3455505083102775,
294, 1.7560050781955428e-05, 0.6541871478325014, 0.3457952930148354,
295, 1.868000716670305e-05, 0.6539245996191819, 0.346056721271324,
296, 1.5853373940910208e-05, 0.6536985669872165, 0.346285580534064,
297, 1.3900148901985874e-05, 0.6534614990550003, 0.34652460169237326,
298, 1.3394463862881687e-05, 0.6531921997689699, 0.3467944066636907,
299, 1.3181023217917572e-05, 0.6529098025879415, 0.3470770172870787,
300, 1.014134048477487e-05, 0.6526310834086553, 0.3473587761498912,
301, 6.556123553413079e-06, 0.652350653681912, 0.347642791096748,
302, 4.284430837460277e-06, 0.6520507833864965, 0.3479449330849309,
303, 4.9282130114612725e-06, 0.6517623335693362, 0.3482327391227064,
304, 9.39772945787817e-06, 0.6514842975607492, 0.3485063056134611,
305, 1.5712329915738884e-05, 0.6511726811032664, 0.34881160747206846,
306, 2.6336461132226242e-05, 0.6508388233036996, 0.349134841140105,
307, 3.9950825923168394e-05, 0.6504914430078708, 0.3494686070714857,
308, 4.771951316775066e-05, 0.650145332696783, 0.34980694869444107,
309, 5.1675863260786337e-05, 0.6497754921421106, 0.3501728329008751,
310, 4.775865719320114e-05, 0.6493955162489189, 0.35055672599928567,
311, 3.760596390442861e-05, 0.6489985023030175, 0.3509638926379772,
312, 4.1484822368316556e-05, 0.6486103918372171, 0.3513481242467429,
313, 5.3187942012502295e-05, 0.6482040709439573, 0.3517427420194173,
314, 9.489253198925339e-05, 0.6477907363277503, 0.3521143720502897,
315, 0.0001340150842185931, 0.6473621526654267, 0.3525038331600773,
316, 0.00017561188852389598, 0.6469612821288413, 0.3528631068943034,
317, 0.00020093681177413254, 0.6466263694208054, 0.35317269467680035,
318, 0.00021326986953782603, 0.646277075835165, 0.35350965520290456,
319, 0.00023548058447674013, 0.6459375340765949, 0.35382698624521597,
320, 0.00024623574256931623, 0.6456004208000522, 0.3541533443651542,
321, 0.00024384089587440664, 0.6452481772824568, 0.35450798272830886,
322, 0.0002392652435719625, 0.6449602572324868, 0.3548004784329986,
323, 0.0002449295648635389, 0.6446844893821444, 0.3550705819629413,
324, 0.0002761366731335143, 0.6443864650465593, 0.35533739919020346,
325, 0.0002984810907063977, 0.6440961207365985, 0.3556053990810731,
326, 0.00030554254536761225, 0.6438405636074043, 0.355853894757499,
327, 0.0003001233105131306, 0.6436244653077116, 0.3560754122904524,
328, 0.00028096185397953795, 0.6433923508723548, 0.3563266881848426,
329, 0.00024379623930700068, 0.6431477319150873, 0.3566084727599944,
330, 0.0002222016693593675, 0.6429132820962271, 0.35686451714879236,
331, 0.00020961550198934437, 0.6426454496854807, 0.3571449357258427,
332, 0.0001934040155646444, 0.6423619816052911, 0.35744461529163146,
333, 0.00016746460394190284, 0.6420825381727485, 0.35774999813867,
334, 0.00015121974331525087, 0.6418135586561865, 0.358035222516946,
335, 0.0001253171538238506, 0.6415195578103694, 0.35835512595333724,
336, 0.00012536316613512492, 0.6412255265618241, 0.3586491111901547,
337, 0.00012248526221298923, 0.6409152272800052, 0.3589622883748096,
338, 0.00012023918409561154, 0.6405975616355625, 0.35928220009868156,
339, 0.0001223924034799508, 0.6402632546109425, 0.3596143539033306,
340, 0.00012127119644108352, 0.6399495648945936, 0.35992916482852677,
341, 0.00011349191323107827, 0.6396384165437614, 0.3602480924631449,
342, 0.0001169139131781352, 0.6393093111218364, 0.36057377588490147,
343, 0.00013057252975088196, 0.6389539467007643, 0.36091548168980664,
344, 0.00014328151553965945, 0.6386245520656593, 0.36123216734256164,
345, 0.00015088399540166884, 0.6382738492302857, 0.3615752677018268,
346, 0.00016397390654771085, 0.637905836893637, 0.3619301901263821,
347, 0.00016681168082324202, 0.6375799556783075, 0.36225323356672734,
348, 0.00015867800008813475, 0.6372862127355624, 0.3625551101907248,
349, 0.00016094987704921027, 0.6370234144783583, 0.36281563657191074,
350, 0.0001856240424720585, 0.6367396329776963, 0.3630747439089134,
351, 0.00019713319167950137, 0.6364412695972402, 0.3633615981414956,
352, 0.00022933114288326516, 0.636117278654327, 0.3636533911315693,
353, 0.00033800080913733567, 0.6357550379227406, 0.363906962196932,
354, 0.00040246126753326747, 0.6354080697491578, 0.36418946991343143,
355, 0.00045374066617242067, 0.6350451556813816, 0.3645011045813265,
356, 0.0004890345538374119, 0.634691637629723, 0.36481932874644846,
357, 0.0005093584996133002, 0.6343174480750233, 0.36517319435797785,
358, 0.0005109857716277846, 0.6339308190820678, 0.36555819607707574,
359, 0.0005329379399621666, 0.6335566069894266, 0.3659104560036909,
360, 0.0005429181522940418, 0.633161584377942, 0.36629549840327763,
361, 0.0005906657566148754, 0.6327266237437726, 0.366682711431656,
362, 0.000620575942394401, 0.6323011748623847, 0.3670782501293909,
363, 0.0006406900673631125, 0.6318833990904575, 0.36747591177567346,
364, 0.0006418787215775781, 0.6314524371851133, 0.36790568502633253,
365, 0.0006411578904358328, 0.631088928944276, 0.3682699140971625,
366, 0.0006396651935197167, 0.6307511415390739, 0.3686091942012872,
367, 0.0006343744072021099, 0.6304515704423179, 0.36891405608333455,
368, 0.0006255784909937305, 0.6301893642615674, 0.36918505817907266,
369, 0.000597404333541487, 0.6299154498667684, 0.369487146731369,
370, 0.0005662684114451702, 0.6296271699283399, 0.3698065625937298,
371, 0.0005395922008604303, 0.6293297339731837, 0.3701306747612718,
372, 0.0005268510518761171, 0.6289948708258671, 0.37047827905886926,
373, 0.0004895366681336676, 0.628657662822938, 0.37085280144527416,
374, 0.000430555603916793, 0.6283268751064942, 0.3712425702256181,
375, 0.00038898710230130646, 0.6279737543934643, 0.3716372594422194,
376, 0.0003480637883378886, 0.6276471507172301, 0.37200478642979995,
377, 0.0003211214336332904, 0.6273023413659837, 0.3723765381361486,
378, 0.00031603677206802004, 0.6269246800571716, 0.3727592841049039,
379, 0.00031054623383432395, 0.6266133325808323, 0.373076122120466,
380, 0.0002985185612801966, 0.6262810109026008, 0.37342047147236873,
381, 0.00029420607235282136, 0.6259308040896756, 0.3737749907731794,
382, 0.0002860828288722263, 0.6255639467641186, 0.3741499713451356,
383, 0.00026384651237144056, 0.6251803015650653, 0.37455585286082105,
384, 0.00024627634036105935, 0.6247925968692263, 0.3749611277265527,
385, 0.00021487656255481796, 0.6244078532877514, 0.37537727108628793,
386, 0.00017363265474896683, 0.6240298855484115, 0.3757964827360046,
387, 0.00016830330774585874, 0.6236494673939196, 0.3761822302345368,
388, 0.0001593087990954506, 0.6232905648117167, 0.3765501273261601,
389, 0.00015588509644710223, 0.6229140442961236, 0.37693007154663716,
390, 0.00015472891242713084, 0.6225342825954621, 0.3773109894324453,
391, 0.00014405999837225036, 0.6222001629561814, 0.37765577798483196,
392, 0.0001248480622905079, 0.6218389251601534, 0.3780362277176378,
393, 0.00011144330456069853, 0.6214608661759099, 0.37842769146334887,
394, 0.0001055806128620056, 0.6210984878974466, 0.3787959324336662,
395, 9.71402779067496e-05, 0.6207173229529621, 0.3791855377120319,
396, 9.969411791959969e-05, 0.6203167864068582, 0.3795835204182443,
397, 0.00010682171507760746, 0.6199012652415091, 0.37999191398481147,
398, 0.00010470781241299487, 0.6194652978434494, 0.3804299952855615,
399, 0.00010785802197852491, 0.6190437780908591, 0.3808483648315282,
400, 0.00010878074907172615, 0.618606280878276, 0.3812849393166681,
401, 0.00011528555047703158, 0.6181311140344775, 0.3817536013589488,
402, 0.00011997570000572422, 0.6176973710307871, 0.38218265421427305,
403, 0.0001224001990032803, 0.6172475098803132, 0.382630090865122,
404, 0.00011519174703680376, 0.6167762322390685, 0.38310857695835804,
405, 9.770097804528201e-05, 0.6162839238483407, 0.38361837612011424,
406, 8.995446749516324e-05, 0.6158142328860532, 0.3840958135937518,
407, 7.988612347115011e-05, 0.6153688000761474, 0.3845513147496423,
408, 5.894528166937425e-05, 0.614903001034649, 0.3850380546339418,
409, 5.194605929693129e-05, 0.6144241429339892, 0.3855239119585677,
410, 6.161449969016648e-05, 0.6139534275165812, 0.38598495893419754,
411, 6.444532566087108e-05, 0.6134827962737761, 0.3864527593510242,
412, 6.825875537311918e-05, 0.6130094235341206, 0.38692231866292365,
413, 6.931784730879743e-05, 0.6125168780699431, 0.3874138050379823,
414, 6.631740358796147e-05, 0.6119982745513703, 0.38793540899737716,
415, 8.08432041226713e-05, 0.6114844731353078, 0.38843468461479663,
416, 0.00013351684334908284, 0.610959074826366, 0.38890740928438516,
417, 0.0001857613650242889, 0.610506020848415, 0.3893082187387132,
418, 0.00030359782107067045, 0.6100000890298041, 0.38969631409941907,
419, 0.0004906947605000543, 0.6094926464088063, 0.39001665978198663,
420, 0.000625324581344804, 0.6090602112058946, 0.3903144651665711,
421, 0.0007042667056081626, 0.608648709477537, 0.39064702477022795,
422, 0.0007453459015863732, 0.6082455849028824, 0.3910090701500696,
423, 0.0008053231410023653, 0.6078154883038661, 0.3913791895086232,
424, 0.0009066183838262829, 0.6073207900552199, 0.39177259251341695,
425, 0.0009705369915835285, 0.6068233349850392, 0.3922061289786816,
426, 0.0010809630561399572, 0.6063370951076906, 0.3925819427927099,
427, 0.0013360060259411536, 0.6057436345227858, 0.39292036040714967,
428, 0.0015801225070500133, 0.6051811905428999, 0.3932386879058952,
429, 0.0018126987950807243, 0.6046044998217971, 0.3935828023388624,
430, 0.001989906212237463, 0.6040645025458453, 0.3939455921981944,
431, 0.002090851166060667, 0.6035600447606867, 0.39434910503184634,
432, 0.002148930685222172, 0.6030577235955058, 0.39479334667997934,
433, 0.0021870674343311865, 0.602570254097479, 0.39524267942859825,
434, 0.002284434271198942, 0.6020215879953584, 0.3956939786917516,
435, 0.002347405551212219, 0.6014607755068113, 0.39619181990194885,
436, 0.0024469627842380946, 0.6008607883526591, 0.3966922498233614,
437, 0.00250226496559249, 0.6003318516038556, 0.3971658843895569,
438, 0.00253035548381435, 0.5998154412878148, 0.3976542041882209,
439, 0.002523432769841024, 0.5993792167501035, 0.3980973514432588,
440, 0.0024816145491879937, 0.5989993638122143, 0.3985190226002117,
441, 0.0023831100828374, 0.5986286809420881, 0.39898820993622225,
442, 0.002257125535604037, 0.5982428402684123, 0.39950003515842514,
443, 0.0021781720517224834, 0.5978544151708948, 0.3999674137389779,
444, 0.002074888483309666, 0.5974790648580814, 0.40044604762347097,
445, 0.001933452448497798, 0.5971186111085511, 0.400947937409148,
446, 0.0017282239300175075, 0.5968289730179426, 0.4014428040171072,
447, 0.0015830926986702685, 0.5965016322732263, 0.4019152759932414,
448, 0.001477543277544204, 0.5961427251123069, 0.40237973257252063,
449, 0.001411791332987687, 0.5957845249305173, 0.40280368469957806,
450, 0.001314332989123855, 0.595407819885106, 0.40327784808987016,
451, 0.001171385940795845, 0.595045995747813, 0.4037826192739324,
452, 0.000982979869271596, 0.594670813480835, 0.40434620761256224,
453, 0.000792974246669548, 0.5942764130029717, 0.4049306137102718,
454, 0.0006854902928795916, 0.5938271591268179, 0.4054873515418027,
455, 0.0005728604309028141, 0.5933609491629556, 0.4060661913670745,
456, 0.0005476505288965069, 0.5928755331731572, 0.40657681725989675,
457, 0.0005192097310588586, 0.5924154329877114, 0.4070653582447979,
458, 0.0004853270965178424, 0.5919369946254535, 0.40757767924041305,
459, 0.0004422387548683275, 0.5914323231257776, 0.4081254390831901,
460, 0.0004232054475879976, 0.5909450992892479, 0.4086316962268813,
461, 0.0003900420713804236, 0.5904281675549222, 0.4091817913377931,
462, 0.00037154504656686737, 0.589923248000486, 0.4097052079143153,
463, 0.0003404218147849065, 0.5894226202294568, 0.41023695891667633,
464, 0.0002945985446414136, 0.5889274553511454, 0.4107779470654849,
465, 0.0002281458096860071, 0.5884845684476726, 0.41128728670395304,
466, 0.00018291161920375659, 0.5880517308895093, 0.41176535845216744,
467, 0.00014922523965890037, 0.587599033093733, 0.41225174262828235,
468, 0.00015001388883116793, 0.5871482987679205, 0.41270168830580267,
469, 0.0001561136597018135, 0.5866817361422164, 0.41316215115948274,
470, 0.00018321523267270424, 0.5861946024498116, 0.4136221832792756,
471, 0.0002154916036061169, 0.585701641310012, 0.41408286804706956,
472, 0.00027280408119463183, 0.5851692222462694, 0.4145579746334876,
473, 0.00030646484368374667, 0.5846828827963344, 0.4150106533235473,
474, 0.0003346182751257944, 0.5842209721337513, 0.4154444105538083,
475, 0.0003486597918513111, 0.583745636746978, 0.4159057044252423,
476, 0.00035164719540497363, 0.5832417033666569, 0.4164066504050241,
477, 0.00034365109921379033, 0.5827075153860266, 0.4169488344834171,
478, 0.00032110431600804564, 0.5822480149280967, 0.4174308817245582,
479, 0.0002867918324366917, 0.5817911014689492, 0.4179221076666242,
480, 0.0002659248547840265, 0.5813460566798858, 0.4183880194344432,
481, 0.00022669890236387387, 0.5809381800986825, 0.4188351219718059,
482, 0.00018812424873131911, 0.5805996295459265, 0.41921224717979333,
483, 0.00015977599889225488, 0.5802424431621749, 0.419597781812832,
484, 0.00014483428713753856, 0.5799232279124124, 0.41993193877663604,
485, 0.00011325310545422506, 0.5795968718264082, 0.42028987604542006,
486, 9.004760683216653e-05, 0.5792522078690222, 0.42065774550150914,
487, 8.837873496650557e-05, 0.5789103985427986, 0.4210012237005152,
488, 7.907006857074538e-05, 0.5786124873449665, 0.4213084435650075,
489, 7.13477173656962e-05, 0.5783119708714087, 0.4216166823889069,
490, 6.67309146892643e-05, 0.5779962033292374, 0.42193706673564413,
491, 7.017234892086683e-05, 0.5776545006547638, 0.42227532797646283,
492, 8.051233613223118e-05, 0.5773327906550688, 0.4225866979905285,
493, 8.258376563216229e-05, 0.5769913624363661, 0.42292605477717116,
494, 7.761114233562026e-05, 0.5766505054511613, 0.4232718843882178,
495, 8.428824919371155e-05, 0.5762965734214391, 0.42361913930940487,
496, 8.501395113471533e-05, 0.5759422731868352, 0.4239727138419424,
497, 8.01847593520138e-05, 0.5755884683955846, 0.4243313478284022,
498, 8.439520243162521e-05, 0.5752075949516327, 0.42470801082745724,
499, 9.566574880220747e-05, 0.574866450311486, 0.4250378849205449,
500, 0.000113023678452071, 0.5744900968378195, 0.42539688046636953,
501, 0.00014990495734627926, 0.5740784490397414, 0.4257716469831789,
502, 0.00017556568170437264, 0.5736700986619779, 0.42615433663641367,
503, 0.00019810896103088997, 0.5732425426367103, 0.42655934938182877,
504, 0.00022981305535194359, 0.5727939068340366, 0.4269762810908024,
505, 0.0002600883386471755, 0.5723270490808351, 0.42741286356162705,
506, 0.00027701230806703145, 0.5718630103760987, 0.4278599782960237,
507, 0.00030040643922571333, 0.5713932911529258, 0.4283063033902284,
508, 0.00031199241807363515, 0.5709283277398889, 0.42875968082306615,
509, 0.00032985116061868115, 0.5704579737886534, 0.42921217603384504,
510, 0.0003758515915515251, 0.5699451293047768, 0.4296790200847623,
511, 0.00041232275314674176, 0.5694097081009589, 0.4301779701264116,
512, 0.00043977702297587535, 0.568851175729126, 0.43070904822964384,
513, 0.0004853891074149475, 0.5683000656314436, 0.43121454624326333,
514, 0.0005812111310349805, 0.5676886381236622, 0.4317301517276,
515, 0.0006742875504128976, 0.56712294104942, 0.4322027723798272,
516, 0.0007535555781844766, 0.5665354364280529, 0.4327110089734508,
517, 0.0010176069244465186, 0.5658346896863851, 0.4331477043694195,
518, 0.0011991275172484413, 0.5652344883537986, 0.43356638511051604,
519, 0.0014478600059558402, 0.5645705800090661, 0.4339815609664377,
520, 0.0016738035759522496, 0.563944909236832, 0.43438128816965743,
521, 0.0019440338134877986, 0.56328624420208, 0.4347697229678966,
522, 0.002128106928905817, 0.5627281157132348, 0.4351437783402423,
523, 0.002536323344300161, 0.5619996562041584, 0.435464021437383,
524, 0.0028873849798758235, 0.5612801283716016, 0.4358324876332219,
525, 0.003130413826305423, 0.5606816647264583, 0.4361879224319935,
526, 0.003404997136692447, 0.5600533200119997, 0.43654168383768704,
527, 0.0036352472283933705, 0.559456296801314, 0.4369084569564743,
528, 0.0038519898427453038, 0.5589098875176651, 0.43723812362756664,
529, 0.004174424822584898, 0.5583124528274703, 0.43751312333652564,
530, 0.0044190374167963455, 0.5577357578648716, 0.43784520570568963,
531, 0.0046716195288495, 0.5571832236178442, 0.4381451578418628,
532, 0.004831610947430924, 0.556663844847485, 0.4385045451945475,
533, 0.004925827408056537, 0.5561597965204892, 0.43891437706122877,
534, 0.005307837914667773, 0.5554823632431145, 0.43920979983463543,
535, 0.0056297097408439896, 0.5548466526974861, 0.4395236385546353,
536, 0.0059030614163629765, 0.5542139820219283, 0.43988295755362383,
537, 0.006164145982930695, 0.5536138224878393, 0.44022203252318254,
538, 0.006342900693367082, 0.5531099078380771, 0.4405471924598942,
539, 0.006599566685087584, 0.5525393212005407, 0.44086111310733916,
540, 0.006763875890827475, 0.5520885619721541, 0.4411475631309742,
541, 0.00686299741755503, 0.5516734484826342, 0.44146355509328533,
542, 0.006952754668240827, 0.5513023593694966, 0.44174488695759745,
543, 0.00696467697210394, 0.5509585890675773, 0.4420767349537293,
544, 0.006916673598352408, 0.5506197333537949, 0.44246359404132257,
545, 0.0068199948211679195, 0.5502712865552736, 0.4429087196170987,
546, 0.006643904541387328, 0.5499299938395289, 0.44342610261319587,
547, 0.006540221118697956, 0.5495222781614342, 0.4439375017159001,
548, 0.006556088172616168, 0.5490396739621505, 0.4444042388608245,
549, 0.006530639429544843, 0.5485421527169747, 0.4449272088490851,
550, 0.006588526350825445, 0.5479755103010224, 0.4454359643433368,
551, 0.006597231737426999, 0.5474809627501387, 0.44592180650537416,
552, 0.006622262710922331, 0.546969080642827, 0.44640865763903603,
553, 0.006661464427073403, 0.5464402283019264, 0.44689830826366456,
554, 0.006658637499421857, 0.5458968895239023, 0.4474444739697635,
555, 0.006599993752823143, 0.5454219939480733, 0.44797801329364717,
556, 0.00660573211337062, 0.5449371377626862, 0.448457131120905,
557, 0.006667250052130993, 0.5443840936191793, 0.44894865732564004,
558, 0.006703713099214045, 0.54381541842539, 0.4494808694726438,
559, 0.006702160727007719, 0.5432335559228528, 0.45006428434745616,
560, 0.006645696320403795, 0.5427500009596851, 0.45060430371614957,
561, 0.00664467187898056, 0.5422015371062016, 0.45115379201021766,
562, 0.0066998499579901515, 0.5415830976953725, 0.45171705334269174,
563, 0.006677722506565752, 0.5409864791393265, 0.45233579934860146,
564, 0.006892670191929351, 0.5402658902461663, 0.4528414405578356,
565, 0.007023862745158324, 0.5396449125581444, 0.45333122569659295,
566, 0.00706818258735585, 0.5390585560062101, 0.4538732624061484,
567, 0.0070517354487966465, 0.5384731120122848, 0.4544751535392946,
568, 0.006979790469081251, 0.5379091709428677, 0.4551110395882588,
569, 0.006872966959642437, 0.5373626735110789, 0.4557643605300205,
570, 0.00684742387055871, 0.5368276410325602, 0.4563249360987074,
571, 0.006779810862669098, 0.5363107106321828, 0.456909479506694,
572, 0.006696923730792369, 0.5358234933954165, 0.4574795838739721,
573, 0.006632290525910328, 0.5353195541205978, 0.4580481563530047,
574, 0.006494106662058265, 0.5348785670437142, 0.458627327294823,
575, 0.00634719142154198, 0.5344839911346577, 0.4591688184434023,
576, 0.006384640933753326, 0.5340182067889022, 0.4595971532778245,
577, 0.006378833457892984, 0.5335411990293277, 0.4600799685170908,
578, 0.006574330126605004, 0.5329601448924262, 0.46046552598502877,
