Optimize time:16.076182248195014
Begin Prob:-12977.271934673548
End Prob:-12971.554256904921
Substitution parameters:[0.2655713574326979, 0.19718216217634857, 0.2224417627955321, 0.3148047175954215, 6.152349294376944]
Trees:
(1:708.2042242954365,((2:708.2042242954365,3:708.2859369117407):708.2859369117407,(4:708.2859369117407,5:708.2859369117407):707.9241909933975):708.2859369117407);
(1:708.1994018624197,(5:708.2042242954365,(4:708.2859369117407,(2:708.2859369117407,3:708.2859369117407):708.2859369117407):708.2859369117407):517.7092064526228);
(1:708.2033546184088,(2:708.2859369117407,(5:708.2042242954365,(4:708.2042242954365,3:708.2042242954365):708.2859369117407):707.9241909933975):708.2859369117407);
(1:708.2033546184088,(2:708.2042242954365,(3:708.2042242954365,(4:708.2859369117407,5:708.2859369117407):708.2859369117407):708.2859369117407):708.2859369117407);
(1:708.2042242954365,(4:708.2042242954365,(2:532.1024356403063,(5:708.2042242954365,3:708.2042242954365):708.2033546184088):532.6239410800771):708.2033546184088);
(1:532.9911305577741,(4:525.5598334746887,(3:708.2859369117407,(5:708.1838791881268,2:708.2042242954365):525.5598334746887):708.2042242954365):708.2859369117407);
(1:708.2046591339503,(3:708.2041343972813,(2:708.2042242954365,(4:708.2042242954365,5:708.2859369117407):708.2859369117407):708.2033546184088):708.2859369117407);
(1:525.5598334746887,(5:708.2859369117407,(2:708.2859369117407,(4:708.2042242954365,3:708.2859369117407):708.1623237262355):517.9698543246473):525.097500188842);
(1:708.2033546184088,(3:708.2033546184088,(4:708.2042242954365,(5:708.2042242954365,2:708.2859369117407):708.2859369117407):708.2859369117407):708.2859369117407);
(1:525.5598334746887,(5:707.9241909933975,(3:708.2859369117407,(4:510.32633617871335,2:708.2859369117407):708.2859369117407):708.2042242954365):708.2038551620118);
(1:525.5598334746887,(3:520.3088619356848,(5:708.2859369117407,(4:708.2042242954365,2:708.2859369117407):708.2859369117407):532.6242595011342):708.2859369117407);
(1:708.2033546184088,((4:708.2859369117407,3:708.2859369117407):708.2859369117407,(5:708.2859369117407,2:708.2859369117407):525.5598334746887):708.2859369117407);
(1:708.1655246448929,((4:708.2859369117407,2:708.2859369117407):708.2859369117407,(5:708.2033546184088,3:708.2859369117407):708.2033546184088):708.2042242954365);
(1:510.32633617871335,(2:708.2859369117407,(4:708.2033546184088,(5:525.5598334746887,3:708.2859369117407):525.5598334746887):708.2042242954365):708.2859369117407);
(1:506.5894250352812,(4:708.1750586418804,(5:708.1965647358942,(2:0.217421,3:0.165369):0.58168):1e-06):0.978557);

Position, Posteriors1, Posteriors2, Posteriors3, Posteriors4, Posteriors5, Posteriors6, Posteriors7, Posteriors8, Posteriors9, Posteriors10, Posteriors11, Posteriors12, Posteriors13, Posteriors14, Posteriors15,
0, 0.9756013060084836, 0.01124074596016392, 2.3526261895439707e-05, 0.002367879962145478, 2.4351541471021948e-05, 2.435266605850528e-05, 0.001974247453739959, 2.3021252753435954e-05, 2.3330275093298488e-05, 2.3033796888382306e-05, 2.3319053036534676e-05, 2.3453643045792457e-05, 2.3453412442182255e-05, 2.3543715485337343e-05, 0.00858043537304904,
1, 0.9756597650601161, 0.011236848938311596, 1.9376796335112068e-05, 0.002363049003119008, 2.036178690478979e-05, 2.0362872929939625e-05, 0.0019693986103673906, 1.9097311427595084e-05, 1.918030214081695e-05, 1.9109793995786744e-05, 1.917470110922075e-05, 1.9308871321127278e-05, 1.9308592711451495e-05, 1.9402318710243996e-05, 0.008576255416821442,
2, 0.9757081383909311, 0.011232835905810024, 1.6272813020078482e-05, 0.00235836297551428, 1.731336441925378e-05, 1.7314359950005966e-05, 0.0019646966306159637, 1.606713112886593e-05, 1.60832069518508e-05, 1.607890340295309e-05, 1.6081285362138325e-05, 1.620919605081606e-05, 1.6208895298139486e-05, 1.630282697909026e-05, 0.008572034490696004,
3, 0.9757493758781309, 0.01122866715857074, 1.389574890990786e-05, 0.002353858964042013, 1.4914169265558987e-05, 1.4915138052831416e-05, 0.001960254849250496, 1.3658508993002316e-05, 1.3720568852980509e-05, 1.3669974054669988e-05, 1.3718376407666337e-05, 1.3842386588501261e-05, 1.3842108115241681e-05, 1.3920072406108413e-05, 0.008567746478403545,
4, 0.9757884404508895, 0.011224544279329866, 1.174612660750093e-05, 0.002349112535097157, 1.2821311768959456e-05, 1.2822198295725308e-05, 0.001955570598496106, 1.1590024424273858e-05, 1.1588131344151624e-05, 1.1600899411779668e-05, 1.158500711318411e-05, 1.1699629554268216e-05, 1.1699381073342557e-05, 1.1764812630922307e-05, 0.008563414997579673,
5, 0.9758233514559422, 0.01122034768976752, 1.0015909217989204e-05, 0.002344526222154474, 1.1097104957394168e-05, 1.1097859877720462e-05, 0.0019510294712145229, 9.864918304951885e-06, 9.873776276804888e-06, 9.874755832182502e-06, 9.87005309796544e-06, 9.971625348865752e-06, 9.971415827513885e-06, 1.0032065161363257e-05, 0.00855907606016593,
6, 0.9758618961307963, 0.011216335500807676, 7.87093210637788e-06, 0.002340270477086206, 8.748709449507349e-06, 8.749489781191612e-06, 0.0019468043153415876, 7.829122235490228e-06, 7.741255674796882e-06, 7.838367900668894e-06, 7.735579488894505e-06, 7.82743147648214e-06, 7.82726856353615e-06, 7.882787129502415e-06, 0.008554643015056405,
7, 0.9758950557668238, 0.01121226433171843, 6.2562522584491595e-06, 0.002336150919367638, 6.941259146048292e-06, 6.942016653190057e-06, 0.0019427147689697638, 6.243611818576432e-06, 6.140250843670901e-06, 6.251997768852562e-06, 6.132800325721943e-06, 6.213858964384615e-06, 6.2137392215886025e-06, 6.263920773833637e-06, 0.008550214888915952,
8, 0.9759240493895074, 0.01120814866409343, 5.040778386003963e-06, 0.002332165137081347, 5.550149315888512e-06, 5.5508566349542806e-06, 0.0019387581194821135, 5.00879035311353e-06, 4.938298250167347e-06, 5.016196072197551e-06, 4.929283905704587e-06, 4.9996077364486035e-06, 4.999526576593616e-06, 5.044580207855038e-06, 0.008545801005672841,
9, 0.975949765924036, 0.011203903525006014, 4.134617458184027e-06, 0.0023283662261253564, 4.479441778943357e-06, 4.480088598149067e-06, 0.0019350224816170455, 4.047404410577194e-06, 4.046264436244133e-06, 4.053890475326765e-06, 4.034241911672554e-06, 4.0934668912410056e-06, 4.093441217793109e-06, 4.132667291186749e-06, 0.008541346700247338,
10, 0.9759726102292158, 0.01119951729259051, 3.472953217522953e-06, 0.002324985074692324, 3.651991783398595e-06, 3.652564135134408e-06, 0.0019315656640012495, 3.2961744032387857e-06, 3.386285020654556e-06, 3.3017133927611073e-06, 3.374355468725299e-06, 3.424308277920414e-06, 3.4243042629567648e-06, 3.476194081122378e-06, 0.008536861282817856,
11, 0.9759948019271253, 0.01119519388070712, 2.8915004909972534e-06, 0.002321424176310389, 2.9510456253785238e-06, 2.9515296441915256e-06, 0.0019279223074752958, 2.670033909983859e-06, 2.807792701745516e-06, 2.674648142966675e-06, 2.7957499356571423e-06, 2.835541769630879e-06, 2.8355601097752427e-06, 2.8991706995506657e-06, 0.008532345527112227,
12, 0.9760157327161648, 0.011191218681507083, 2.4762600660699854e-06, 0.002317263639353708, 2.4884147756222902e-06, 2.488836887253391e-06, 0.001923675717855683, 2.258051630742546e-06, 2.3942699369176428e-06, 2.2620276380158905e-06, 2.3819607253384557e-06, 2.415570820376114e-06, 2.4156050639247034e-06, 2.4865302233795016e-06, 0.008528042106986303,
13, 0.9760367691607572, 0.011187368387115471, 2.1047276147128866e-06, 0.0023125920386235935, 2.100357510923038e-06, 2.100723807593106e-06, 0.001919107338989118, 1.9173824473579748e-06, 2.02993323862046e-06, 1.9208222054986088e-06, 2.018343318564787e-06, 2.0470022403850312e-06, 2.047040639103696e-06, 2.1149273833682825e-06, 0.008523762201814196,
14, 0.9760578053006438, 0.01118367231217135, 1.7991486866843608e-06, 0.002307335194703537, 1.8008231524092237e-06, 1.8011515654026953e-06, 0.0019141713595869168, 1.6581816487555273e-06, 1.734063222820777e-06, 1.6612543473057225e-06, 1.7236390983393945e-06, 1.7492925213567646e-06, 1.7493274550593983e-06, 1.8071758003581962e-06, 0.008519532163830673,
15, 0.9760780717082441, 0.011179943035381706, 1.5462958598870225e-06, 0.002302224367007951, 1.5482277075084695e-06, 1.5485148158013058e-06, 0.0019093941751239976, 1.4373426995906295e-06, 1.4901442692331989e-06, 1.4400335260377432e-06, 1.4810304098595586e-06, 1.5036191182457516e-06, 1.5036495074200165e-06, 1.552823350671052e-06, 0.00851531542231035,
16, 0.9760973298028031, 0.011176130714751242, 1.3492681724630281e-06, 0.002297418478082011, 1.3440960181569282e-06, 1.3443408008134642e-06, 0.0019048916997799932, 1.2565477677423885e-06, 1.3004402459959058e-06, 1.258857876756661e-06, 1.2926689209633933e-06, 1.3122973132652808e-06, 1.3123225708957355e-06, 1.3552214903480723e-06, 0.008511103633681117,
17, 0.9761170150866528, 0.011172407195519747, 1.142429643354662e-06, 0.002292400921695552, 1.136310057151318e-06, 1.1365113569190195e-06, 0.0019001834678761414, 1.0769323683807992e-06, 1.1013582853969693e-06, 1.0788576725487695e-06, 1.0949019113739612e-06, 1.1111872073828292e-06, 1.111207937121785e-06, 1.1477015507241223e-06, 0.008506856325297326,
18, 0.9761366809040631, 0.011168776674141678, 9.734409587341501e-07, 0.002287146044853656, 9.71891749003867e-07, 9.720613966032426e-07, 0.0018952478728392244, 9.372075087850828e-07, 9.384964729369366e-07, 9.388541996024179e-07, 9.330394319596019e-07, 9.467454431842203e-07, 9.467626050277583e-07, 9.78067615356743e-07, 0.008502612329637355,
19, 0.9761560361413113, 0.011165030090922188, 8.142317350481843e-07, 0.0022820716225045133, 8.130800324816087e-07, 8.132122175004489e-07, 0.001890481749608763, 7.987967916538933e-07, 7.856587501214641e-07, 8.001273800395473e-07, 7.811160272821422e-07, 7.918200356607551e-07, 7.91834737708243e-07, 8.181847358441305e-07, 0.008498372725964567,
20, 0.9761763725463766, 0.01116123988039705, 5.897364314295604e-07, 0.002276816504796745, 6.054031589463347e-07, 6.054818989666658e-07, 0.001885539504824487, 5.952035234434229e-07, 5.697787974932021e-07, 5.960715862197982e-07, 5.667135822746205e-07, 5.734277126945225e-07, 5.734376623990094e-07, 5.931011497372456e-07, 0.008494163597147037,
21, 0.9761944904877796, 0.011157169610671123, 4.724739541008086e-07, 0.002272412411642723, 4.8628774400528e-07, 4.86348778895234e-07, 0.0018813913402717013, 4.780039913747745e-07, 4.5642872881382736e-07, 4.786972247905084e-07, 4.540423780380295e-07, 4.592716994904455e-07, 4.592787993930038e-07, 4.7540521886355974e-07, 0.008489830302346062,
22, 0.9762131395017869, 0.01115339593634731, 3.725209871320425e-07, 0.0022673910948455786, 3.9181841620139595e-07, 3.9186574943676535e-07, 0.001876666041331041, 3.8537754032151735e-07, 3.5965565003813107e-07, 3.8593463792114097e-07, 3.577890251622107e-07, 3.620466397128592e-07, 3.6205129881595837e-07, 3.7493210281271227e-07, 0.008485663822359865,
23, 0.9762312497209434, 0.011149599853577916, 2.79162087567159e-07, 0.0022626453718591474, 3.0020527511473074e-07, 3.0023748646611353e-07, 0.0018721964192783263, 2.9580814870419255e-07, 2.6952207824890705e-07, 2.9620865846785535e-07, 2.68126930500113e-07, 2.7121361014816864e-07, 2.712165243169571e-07, 2.81065161667777e-07, 0.008481476264291554,
24, 0.9762480015742525, 0.011145569299871332, 2.257925966319537e-07, 0.0022585867616681213, 2.4313878314314817e-07, 2.431676982584641e-07, 0.001868368402009209, 2.3985719767246695e-07, 2.177154343320759e-07, 2.4020313501141285e-07, 2.1655222557544495e-07, 2.192542094803859e-07, 2.192559142991841e-07, 2.273577418965444e-07, 0.008477182064432062,
25, 0.9762644018905663, 0.011141507207007188, 1.8307937423433545e-07, 0.0022546534319321378, 1.9649157465056201e-07, 1.9651576369256937e-07, 0.0018646761414590363, 1.9359792405390846e-07, 1.764298693980571e-07, 1.9388196062546382e-07, 1.7551842963032538e-07, 1.7779449681426972e-07, 1.7779490356058184e-07, 1.8443242712074376e-07, 0.008472906192452239,
26, 0.97628111135329, 0.011137625736622364, 1.4879126577647405e-07, 0.002250418061287438, 1.6069363107297025e-07, 1.6071483899809917e-07, 0.001860629011673636, 1.5849852090366136e-07, 1.429578895917935e-07, 1.5874195409815275e-07, 1.4224014719337946e-07, 1.4425066205097815e-07, 1.4425029721959332e-07, 1.500966379562918e-07, 0.008468704998104362,
27, 0.9762974925295984, 0.011133696747440794, 1.2057571012323224e-07, 0.002246343334429455, 1.30464388524304e-07, 1.3048131008791024e-07, 0.001856732696333804, 1.2854542203737918e-07, 1.155545877858635e-07, 1.2874008971915956e-07, 1.1499379415808217e-07, 1.1663916703102739e-07, 1.1663838358742643e-07, 1.2183778074313668e-07, 0.008464510620201683,
28, 0.9763134949761645, 0.01112967938385408, 9.904466486423456e-08, 0.0022424637630315794, 1.0661649000922421e-07, 1.0662966585177757e-07, 0.001853059873146489, 1.0463525367835284e-07, 9.473401751826354e-08, 1.047881364135882e-07, 9.425026534813749e-08, 9.555502859373757e-08, 9.55545328032458e-08, 1.0020377137450169e-07, 0.008460300386008406,
29, 0.9763299070376708, 0.011125808049376809, 7.989807585330002e-08, 0.0022382927732637146, 8.63706180675014e-08, 8.638051330413777e-08, 0.0018490460573039565, 8.456257874225968e-08, 7.607531368523726e-08, 8.468097803364191e-08, 7.564293853721834e-08, 7.664164206804907e-08, 7.664175142396367e-08, 8.10146852792925e-08, 0.008456138562513437,
30, 0.9763469312764169, 0.011122061150174896, 6.321445117445171e-08, 0.002233624804795158, 6.988508610646283e-08, 6.989204310711395e-08, 0.0018447374363916912, 6.847261767458194e-08, 6.007645505657932e-08, 6.856217544655601e-08, 5.97342472652421e-08, 6.048551423555015e-08, 6.048567104511499e-08, 6.418840118188514e-08, 0.008452000720195479,
31, 0.9763629882340582, 0.011118129121587609, 5.3743831137846516e-08, 0.0022295693724885225, 5.971780441193824e-08, 5.972406036867344e-08, 0.0018409893013067518, 5.853100521989511e-08, 5.094473339419333e-08, 5.861053205450311e-08, 5.0647452126668154e-08, 5.1309660688134144e-08, 5.1309807305303486e-08, 5.462820087180616e-08, 0.008447775189699355,
32, 0.9763787356570006, 0.011114161980380472, 4.478170626658684e-08, 0.0022256838042331224, 4.9747312411090794e-08, 4.9752349404444696e-08, 0.001837398598454784, 4.878239863670215e-08, 4.234017969450252e-08, 4.8848015727123095e-08, 4.208352512013833e-08, 4.2623197805123025e-08, 4.262339570390798e-08, 4.557875960464541e-08, 0.008443563187947629,
33, 0.9763950571869016, 0.01111033670684695, 3.530429415404217e-08, 0.002221336428710743, 3.9907807744247634e-08, 3.991175473696327e-08, 0.0018335376249883908, 3.9352758617503004e-08, 3.336470637652241e-08, 3.9405783820540744e-08, 3.317117882164072e-08, 3.360983699615284e-08, 3.360984312680406e-08, 3.5944184541562406e-08, 0.008439368856224342,
34, 0.976410899724699, 0.011106419769382746, 2.843347010674194e-08, 0.0022172767477345386, 3.247333284846696e-08, 3.247638102586263e-08, 0.001829930436269736, 3.2130572758183434e-08, 2.6873719581597114e-08, 3.217288439026541e-08, 2.6724580549712026e-08, 2.7077736783265572e-08, 2.70776311696924e-08, 2.8955044265980427e-08, 0.008435179313381677,
35, 0.9764264241323656, 0.01110243699626627, 2.319737148545062e-08, 0.0022133847936164435, 2.6634623538557275e-08, 2.6637085995518534e-08, 0.0018265301336191355, 2.639624878931904e-08, 2.195037617756195e-08, 2.643074396359017e-08, 2.1827722840470248e-08, 2.211790142433967e-08, 2.2117803524176122e-08, 2.3604859245191117e-08, 0.008430983414817388,
36, 0.9764415621129114, 0.011098372474876172, 1.9290959035847788e-08, 0.0022097333487861174, 2.20819167613769e-08, 2.2083869327201035e-08, 0.0018233386557762706, 2.1858712127757958e-08, 1.8289774090881114e-08, 2.1886276903715204e-08, 1.8185530175914275e-08, 1.842053948849633e-08, 1.8420468908404537e-08, 1.9608712855428934e-08, 0.008426793664968265,
37, 0.9764570073613017, 0.011094392234004026, 1.5876839348796884e-08, 0.002205876642596092, 1.82917120813641e-08, 1.82932057109686e-08, 0.0018199632057245205, 1.81537002558381e-08, 1.5084412892312368e-08, 1.817560230388067e-08, 1.4994338173893257e-08, 1.5178043630539885e-08, 1.517802740960873e-08, 1.6118194388035916e-08, 0.008422595600198935,
38, 0.9764719086108441, 0.011090162240852571, 1.3634250858229906e-08, 0.002202490927915668, 1.553641024754318e-08, 1.5537955818077446e-08, 0.0018169973195115412, 1.5409645646360234e-08, 1.2963654979488707e-08, 1.543027671970067e-08, 1.2883622992191374e-08, 1.3051897688522788e-08, 1.3051889891039468e-08, 1.382574623462162e-08, 0.008418299963115022,
39, 0.9764866046130003, 0.011085901677441825, 1.1871010497054838e-08, 0.0021992105229119373, 1.32896015367261e-08, 1.329106848481852e-08, 0.0018141378035244112, 1.3135114888786632e-08, 1.1308298354416547e-08, 1.3153672973416579e-08, 1.1240146382089014e-08, 1.1389678270651592e-08, 1.138965650597841e-08, 1.2025737042643306e-08, 0.0084140236724268,
40, 0.9765015736836689, 0.011081726347052878, 1.0253733726970328e-08, 0.0021957443403704813, 1.1346757616946267e-08, 1.1348161198737681e-08, 0.001811112936108879, 1.121162239638869e-08, 9.783527063212125e-09, 1.1228640273769438e-08, 9.725189397137153e-09, 9.857542033159579e-09, 9.85752077477293e-09, 1.0376700365527473e-08, 0.008409738086585888,
41, 0.9765169940436328, 0.01107786716488112, 9.214509288599677e-09, 0.0021917639959058224, 1.0231163009420862e-08, 1.0232565328422669e-08, 0.0018076414002106411, 1.01160049543513e-08, 8.807069877507566e-09, 1.0132337868222495e-08, 8.754615679895391e-09, 8.882642371232396e-09, 8.882618380321464e-09, 9.310828315164412e-09, 0.008405639215968094,
42, 0.9765327083516, 0.011074091733543963, 7.891730102226149e-09, 0.0021876033219296554, 8.900642952517631e-09, 8.902046077280453e-09, 0.0018040070168738925, 8.859425521705906e-09, 7.550106983134018e-09, 8.875086310124614e-09, 7.502933577090235e-09, 7.624343280240566e-09, 7.624324128810272e-09, 7.959647084312081e-09, 0.008401508270411081,
43, 0.9765480684242956, 0.011070290257153238, 6.48965151296721e-09, 0.0021836493477597964, 7.412307723708257e-09, 7.413626970572258e-09, 0.0018005462399305514, 7.448624765479885e-09, 6.212890507882512e-09, 7.462900949193748e-09, 6.17321836873975e-09, 6.283276489352423e-09, 6.283256894510997e-09, 6.535813200297724e-09, 0.008397378398148657,
44, 0.9765630238408428, 0.01106640687594611, 5.472381790237192e-09, 0.0021799519561971625, 6.271847860567726e-09, 6.273018215734485e-09, 0.0017973010585357857, 6.350915956993674e-09, 5.246757058095745e-09, 6.363415421033896e-09, 5.215661769601679e-09, 5.3126978213111825e-09, 5.312660509477125e-09, 5.507743044422228e-09, 0.008393259322017467,
45, 0.976577742895066, 0.011062495942008671, 4.6782379692692984e-09, 0.002176386895608924, 5.348101758874046e-09, 5.349093721986533e-09, 0.0017941624060673874, 5.445311920336279e-09, 4.494237249661248e-09, 5.4558790925078196e-09, 4.469787664746435e-09, 4.552254729739703e-09, 4.5522173044456506e-09, 4.706539378706392e-09, 0.008389163189835088,
46, 0.9765921629418005, 0.011058520198290771, 4.011090567502075e-09, 0.0021730091613748, 4.5268382479589206e-09, 4.527585889108392e-09, 0.0017911873560153592, 4.623408282527589e-09, 3.867872221996923e-09, 4.631549631682672e-09, 3.848759134564029e-09, 3.912271457593011e-09, 3.912244606422219e-09, 4.03346554035166e-09, 0.00838507882475796,
47, 0.9766063187237748, 0.011054545956264651, 3.5363644307201154e-09, 0.0021697480309976792, 3.903813702428611e-09, 3.9043365173221095e-09, 0.0017883147283150637, 3.986051371454559e-09, 3.427382559727151e-09, 3.9919259683583736e-09, 3.4120531225927437e-09, 3.458407892285708e-09, 3.458395703383634e-09, 3.5535572040751175e-09, 0.008381036307544854,
48, 0.9766207477585604, 0.011050637814977287, 3.0429346151580018e-09, 0.0021663189700172245, 3.3243783673621153e-09, 3.324656844873209e-09, 0.0017852897504893768, 3.4163865525867226e-09, 2.967532877043246e-09, 3.420025749324703e-09, 2.9551084221539226e-09, 2.9818841785430447e-09, 2.981892462642918e-09, 3.0552391283929464e-09, 0.008376974615053935,
49, 0.9766357128224187, 0.011047035040368304, 2.702175134253471e-09, 0.002162335191811188, 3.008828743012188e-09, 3.0089165128934963e-09, 0.0017817957195594078, 3.118895600921719e-09, 2.652085655061246e-09, 3.1208386120927636e-09, 2.6422191311385025e-09, 2.656984351252668e-09, 2.6570040199836143e-09, 2.70980857640902e-09, 0.00837309332613063,
50, 0.976650049440098, 0.01104319322112636, 2.5779317441099134e-09, 0.002158864559611796, 2.845222644636167e-09, 2.8452488894447415e-09, 0.0017787491734950753, 2.9626048390252807e-09, 2.542016375688307e-09, 2.9639065765708004e-09, 2.533060905074192e-09, 2.5433570259803406e-09, 2.5433845159537495e-09, 2.5809811914162606e-09, 0.008369117045586771,
51, 0.9766646002616437, 0.01103944627383907, 2.464376913927228e-09, 0.002155228845704668, 2.7355738434212203e-09, 2.735558273803763e-09, 0.0017755540192021285, 2.882665865275052e-09, 2.439847988760279e-09, 2.883550964139005e-09, 2.4309497243615395e-09, 2.4381057068395853e-09, 2.438143054665007e-09, 2.4624596232627744e-09, 0.00836514506725938,
52, 0.9766793864999794, 0.011035789391426635, 2.328598145826118e-09, 0.002151421120013378, 2.644392949860191e-09, 2.6443522157600126e-09, 0.001772203670132603, 2.8439937629396287e-09, 2.3133709830592593e-09, 2.844650461907682e-09, 2.303679674929812e-09, 2.308776192903138e-09, 2.3088259802703822e-09, 2.32106121430087e-09, 0.008361174835082303,
53, 0.9766933881048576, 0.01103189490404543, 2.559844876386149e-09, 0.002148211719157403, 2.8634207082842335e-09, 2.8634619968644964e-09, 0.0017693767739020312, 3.1314452901494437e-09, 2.5467651926680253e-09, 3.1327693961643444e-09, 2.534432308737723e-09, 2.543421732401991e-09, 2.5434860002790575e-09, 2.5450510518852235e-09, 0.008357101613538588,
54, 0.9767070925984142, 0.011027926550502375, 2.8488443309789405e-09, 0.0021451969615936413, 3.114004060227142e-09, 3.1140856057564688e-09, 0.001766715530851157, 3.44817990140206e-09, 2.8393664307259808e-09, 3.4498219050217905e-09, 2.82542231384518e-09, 2.8358450730937846e-09, 2.8359190807860684e-09, 2.828785319753333e-09, 0.008353038598654416,
55, 0.9767210495358775, 0.011024022444944742, 3.07157918786471e-09, 0.002142025832437726, 3.3417670941802455e-09, 3.3418612203849094e-09, 0.001763912583243078, 3.771378857339607e-09, 3.0677077425287464e-09, 3.773208776481152e-09, 3.0514872027783364e-09, 3.06068066401167e-09, 3.0607709878231204e-09, 3.045459561717004e-09, 0.00834895740003012,
56, 0.9767347075419014, 0.0110200391196956, 3.41017453689942e-09, 0.0021390521601522606, 3.6548817193578997e-09, 3.6549818271829717e-09, 0.0017612830518142334, 4.185639439960475e-09, 3.4144404494223494e-09, 4.187559656791585e-09, 3.3946829088534657e-09, 3.4010388276844543e-09, 3.401156139690412e-09, 3.375669541300396e-09, 0.008344882430761749,
57, 0.9767485613725871, 0.011016015645007178, 3.201853933815103e-09, 0.0021359880742185715, 3.4943916469924334e-09, 3.4944467233316725e-09, 0.0017585713412882628, 3.958355664518405e-09, 3.2157059431156324e-09, 3.960043013576323e-09, 3.1933182626097135e-09, 3.195147596658073e-09, 3.195290488417095e-09, 3.160375787361665e-09, 0.008340829884495913,
58, 0.9767621813239844, 0.011011990965452967, 3.1231892147642632e-09, 0.0021330281940099747, 3.451533549904931e-09, 3.4515248395804752e-09, 0.001755951422102557, 3.8569376850563e-09, 3.1493845485279663e-09, 3.858203984456656e-09, 3.1232480306408057e-09, 3.1187739632492203e-09, 3.1189527346624666e-09, 3.072587141982513e-09, 0.008336815156917586,
59, 0.9767754367440732, 0.011007922043714176, 3.2325254608393375e-09, 0.0021303251900867907, 3.5690866970473746e-09, 3.5690237605613297e-09, 0.0017534757642085556, 3.925824537922488e-09, 3.2567663159583267e-09, 3.926756668844623e-09, 3.228333402825176e-09, 3.219076363727285e-09, 3.2192743049453414e-09, 3.1826820396931375e-09, 0.008332806316603606,
60, 0.9767883412564758, 0.011003596179755241, 3.6072755769196515e-09, 0.002127991108890283, 3.877848256149609e-09, 3.877848122403176e-09, 0.0017513352032695094, 4.186015447861785e-09, 3.624619015963045e-09, 4.1875910990906435e-09, 3.5910056636423774e-09, 3.582322503404928e-09, 3.5825496776274198e-09, 3.554022170664803e-09, 0.008328698967720498,
61, 0.9768014554461578, 0.010999608932474455, 4.204466487785186e-09, 0.0021252704386418506, 4.518522988841565e-09, 4.518602842736848e-09, 0.001748839723545122, 4.793532517894594e-09, 4.209958426667761e-09, 4.796001476070135e-09, 4.169580714512092e-09, 4.166489871749424e-09, 4.166751565042381e-09, 4.145664597236893e-09, 0.00832478215388,
62, 0.9768143553201132, 0.010995620210072646, 5.0225617744200085e-09, 0.0021226426394692958, 5.365044997858968e-09, 5.3651872659324405e-09, 0.00174642882491656, 5.595074505134095e-09, 5.018199586666224e-09, 5.598282091320959e-09, 4.96827440638452e-09, 4.968607801542469e-09, 4.9689256196159355e-09, 4.954419480900175e-09, 0.008320901566896024,
63, 0.9768269389060014, 0.010991590086099824, 6.1032969324009645e-09, 0.002120240142702736, 6.416395293969086e-09, 6.416624109957627e-09, 0.0017441441757884597, 6.586745523194906e-09, 6.061152263231395e-09, 6.590861114219908e-09, 6.003478219003006e-09, 6.010456750731225e-09, 6.010805481433264e-09, 6.043769467485828e-09, 0.008317024831049676,
64, 0.9768394408100154, 0.010987484975932398, 7.0666001765215764e-09, 0.002117918634663925, 7.312503919080788e-09, 7.3127610251275084e-09, 0.0017419315605600144, 7.385501360596995e-09, 6.9882396423073755e-09, 7.390052366185331e-09, 6.922964969726356e-09, 6.9318659101661266e-09, 6.9322535753318895e-09, 7.0176581411317815e-09, 0.008313153141977728,
65, 0.9768522669776086, 0.01098350947837549, 8.087287214010668e-09, 0.002115291061654527, 8.391780094275498e-09, 8.392050832434608e-09, 0.0017395433384047995, 8.38532154564704e-09, 8.000654389605325e-09, 8.390375514431398e-09, 7.931177392406773e-09, 7.944602255196761e-09, 7.944987884447647e-09, 8.035288168233544e-09, 0.008309308025828662,
66, 0.9768649344065871, 0.010979504814548452, 9.373683032456084e-09, 0.0021127458520950196, 9.704493718004667e-09, 9.704690323386774e-09, 0.0017372413133670197, 9.585780287721305e-09, 9.285022897564543e-09, 9.590714571954472e-09, 9.212802361398241e-09, 9.225525811687219e-09, 9.225900267479238e-09, 9.320060175155294e-09, 0.008305479771056843,
67, 0.9768773435453963, 0.010975622185390553, 9.920202675194576e-09, 0.0021103347791014836, 1.0114706436829028e-08, 1.0114955094015855e-08, 0.0017350552364606637, 1.0156033094263531e-08, 9.82818765988709e-09, 1.0161052988994203e-08, 9.754264058483199e-09, 9.768328486288977e-09, 9.7686882174932e-09, 9.865665076592744e-09, 0.008301545185325072,
68, 0.9768898913392734, 0.010971825534722486, 1.0565188788486431e-08, 0.0021078074117551653, 1.068040584350095e-08, 1.0680744558444899e-08, 0.001732760978385527, 1.0924856322002213e-08, 1.0466414924478543e-08, 1.0930339693697843e-08, 1.0388573236270455e-08, 1.04057509157168e-08, 1.0406103301391052e-08, 1.050749061601667e-08, 0.008297609164317236,
69, 0.9769027553898293, 0.010968171438489086, 1.1333138641078447e-08, 0.002104963082066218, 1.1496440834169887e-08, 1.149692269190683e-08, 0.0017302800397304744, 1.1997692458466895e-08, 1.1251115253476687e-08, 1.2004175511973223e-08, 1.117208289026653e-08, 1.1200081788357763e-08, 1.1200383756845466e-08, 1.125771870537822e-08, 0.008293716023852914,
70, 0.9769158144168902, 0.01096459795806596, 1.1841518001975548e-08, 0.0021019937045101953, 1.2115481141231998e-08, 1.211609792455125e-08, 0.001727685141101857, 1.2928219650630057e-08, 1.177759304510975e-08, 1.2935596662565192e-08, 1.1696626569364768e-08, 1.1732415412385088e-08, 1.1732676111660766e-08, 1.1747876401288447e-08, 0.008289788537123817,
71, 0.9769286890302468, 0.010960985324288042, 1.2279000919031191e-08, 0.0020991425207445803, 1.2619418463122477e-08, 1.262010246712958e-08, 0.0017251924874782435, 1.3694683542601437e-08, 1.2240100422869605e-08, 1.3702184543097582e-08, 1.2156638578512102e-08, 1.2193559291169412e-08, 1.2193792613199617e-08, 1.2166051738854291e-08, 0.00828586515452091,
72, 0.976942115024777, 0.0109571205364438, 1.196088886384475e-08, 0.0020960912851879687, 1.2499189256921726e-08, 1.2499969969224513e-08, 0.0017226116822514701, 1.353040842415152e-08, 1.1963665923867165e-08, 1.3538866280155906e-08, 1.1880948429846216e-08, 1.1926234962625326e-08, 1.1926426782444224e-08, 1.1819428844394298e-08, 0.008281938307205269,
73, 0.9769553354971227, 0.010953172592769057, 1.2060690455639584e-08, 0.0020931881650284724, 1.2741210539327592e-08, 1.2742060837777946e-08, 0.0017201800221941263, 1.3724995203910954e-08, 1.2113781100566685e-08, 1.3734215895177299e-08, 1.202550316110087e-08, 1.2073096924530472e-08, 1.2073313241421492e-08, 1.1881486026126261e-08, 0.008277998933213333,
74, 0.9769681796547817, 0.010949425339066352, 1.1523557129221332e-08, 0.0020904355100575356, 1.2210797136505966e-08, 1.2211782933273599e-08, 0.0017178101435808564, 1.3387686827410014e-08, 1.1598871487154764e-08, 1.33976684343842e-08, 1.1509644758746793e-08, 1.1564857207789428e-08, 1.1565080583490283e-08, 1.1326557716744449e-08, 0.008274029438920713,
75, 0.9769807659704428, 0.010945605694655315, 1.1307689372781349e-08, 0.002087851880637008, 1.1934974238402731e-08, 1.1935955035773067e-08, 0.001715585004498126, 1.3287950652392054e-08, 1.1418386349750215e-08, 1.3297523158167937e-08, 1.1326409277099197e-08, 1.1377090175786697e-08, 1.137734346010743e-08, 1.1089513542524938e-08, 0.008270073476836509,
76, 0.9769936675033367, 0.010941596009078122, 1.0317569411698245e-08, 0.002085235247351095, 1.097527765579398e-08, 1.0976255457338675e-08, 0.001713275781085176, 1.2212288134876022e-08, 1.0436798525972376e-08, 1.222182161297505e-08, 1.0346555844773927e-08, 1.0396923890968841e-08, 1.0397172672861798e-08, 1.0097514943322737e-08, 0.008266117459836159,
77, 0.9770062468343288, 0.010937487574758976, 9.754961691808908e-09, 0.0020828857449732173, 1.0354948294908403e-08, 1.0355974975262393e-08, 0.0017111344414757097, 1.1490660136550414e-08, 9.85687603735015e-09, 1.1500495018625647e-08, 9.771352616040971e-09, 9.826233212381605e-09, 9.82643459339998e-09, 9.550266731474535e-09, 0.008262143491102138,
78, 0.977018675698269, 0.010933326779229386, 9.496384825232203e-09, 0.002080637940583801, 1.0002912557736413e-08, 1.0003865988780476e-08, 0.0017090838961300926, 1.1042173747062464e-08, 9.596057641668648e-09, 1.1051288256644359e-08, 9.512866076082654e-09, 9.560950736562865e-09, 9.561129984338844e-09, 9.30117356315916e-09, 0.00825817693277771,
79, 0.9770309637058882, 0.010929134125852094, 9.516617529060012e-09, 0.0020784654503846187, 9.904835079619317e-09, 9.905649811526567e-09, 0.0017071109115609302, 1.08503632623817e-08, 9.624283630005995e-09, 1.0858198671431686e-08, 9.544540605950255e-09, 9.581344635984973e-09, 9.581490694268364e-09, 9.329025821067253e-09, 0.008254227483261588,
80, 0.9770430784014065, 0.010924875210325894, 9.790533194588207e-09, 0.0020764141757616712, 1.0009154348690834e-08, 1.0009828494054224e-08, 0.0017052469371693227, 1.0857899811561705e-08, 9.912446399692793e-09, 1.0864348024434999e-08, 9.833782038550581e-09, 9.856855724854907e-09, 9.856980365274e-09, 9.605194001496859e-09, 0.008250285051200922,
81, 0.9770553440133055, 0.010920699454224123, 1.0219543361352611e-08, 0.0020742440660890846, 1.0340990239505893e-08, 1.0341498701277749e-08, 0.0017032779435223642, 1.1138657534257754e-08, 1.0359276533826017e-08, 1.1143672546381534e-08, 1.0283402951593706e-08, 1.0291224688928113e-08, 1.0291305113147472e-08, 1.0037565996632914e-08, 0.008246330449367094,
82, 0.9770672626488796, 0.010916732345419648, 1.0095596747463763e-08, 0.0020721911186572808, 1.001486395359706e-08, 1.0015277852033649e-08, 0.00170136114752744, 1.0967411275800572e-08, 1.0224454462050542e-08, 1.0971131081934281e-08, 1.0155627779809854e-08, 1.0155114952150436e-08, 1.0155131598488911e-08, 9.935815135889543e-09, 0.008242350424142807,
83, 0.9770789125711029, 0.010912590319413037, 1.0725250756703726e-08, 0.0020704058415640563, 1.0298375311137583e-08, 1.0298905296679548e-08, 0.0016996908749669908, 1.1437273132227628e-08, 1.0833908514300168e-08, 1.1441323833353785e-08, 1.0769865421823844e-08, 1.0773168135139425e-08, 1.0773098143083477e-08, 1.05841133745841e-08, 0.008238292833821962,
84, 0.9770906293687249, 0.010908624935295612, 1.1641830597564558e-08, 0.0020684749184369643, 1.0920889505760756e-08, 1.0921590102092843e-08, 0.001697850647492622, 1.2310594975231056e-08, 1.1710299256326117e-08, 1.231548123838152e-08, 1.1649657728326749e-08, 1.1661968554265985e-08, 1.1661820558105494e-08, 1.1525694755106164e-08, 0.008234304182787882,
85, 0.9771028105727422, 0.010904406681648996, 1.1800258937587388e-08, 0.00206640491723306, 1.0947707331707807e-08, 1.0948575507770675e-08, 0.0016959495098356264, 1.2286605151667821e-08, 1.1847202669282441e-08, 1.2292845537571546e-08, 1.1791957608495554e-08, 1.1817917609911366e-08, 1.181770153977298e-08, 1.1697932076295338e-08, 0.008230311441770602,
86, 0.9771148699002975, 0.010900144965160981, 1.1895925382062544e-08, 0.002064419853884128, 1.0867225971630135e-08, 1.0868201379270265e-08, 0.0016941252603016395, 1.2113122412289905e-08, 1.1928266296414068e-08, 1.2120034818580324e-08, 1.1877987353504058e-08, 1.1911185526100196e-08, 1.1910912893679376e-08, 1.1806413671329206e-08, 0.00822632309627389,
87, 0.9771267442319955, 0.010895859384811801, 1.1937242410048227e-08, 0.0020625448268477404, 1.0655632854003608e-08, 1.0656640829550164e-08, 0.0016923972750080899, 1.1821091317159597e-08, 1.1957850435366667e-08, 1.1827993873456212e-08, 1.1915013638684116e-08, 1.195024790681363e-08, 1.19499102646006e-08, 1.1865361241301108e-08, 0.008222338123241272,
88, 0.9771387858498244, 0.010891697659414869, 1.1797612449737414e-08, 0.0020605156546568497, 1.0347992616503521e-08, 1.0349036702315243e-08, 0.001690494367688336, 1.1451718506324861e-08, 1.1790952458080779e-08, 1.1458799666345671e-08, 1.175393780078188e-08, 1.1792318348735954e-08, 1.1791945490122512e-08, 1.1748245198517748e-08, 0.008218392561667412,
89, 0.9771509814168187, 0.010887680736863022, 1.1795181951199407e-08, 0.00205832723108867, 1.024205891258186e-08, 1.0243135054561951e-08, 0.0016884070558527999, 1.1326000675498479e-08, 1.1748132137218586e-08, 1.133334355269253e-08, 1.1714517791550062e-08, 1.1755057825160373e-08, 1.1754684868707644e-08, 1.1772026466141404e-08, 0.008214490253805468,
90, 0.9771630209035614, 0.010883552500929003, 1.2120267882337943e-08, 0.0020562711940232863, 1.0359177119502127e-08, 1.0360288376126678e-08, 0.0016864695397727908, 1.1420968147233952e-08, 1.2040349723512456e-08, 1.1428518761624729e-08, 1.2005786124458405e-08, 1.2044628216744839e-08, 1.2044298516964617e-08, 1.2116400615208651e-08, 0.008210570300691146,
91, 0.9771753114198307, 0.010879564560890814, 1.2232620061336826e-08, 0.002053961006055076, 1.0380247833164398e-08, 1.0381414185962006e-08, 0.001684381138537039, 1.145943387063113e-08, 1.2146774079524547e-08, 1.1467355058951192e-08, 1.2115754696892518e-08, 1.215766238889562e-08, 1.215732669583641e-08, 1.223522053776731e-08, 0.008206665517884973,
92, 0.9771877718875835, 0.01087557312788466, 1.1535360022850399e-08, 0.002051543177083102, 9.791456898921977e-09, 9.792587976981027e-09, 0.0016821947242541065, 1.063650135207553e-08, 1.1447897619999756e-08, 1.064435539645213e-08, 1.1420712236365296e-08, 1.146418212486546e-08, 1.1463857297851471e-08, 1.1542766481669517e-08, 0.008202807719206506,
93, 0.9771999420182426, 0.010871845475628633, 1.0267213831800594e-08, 0.0020491198957639004, 8.627135986970728e-09, 8.62820803008334e-09, 0.0016800056196881112, 9.423832284750093e-09, 1.0181358962394618e-08, 9.431019639790066e-09, 1.015762804940185e-08, 1.0203053461354796e-08, 1.0202750206016674e-08, 1.0276777094148849e-08, 0.00819898997161855,
94, 0.9772119679288069, 0.010868074692184794, 9.253492556282242e-09, 0.002046790876105566, 7.635326559388292e-09, 7.636249909276407e-09, 0.0016779003356475809, 8.377794936138043e-09, 9.178246295160931e-09, 8.38353566861892e-09, 9.157162109987e-09, 9.194304223162821e-09, 9.194031967834708e-09, 9.264757451339937e-09, 0.00819517927130818,
95, 0.977224153823807, 0.010864465170591411, 8.496929037370652e-09, 0.00204427998893875, 6.943842439511953e-09, 6.9446848796539054e-09, 0.0016755902033947334, 7.674751591845663e-09, 8.412578823117788e-09, 7.679662245928522e-09, 8.392894828220369e-09, 8.427325729387947e-09, 8.427093796832365e-09, 8.51603103370457e-09, 0.008191431277186174,
96, 0.9772361758354622, 0.010860809628318193, 7.977997891965087e-09, 0.0020418745179369923, 6.409661104386744e-09, 6.410341660671848e-09, 0.0016733752781629325, 7.1249858570908624e-09, 7.893542752891431e-09, 7.128340452412812e-09, 7.874636275451826e-09, 7.896965550746568e-09, 7.896781212594272e-09, 8.004356206149581e-09, 0.008187690499363881,
97, 0.9772483781480982, 0.010857311635024203, 7.657869709467361e-09, 0.002039281763290114, 6.104975602798546e-09, 6.1055498689433755e-09, 0.0016709458601183494, 6.842616472169333e-09, 7.556264065158456e-09, 6.844886421417205e-09, 7.537135477130474e-09, 7.552091414369763e-09, 7.55196316743899e-09, 7.69703519512479e-09, 0.008184011519890568,
98, 0.9772609245039212, 0.010853952100433915, 7.453273433164033e-09, 0.002036359080931168, 5.976963769225538e-09, 5.977475302994103e-09, 0.001668318276667939, 6.777568300008899e-09, 7.353268971373056e-09, 6.779078409042481e-09, 7.336690321269684e-09, 7.350144634301047e-09, 7.350032158388031e-09, 7.494645933194746e-09, 0.008180376565457628,
99, 0.9772740951824076, 0.010850217407701665, 6.669788957202431e-09, 0.0020333176063489222, 5.374477321865518e-09, 5.374925290987862e-09, 0.001665584791375591, 6.002277663114553e-09, 6.5718605266632235e-09, 6.003670939233126e-09, 6.557469980133839e-09, 6.5714284127899475e-09, 6.571334463385588e-09, 6.710959421717443e-09, 0.008176722983872153,
100, 0.9772875800327702, 0.010846533891149679, 5.6158622856585e-09, 0.002030094558332247, 4.57484180472282e-09, 4.575218311334183e-09, 0.0016626911717045243, 5.052970060370815e-09, 5.519213404238503e-09, 5.0543099808280235e-09, 5.508783758387776e-09, 5.523654908428982e-09, 5.523570456323563e-09, 5.659302556079926e-09, 0.008173048119498335,
101, 0.977300852385164, 0.010842803049319992, 4.767929304077135e-09, 0.002027004910120116, 3.889318511178155e-09, 3.889547234134081e-09, 0.0016599153404970191, 4.226254660338317e-09, 4.679458978205517e-09, 4.226772787077295e-09, 4.672165121365799e-09, 4.678674937569638e-09, 4.678610914990537e-09, 4.8139979574189534e-09, 0.008169380172616288,
102, 0.9773135057616091, 0.010838824878330993, 4.622795468763881e-09, 0.0020244210912328444, 3.7020219220764445e-09, 3.702270063661304e-09, 0.0016575909022278794, 3.942334155627091e-09, 4.5274280157170096e-09, 3.943178398378744e-09, 4.521215642384379e-09, 4.528483855154116e-09, 4.528426216756008e-09, 4.673347980549693e-09, 0.008165615057354856,
103, 0.9773264342356606, 0.010835126763610444, 4.519023883443235e-09, 0.002021467905856898, 3.615236620953254e-09, 3.6155167954865607e-09, 0.001654935950167174, 3.774134262783376e-09, 4.412689549675217e-09, 3.775347592070382e-09, 4.406641933479379e-09, 4.418585919708534e-09, 4.41853311023043e-09, 4.573277741137839e-09, 0.00816199399802901,
104, 0.9773395438915122, 0.010831516178805265, 4.456042904130133e-09, 0.0020183738880128702, 3.581945145590975e-09, 3.582284255535059e-09, 0.0016521511746830924, 3.6846325150251124e-09, 4.334888957878195e-09, 3.6864121828956314e-09, 4.328147508455275e-09, 4.346042902168397e-09, 4.345995553890474e-09, 4.514375643712402e-09, 0.008158374390578841,
105, 0.9773524661463966, 0.010827862867761977, 4.45717987927887e-09, 0.002015398256509717, 3.5600792778563375e-09, 3.5604220512275656e-09, 0.0016494713041915762, 3.598418007036462e-09, 4.324340001307251e-09, 3.6002788738458626e-09, 4.316657313926249e-09, 4.334524670778263e-09, 4.334490890627115e-09, 4.520861617413558e-09, 0.008154761194792552,
106, 0.9773656034124907, 0.01082428792676224, 4.239871878372941e-09, 0.0020122865244358336, 3.3589891687634064e-09, 3.3593365621665023e-09, 0.0016466647086208369, 3.358640864655788e-09, 4.095996595175119e-09, 3.3605808033314586e-09, 4.086884871050435e-09, 4.103642266955289e-09, 4.103626601620604e-09, 4.308211802967831e-09, 0.008151119427995525,
