Optimize time:19.9558120323552
Begin Prob:-12517.100387059856
End Prob:-12097.321266268376
Substitution parameters:[0.2696320944414315, 0.19171460735513984, 0.2270480596665795, 0.3116052385368491, 0.38489820343521713]
Trees:
(1:999.9999215812713,(3:999.9999215812713,(4:999.9999215812713,(2:999.9999215812713,5:381.9895398060538):0.001045085379340727):391.22406405601714):620.7520430242355);
(1:999.9999215812713,(4:999.9999215812713,(3:999.9999215812713,(2:999.9999215812713,5:978.6545935896835):620.7335745037565):620.7335745037565):620.8600327421176);
(1:0.0017793115940445223,(4:999.9999215812713,(2:999.9999215812713,(3:999.9999215812713,5:999.9999215812713):999.9999215812713):999.9999215812713):999.9999215812713);
(1:978.7293123363586,(3:999.9999215812713,(2:999.9999215812713,(4:381.96669272617794,5:999.9999215812713):999.9999215812713):999.9999215812713):999.9999215812713);
(1:999.9999215812713,((3:999.9999215812713,5:999.9999215812713):999.9999215812713,(4:999.9999215812713,2:999.9999215812713):999.9999215812713):999.9999215812713);
(1:999.9999215812713,(3:978.6545935896835,(5:381.96669272617794,(4:999.9999215812713,2:999.9999215812713):264.7651190558593):236.08130328327437):381.96669272617794);
(1:407.1064999998718,(4:381.9895398060538,(5:620.8600327421176,(2:381.9895398060538,3:381.96669272617794):620.8600327421176):264.7651190558593):236.07633898944476);
(1:978.6545935896835,(5:620.7335745037565,(3:620.7335745037565,(4:381.96669272617794,2:381.96669272617794):620.8600327421176):620.7335745037565):620.8600327421176);
(1:978.6545935896835,(2:618.0556835236542,(3:381.96669272617794,(4:381.96669272617794,5:381.96669272617794):381.96669272617794):381.96669272617794):620.7335745037565);
(1:999.9999215812713,(5:999.9999215812713,(4:999.9999215812713,(2:999.9999215812713,3:999.9999215812713):999.9999215812713):999.9999215812713):999.9999215812713);
(1:978.6545935896835,(2:381.96669272617794,(5:620.7335745037565,(4:381.96669272617794,3:620.8600327421176):620.8600327421176):620.7335745037565):620.7335745037565);
(1:978.6545935896835,(5:620.8600327421176,(2:620.8600327421176,(4:381.96669272617794,3:620.7335745037565):620.7335745037565):620.8600327421176):620.7335745037565);
(1:999.9999215812713,((4:999.9999215812713,5:999.9999215812713):999.9999215812713,(2:999.9999215812713,3:999.9999215812713):999.9999215812713):999.9999215812713);
(1:407.1064999998718,(2:236.08130328327437,(4:407.1064999998718,(3:620.7335745037565,5:620.8600327421176):620.7335745037565):620.7335745037565):620.8600327421176);
(1:381.93889199466435,((4:381.9666292840938,3:0.268384):0.101903,(2:381.9666292840938,5:0.0731522):0.113894):1.36047);

Position, Posteriors1, Posteriors2, Posteriors3, Posteriors4, Posteriors5, Posteriors6, Posteriors7, Posteriors8, Posteriors9, Posteriors10, Posteriors11, Posteriors12, Posteriors13, Posteriors14, Posteriors15,
0, 0.0023429139022460377, 0.052068435979985374, 0.07966858718307451, 0.07620509816573175, 0.0823166430090471, 0.0784937669147377, 0.07573707795860107, 0.08157928095479555, 0.07748777038985914, 0.07703414876961448, 0.05257136623009992, 0.05269818082272986, 0.07781887720425308, 0.08154607957506713, 0.052431772969994225,
1, 0.0016085975197471683, 0.053351656035201075, 0.07906515437442206, 0.0757829353930326, 0.08218383666642845, 0.0787946156787302, 0.074663294267321, 0.08140178171679087, 0.0767915426636893, 0.07631034848597087, 0.05384357887086289, 0.05398869869727103, 0.07714666319118467, 0.08133510893118094, 0.053732187537714214,
2, 0.0014093852246095688, 0.056257418765993134, 0.07824560570844057, 0.07449350923477717, 0.08135869492037162, 0.07827436505432193, 0.07328871773447228, 0.08054659956043257, 0.07532223490517691, 0.07482823246642453, 0.056602249267019344, 0.05677460305484989, 0.07570700321859336, 0.08042245811212669, 0.05646892280260351,
3, 0.0006626775029318627, 0.06097448720986884, 0.07727821449066995, 0.0723543285854534, 0.07989344965694146, 0.07696422647988971, 0.07166412570046804, 0.07906501214852002, 0.07311682980600695, 0.07262371290317736, 0.06100923533012215, 0.0612192678699419, 0.07353728171398652, 0.07885933220657593, 0.06077781842627116,
4, 0.0008548811080938319, 0.0659137727169327, 0.07595660046151295, 0.06992301020915526, 0.07830157261326498, 0.07541504045680557, 0.06961478518277399, 0.07748417939780132, 0.07071160565943821, 0.07023646010497138, 0.06580950605688725, 0.0660579240822855, 0.07116096869339553, 0.07716792508868904, 0.06539176819885414,
5, 0.005007136537163441, 0.06861771890539886, 0.07498811811034967, 0.06787145175116806, 0.0772282781838363, 0.07430656133810278, 0.06785029368451097, 0.07647514087328458, 0.06877635276579412, 0.0683421623285306, 0.06857032748316987, 0.06883256549678066, 0.06922476408162495, 0.07601008149865822, 0.06789904699273992,
6, 0.002136975440915541, 0.07345539752085467, 0.0736882381845102, 0.06624392491069753, 0.07552198490711905, 0.07265804412485363, 0.0665829386418635, 0.07473346256087393, 0.06715469106630272, 0.06669926656562414, 0.07322104511739079, 0.07351794477462684, 0.06762100551094037, 0.07434106870409349, 0.07242401200058898,
7, 0.004080029965360086, 0.0762631376084536, 0.07259264782399481, 0.06480883563500092, 0.07418228525874965, 0.07129176027363492, 0.0654280772614623, 0.07340600756127715, 0.06581744210404018, 0.06536151914274814, 0.07604446733051753, 0.07635305768184286, 0.06627697287185755, 0.07304776371254246, 0.07504599580004599,
8, 0.030046302394468965, 0.07524321595544829, 0.07049109886799353, 0.06238635405604356, 0.07195075708979269, 0.06898561220751756, 0.06322814111871349, 0.07125361351152565, 0.0635819437702419, 0.06315478106932854, 0.07525593734923475, 0.07554394216647259, 0.06399786946528449, 0.07089120832135946, 0.0739892226884916,
9, 0.2348370514464947, 0.058926962853811465, 0.056824637271510416, 0.04851055786056937, 0.05759674871827391, 0.05496003499905707, 0.04980294961677954, 0.05708040799709075, 0.04970282455383308, 0.049350613153342215, 0.05891392236348229, 0.05913320096218862, 0.05000754998309778, 0.056719114490632695, 0.05763342376091179,
10, 0.30051427002734415, 0.05495361570318515, 0.052083247112474085, 0.04387279528582829, 0.05218056584711004, 0.04973513294326672, 0.045578814371411765, 0.051673094518761405, 0.045008942538640496, 0.04464127295040691, 0.05466878320322501, 0.054875744942493906, 0.04527908351113097, 0.05147577635079, 0.05345886072393075,
11, 0.31314373487071834, 0.05608455628436416, 0.05061052402034784, 0.04270168560413316, 0.04992701557371747, 0.04764587179108949, 0.04487761214723905, 0.04934700077261188, 0.04374386382127549, 0.04331487804450734, 0.05534516351327789, 0.05556438003760778, 0.044009750598183385, 0.04942136530705429, 0.054262597645398904,
12, 0.303633477946147, 0.05730960386258844, 0.05149386705832733, 0.043367144442061294, 0.05015529755526337, 0.04793077899399152, 0.046044384374731226, 0.04952565561506896, 0.04440272178238157, 0.04392012532917126, 0.05619969057347571, 0.05642000666640637, 0.04466034533711591, 0.049770681840701395, 0.0551662186538627,
13, 0.3609133476528504, 0.05227486610848177, 0.047985797281445704, 0.039865113315455884, 0.046062112631199956, 0.04389334833845706, 0.0429828915281347, 0.04544150001865569, 0.040956399714168465, 0.04044811431162817, 0.051001736063052444, 0.05119409683276134, 0.04117166871316588, 0.04584790623863095, 0.04996110128275054,
14, 0.48179284963722824, 0.04469728117824685, 0.038500905299039295, 0.031273816662033785, 0.036583392616431024, 0.03463330812943618, 0.034122146062090075, 0.035950794219467244, 0.03227417358054148, 0.03173549703340954, 0.04338734550024492, 0.04357386336198048, 0.03246179728051058, 0.03654899626721892, 0.042463833203201504,
15, 0.4467944763687054, 0.05155453491183701, 0.03858288229250426, 0.0327765698501043, 0.03681936069251419, 0.034997767019388795, 0.03541204171843146, 0.036213378574995465, 0.03369757355000662, 0.033219311576620385, 0.04994786872585178, 0.05017770776603476, 0.033910210639408495, 0.03681497481254152, 0.04908134153278641,
16, 0.481628572933047, 0.05189581803273031, 0.03428144887198094, 0.030065370187408093, 0.03255330357085943, 0.031045929734355774, 0.03246577203387412, 0.0320022226069374, 0.030780357406870882, 0.030381633834888785, 0.049896109577342064, 0.05015146292228199, 0.031003039288000512, 0.032586606990347905, 0.049262352040529714,
17, 0.4842123815720269, 0.054002173350157105, 0.032973353095734535, 0.02969441999818778, 0.03106856112659948, 0.029832044798851914, 0.03208569883815385, 0.030516446422082264, 0.03018826121330364, 0.029823330514580287, 0.05136539415018423, 0.05165403761054936, 0.030436167111569035, 0.031098611625397878, 0.051049118604881094,
18, 0.38163493830433515, 0.06413159424126318, 0.03961076571769108, 0.03632461022568776, 0.037301264188363194, 0.03623369992854941, 0.03901549013908392, 0.036691911842907994, 0.03661529565114752, 0.03624455292553341, 0.060557291371914665, 0.060900541545011656, 0.03691970409618397, 0.03724216434283725, 0.060576175511126096,
19, 0.37580994560175834, 0.0648615550674223, 0.03999472343744741, 0.03687302549648386, 0.03752679711512969, 0.03659731886573908, 0.039657066302135426, 0.03692836798129974, 0.037050586149461474, 0.03670474765549353, 0.060882915505504454, 0.06123679527284692, 0.03736833211343625, 0.03741974742528583, 0.06108807604244905,
20, 0.15640866459094596, 0.08517152291404646, 0.054925558831884706, 0.050751583209480366, 0.05176005529904251, 0.05079582058597223, 0.054218715669834126, 0.05101275839907652, 0.050822714440224376, 0.05040624089388994, 0.08002558832300569, 0.08046790792319937, 0.05124163753703427, 0.05153564039799645, 0.08045559101775651,
21, 0.13295170577232954, 0.08700697194645465, 0.05720737200137915, 0.05251249228681504, 0.05349839121557007, 0.05272149947901769, 0.05635563165995722, 0.05270472868878761, 0.052380843599700584, 0.05194376319296034, 0.08114949725762645, 0.08161350364688774, 0.05283134742284357, 0.0532224049895819, 0.08189984687319295,
22, 0.16882965891375376, 0.08205953658421872, 0.05598728383427372, 0.050923739313488474, 0.051907356140354986, 0.051274593208277174, 0.055026545124521195, 0.05114006594599656, 0.050689422501249415, 0.050268281572398404, 0.07592387170090249, 0.07636616966597981, 0.05113054436687667, 0.05161465044520209, 0.07685828071635437,
23, 0.12641939690247947, 0.08399829300507934, 0.060350659160610325, 0.05407799520760533, 0.05572882516582199, 0.05512875344117515, 0.05863671823635065, 0.05491265893841286, 0.05378247466562809, 0.05331901747090853, 0.07750421883324708, 0.07795090943527139, 0.05424449774422209, 0.05540404900811586, 0.07854153281843786,
24, 0.13796512856363596, 0.0801616058993832, 0.06129809530786374, 0.05404846056136588, 0.05634482002547032, 0.055722861105335544, 0.058921182535977716, 0.05554701550238784, 0.05379466508117083, 0.05332369019737744, 0.07373324326950015, 0.07414835345581162, 0.054240874258736006, 0.05602170919464747, 0.07472829507482776,
25, 0.05668243849711688, 0.08333544965401488, 0.06959466054062967, 0.05989254362762905, 0.06399987148465941, 0.06318890380033426, 0.06542432347282624, 0.06312516359953374, 0.059759365329653875, 0.05919616616713891, 0.07689057096845787, 0.07729704715068468, 0.06022118396385343, 0.06366020004008341, 0.0777321117368642,
26, 0.016044262878076188, 0.08626768983592968, 0.07317178142439551, 0.06206860996570677, 0.06770404260508885, 0.06684946787557562, 0.06740538169341287, 0.06672964215115952, 0.06189887870577271, 0.06124546016234612, 0.07986258666565861, 0.08029376415937979, 0.062400317648100966, 0.06732485682743758, 0.08073325743578062,
27, 0.009575828435258307, 0.08526645535889789, 0.07471190465731765, 0.06237049771101609, 0.0694423567731165, 0.0685090451708105, 0.06749206917043193, 0.06842365241547976, 0.062235879436445714, 0.061521411880122064, 0.07913502259857284, 0.07956412755514983, 0.06274832884009707, 0.06905111634273826, 0.07995230368813257,
28, 0.018197792406858357, 0.08120552298264154, 0.0758981028395702, 0.062244381774725584, 0.07087673085960429, 0.06982457451722199, 0.06714350416561546, 0.06986329868077307, 0.06221545234835521, 0.06145844562439357, 0.07559098467502845, 0.07598910851305764, 0.06271090795766406, 0.07050121461582466, 0.07627997807219322,
29, 0.07242793225098791, 0.07485919584498649, 0.07326551358836031, 0.05823972206903392, 0.06871742219874144, 0.0673394864581082, 0.06283777997895064, 0.0677672569058232, 0.0584930826552349, 0.05772131085234775, 0.07009278425081786, 0.07045168673311603, 0.05894584509862256, 0.06838323504652956, 0.07045774610157365,
30, 0.05172976080414347, 0.07874871285081025, 0.07251931173904111, 0.059235724006974945, 0.06875979015308527, 0.06739215934755532, 0.06315602272896448, 0.06799692912536062, 0.059499119017339855, 0.058924270769841164, 0.07435104490653958, 0.07472124326671743, 0.05995668675430929, 0.06840803527170292, 0.07460118929085942,
31, 0.05347617324945577, 0.0817760036634998, 0.07011085745064884, 0.05843090025929942, 0.06694346663271729, 0.06571854228216006, 0.061738943407641675, 0.06634452278283699, 0.058573283536216776, 0.058183265538247174, 0.07746033148974174, 0.07785724338451364, 0.05904780618355336, 0.06656302459646397, 0.07777563557678482,
32, 0.13513346141470847, 0.07676748802377063, 0.06235946914184201, 0.05292958845224051, 0.06008199986618048, 0.059031943303394896, 0.05535627808392318, 0.05977454333157798, 0.052999203560308884, 0.052877965818922144, 0.07294585937462335, 0.07332650764195282, 0.05344274551836835, 0.05971424418316493, 0.07325870231837288,
33, 0.13253948918999356, 0.07610102215181222, 0.06233659188981284, 0.05320987196207433, 0.0607630109997175, 0.05973506072485179, 0.05504802268122169, 0.06066831245783607, 0.053285003322695444, 0.0533444949379749, 0.07279463767682781, 0.07316218132776683, 0.05371812493488513, 0.06030640528139221, 0.0729877704948253,
34, 0.13306611339837648, 0.0734920181314876, 0.06274066804156408, 0.05371030712726387, 0.06201520558308268, 0.06087833348835172, 0.05492782489489153, 0.062111415984836514, 0.05390627654732215, 0.05411360139603923, 0.07099277707998694, 0.07132865845936158, 0.05431489026852007, 0.0614776160220932, 0.0709242936105303,
35, 0.15200300501263672, 0.07178085022778759, 0.061425355236029155, 0.051906124608722334, 0.06109685470683502, 0.059754944402523234, 0.053006518097171884, 0.06140585256714082, 0.052300826426456566, 0.052674899744047834, 0.06985230654695372, 0.07016803242021645, 0.052688082311452535, 0.06047369483780539, 0.06946265288736606,
36, 0.30019194348877487, 0.058371498047312426, 0.05187847382251072, 0.041937064394036196, 0.051787527270303405, 0.050442944814639394, 0.042947793183678494, 0.0523986577133758, 0.04241383538802347, 0.04301504913376368, 0.057034062895527954, 0.057294204950956176, 0.042741992483752766, 0.051078672314204876, 0.05646628013221737,
37, 0.42194794361684324, 0.04558340796789332, 0.04560891436645484, 0.03444979896903195, 0.04541468153858401, 0.04420689489695944, 0.03554160961672239, 0.04514428399435968, 0.034875221352430145, 0.03464371169518852, 0.044349753827508706, 0.04455845999909881, 0.035158337336767716, 0.044632558031917416, 0.04388442282402583,
38, 0.532987317097902, 0.03167877048672972, 0.04076972031914096, 0.027887952526558044, 0.04067718095348599, 0.039416664529380974, 0.029034278230963148, 0.040345239311051016, 0.028393165108161148, 0.028048036860990343, 0.030921172643103158, 0.031062960410161475, 0.028621415717705587, 0.039771737133257413, 0.030384388703767008,
39, 0.5013657979013848, 0.03269506345093535, 0.043521087938396506, 0.030351565508042844, 0.043782878085829945, 0.042587346788345616, 0.031317780477313914, 0.04347953763058702, 0.030833448824379366, 0.03052120847847387, 0.03207664287836312, 0.032214277607239876, 0.031067960034705622, 0.04269651308520904, 0.03148889134176919,
40, 0.4146322763181684, 0.03808282603234858, 0.049972590029887624, 0.03639493812698092, 0.0508192010030334, 0.04959923643424007, 0.03708098135659969, 0.05053454241590479, 0.0369412838192946, 0.03665561408562519, 0.037734530995071104, 0.037876272912189, 0.03719417757422501, 0.04954538837288107, 0.036936140552742136,
41, 0.1799841791191885, 0.05547939193105925, 0.06683367094656947, 0.05222171259837435, 0.06824783046423931, 0.06706810609953501, 0.052616639599761955, 0.06781436778753708, 0.052765012941679235, 0.05240455235671803, 0.05520543934476059, 0.055397185496474856, 0.0531024838608858, 0.06673583107076118, 0.054123596411665274,
42, 0.13712691803423616, 0.0606340907963388, 0.06921058061249032, 0.05440951636279075, 0.07067835706566668, 0.06964618810601574, 0.05475840598146996, 0.07016481097876531, 0.05485475690533328, 0.05446458723060179, 0.060212492641586284, 0.06044090802067543, 0.055233671324868915, 0.06907368204390271, 0.05909103392475173,
43, 0.020848149108999278, 0.07415448796069542, 0.07579308137456385, 0.06097861801211825, 0.07695089103342781, 0.07621928498284054, 0.06140330657679333, 0.07617615874602864, 0.06117165143404118, 0.0606381739556765, 0.0731403717679393, 0.07345736095443345, 0.06164261814476997, 0.07533277482452955, 0.0720930711517593,
44, 0.0045531495055582535, 0.07731577256480145, 0.07609881066179573, 0.061590047512573, 0.07718102314591707, 0.07662270679683524, 0.061972766689971426, 0.07628697547672447, 0.06169384595546989, 0.06108990613603506, 0.07617910333235883, 0.07652476482278105, 0.06219298234628338, 0.07560665889058771, 0.07509148619135836,
45, 0.0006607536413412153, 0.07995897937692421, 0.07524441895100774, 0.061017185074105244, 0.07646095779086985, 0.07598902952092323, 0.061247995599665234, 0.07547945517231933, 0.061112195516171704, 0.06045493485130998, 0.07889199742547155, 0.07926536112832044, 0.06163330836970407, 0.07492436152475168, 0.07765906608641973,
46, 0.0003565553409398436, 0.08058426120461248, 0.07516847164463572, 0.0608940846621662, 0.07627048943787798, 0.07608072568908068, 0.061065321170787064, 0.07520859523276499, 0.060840535095538786, 0.06012630546973777, 0.07935285779277337, 0.07974142698715227, 0.06137606051579934, 0.07475910678196099, 0.078175203002858,
47, 0.0004730923148356711, 0.07997977618526964, 0.07587096724914864, 0.06121632696052939, 0.07663170450330038, 0.07690458577320959, 0.06141215605975649, 0.0754819124687009, 0.06087987561102209, 0.060098121560039866, 0.07834611852830492, 0.07874468428479646, 0.061429814955458004, 0.07512743078266584, 0.07740343279175654,
48, 0.003334937493412284, 0.07698689224578399, 0.07717418957697733, 0.06197468453424812, 0.07777032455710035, 0.07846962016323032, 0.062102029458646874, 0.07658932595814158, 0.06144531731064456, 0.06061325258459109, 0.07523917956237575, 0.07561563885469207, 0.06198021376771269, 0.07628442311659994, 0.0744199708446862,
49, 0.03440590304328071, 0.06914949859011124, 0.07744762414232337, 0.061638400162694625, 0.07805488951023058, 0.07917734028924665, 0.061583248899559184, 0.07691670039803453, 0.06100249578586836, 0.060144159450014056, 0.06762295678834745, 0.06793414685263605, 0.06148088092896905, 0.07661885641184991, 0.06682289877618357,
50, 0.04025283155327195, 0.06515844102174094, 0.07873150955930633, 0.06272466269601036, 0.07905221693061878, 0.08074571352631299, 0.06254911013166525, 0.07785501395723682, 0.061832315528830804, 0.06088710013030834, 0.0635149940965812, 0.06379353731817415, 0.06228430339924005, 0.07774835966297272, 0.06286989051692003,
51, 0.09330155878021552, 0.06209824834232797, 0.07519371989258168, 0.05835153459498871, 0.07489734741356315, 0.07592420707679791, 0.05891285084613623, 0.07364922260376985, 0.05778817713990408, 0.056764678013451426, 0.06049973670966251, 0.0607656910024461, 0.058208559623624145, 0.07375927344115335, 0.05988519454837694,
52, 0.06623074512447857, 0.06859612865916329, 0.07430072565896986, 0.05954496478930218, 0.07391368071516591, 0.07473654653989788, 0.06016044003091038, 0.0727289219319944, 0.05899053546508646, 0.058070797413669085, 0.06688119715618647, 0.06717814571422184, 0.05942664600040904, 0.07286169206045806, 0.06637883276875657,
53, 0.0771532428473766, 0.07042103018942458, 0.07131803559094224, 0.05863514343813261, 0.07101450534802121, 0.071581717689804, 0.059212849445797654, 0.06995590910205403, 0.05818980168092751, 0.05739675441547189, 0.06888189603071376, 0.06917837473563686, 0.05860754272372652, 0.07007555895810035, 0.0683776378325955,
54, 0.1584424672101382, 0.06596836751378138, 0.06331132177818449, 0.05335079281084387, 0.06325428778890302, 0.0634660283190186, 0.05379422138772968, 0.062422355754204184, 0.0531224258876719, 0.052517562848588356, 0.06489719981323185, 0.06516155413556246, 0.05348106643003734, 0.06249177432406562, 0.06431857402610557,
55, 0.5598895567497851, 0.03685853382158514, 0.03171688776799687, 0.027447645196654186, 0.03157797560386155, 0.0315102954741516, 0.027783563492466683, 0.031247812529923855, 0.02734456907813452, 0.027138968232260627, 0.036272484261130236, 0.03643843805500855, 0.027547147695083835, 0.031217946609922297, 0.03600817546128328,
56, 0.6098183383104568, 0.03202536314579523, 0.028249764852384476, 0.02450615646955252, 0.0282124867263866, 0.02804349626257988, 0.024796489984180613, 0.028001484667051633, 0.02446485984677292, 0.024345654443418026, 0.03172656204083002, 0.031864383538690165, 0.0246338510560543, 0.02786222500435002, 0.03144888368062908,
57, 0.6241039707893309, 0.030969536427030604, 0.026719184455906115, 0.023722400464141317, 0.026804329601466784, 0.02652867959495008, 0.02392834147677928, 0.026676631486123897, 0.023757544393789732, 0.023704094285564564, 0.030967969066049036, 0.031090026524691297, 0.023903594261504815, 0.026513029106610457, 0.030610668094509335,
58, 0.7446594454265214, 0.02107563218195974, 0.017839959777009598, 0.016185030257372692, 0.01792274351365408, 0.017637075397046006, 0.016308781333446026, 0.017939479515113654, 0.01623008604506009, 0.01628300590097206, 0.021354581727222228, 0.021436448805963695, 0.01632317964081525, 0.017749997880448648, 0.02105455262469822,
59, 0.8699396651952532, 0.011548821112983559, 0.008493607459759182, 0.007743917796954038, 0.008725186786362044, 0.00837721418719549, 0.007732291588265413, 0.008791018704220922, 0.007851370927118446, 0.00792258651311162, 0.012214257233778452, 0.012262291240898332, 0.007892630783706544, 0.008619152461094676, 0.011885988037589506,
60, 0.9013740167040516, 0.008653522944383409, 0.006513661965486937, 0.0059334436684131105, 0.006712062710023457, 0.006495874023113984, 0.005888337414326311, 0.006763741125087579, 0.00597870410703346, 0.006033209301807919, 0.009058715510173345, 0.009098499528112794, 0.006012836448225212, 0.006610117409640207, 0.00887325716753835,
61, 0.9093945035041577, 0.008047137503616932, 0.005869148158698736, 0.005505276727346016, 0.006080559506854443, 0.005924522143536406, 0.005410665651198561, 0.006128001771544557, 0.005523742061663812, 0.005575554515428189, 0.008362692148347775, 0.008400579668808654, 0.0055554959890389555, 0.005991541369790033, 0.008230579306960521,
62, 0.8807275094606948, 0.011085774423106598, 0.007519140836689177, 0.007240460982304064, 0.007690825075374822, 0.007542279166464363, 0.007180707753025692, 0.007734965782400607, 0.007248616745070497, 0.007304741262268188, 0.011300319843884556, 0.011349120490164535, 0.007289350437536019, 0.007599408621598699, 0.011186779145437194,
63, 0.9177113993599157, 0.00834626009735507, 0.004859358620900335, 0.004771431652600838, 0.00497340510400481, 0.004863940662299344, 0.004743929285628236, 0.005021734101879677, 0.004782826846456171, 0.004839559187913189, 0.008469531857406065, 0.008510892679269643, 0.004814300254046167, 0.004908836780262946, 0.00838259353706946,
64, 0.936324049771223, 0.0066886251588489706, 0.003631714445800377, 0.0036043475141368094, 0.0037505954694838414, 0.00365592995878162, 0.0035807098517481625, 0.003818416640945313, 0.0036251113288272457, 0.0036949408003843116, 0.00678086746893667, 0.006814801876289912, 0.003650125288904039, 0.003683087192917446, 0.006696677258311525,
65, 0.9214823547195291, 0.007597904739215302, 0.004751571400762627, 0.004625888090638015, 0.0049566124272192955, 0.004838711112442348, 0.004582882385291068, 0.005081642186259559, 0.004670413968156471, 0.004782439958524936, 0.007726774960360096, 0.007757639641364181, 0.004694685476653415, 0.004841644931545875, 0.007608834031694514,
66, 0.9070854139936829, 0.00832909688996955, 0.005937034574066776, 0.00566675324386485, 0.006219931125315983, 0.006087343038166642, 0.00561350586513918, 0.006394083548607853, 0.00572224797100401, 0.005868236412504616, 0.00846214789221465, 0.008490859924882072, 0.005747417532290823, 0.006043162665389415, 0.008332765352682722,
67, 0.9540828839758219, 0.003518342415455214, 0.003270665868391345, 0.0028647074220926874, 0.0035219929145106754, 0.003453048510001209, 0.0028333299922688533, 0.0037229868586111706, 0.0028835091144773757, 0.00303983582960076, 0.003544192554201887, 0.003556764467137498, 0.0028982301514141424, 0.003311091312956886, 0.0034984186440807767,
68, 0.9483253001837918, 0.0034051773551872617, 0.003990249681803585, 0.003300013640410496, 0.004340541946469467, 0.004261204260167873, 0.003262221051553533, 0.004627588676914449, 0.003320956588913286, 0.003535142760326513, 0.003434508248934252, 0.0034452381330660983, 0.0033365973059838647, 0.004030801443381175, 0.0033844587521401344,
69, 0.8021763725025214, 0.012818812118434787, 0.01544636508873694, 0.013163349286472517, 0.016003876609088148, 0.015473788805982335, 0.01347246078995776, 0.01683974778517128, 0.013395121458697454, 0.014056428383318689, 0.012869245450638092, 0.012895005500617396, 0.01344772798617788, 0.015293474484789373, 0.01264822377434254,
70, 0.44164284720091807, 0.03766467455734478, 0.04235772585813274, 0.03717025498582434, 0.04349711641409672, 0.04153953003255631, 0.038412177822156744, 0.04574054931322415, 0.03819208521812347, 0.040077616736795336, 0.03809948222187817, 0.03816201837311309, 0.03832912923682558, 0.04196836930871622, 0.03714642274773272,
71, 0.3712093708067332, 0.04143752533346596, 0.048368517668611034, 0.04196309679894209, 0.04952320638197204, 0.04711157258722325, 0.04368078739660012, 0.05235715460466418, 0.04320345950750831, 0.04560085341938511, 0.04184221491965204, 0.04191426297654231, 0.04336762273905182, 0.04767291235737119, 0.040747442528495194,
72, 0.12803344272921283, 0.060157928802567255, 0.06638297025232588, 0.0568310104430509, 0.06868464898779435, 0.0656752325790507, 0.05855152396714175, 0.07150502371980821, 0.05828266685522294, 0.060670917856584156, 0.060717421883195136, 0.060851686452541486, 0.05854375398570847, 0.06581989242719252, 0.05929187908563986,
73, 0.09567197012072251, 0.0616818160696671, 0.06943303901467517, 0.058432776388267556, 0.07247608949558228, 0.06917404779120065, 0.060009099592322125, 0.0752617124791234, 0.06003580274980852, 0.06236115239018806, 0.06249882698289722, 0.06263933957791232, 0.06031301758994021, 0.06912943086174492, 0.06088187892363538,
74, 0.11125837473121447, 0.05829792880196265, 0.06981710624618306, 0.05739825734556905, 0.07330399637012325, 0.06992408845513251, 0.05892159805090824, 0.07606953194696858, 0.05900259399732513, 0.06127095876424565, 0.059131992518740975, 0.059266546289280034, 0.059279516651258836, 0.06951477179012101, 0.05754273806797595,
75, 0.024436473965237564, 0.06607653527270581, 0.0757002293813238, 0.06308070696075349, 0.07845676178518934, 0.0744160721829629, 0.06540711949872212, 0.08091864743960511, 0.06505453934131243, 0.0671012030893216, 0.06689372797418155, 0.06704822898532059, 0.06536725731629958, 0.07496821445572824, 0.06507428237874621,
76, 0.016830309415883864, 0.06611878128447685, 0.0768528967962579, 0.06412706830596077, 0.07872257551038564, 0.07439271514805841, 0.06717293958285746, 0.08094641148107012, 0.06623161421474198, 0.06809474025117233, 0.06668233693371664, 0.0668366664439304, 0.0665512823485713, 0.07551934058474495, 0.06492032172544568,
77, 0.008009220693422105, 0.06465420916059654, 0.07910763879972271, 0.06581944393390302, 0.0798871379883783, 0.07530363118882127, 0.06976671671268542, 0.0817626961529096, 0.0679877175294503, 0.06957179313630393, 0.06477216757685843, 0.06492572169826706, 0.06831823003077783, 0.07690892218171595, 0.06320475324307302,
78, 0.0021342236778423363, 0.06481080322580997, 0.07984916227284504, 0.0666468710494614, 0.08024643552568539, 0.07547941143219287, 0.07077859950350074, 0.08176284447220403, 0.06876947165553506, 0.07008466735272648, 0.06466641970256222, 0.06484435806142806, 0.06914001915611674, 0.07743629053222308, 0.06335042240661218,
79, 0.0022319566124988305, 0.06286154487304282, 0.08075304744311317, 0.06753382101479216, 0.0809049720882949, 0.0758447863049098, 0.07183945461392315, 0.08215384286644904, 0.06972453929550843, 0.0708261252946017, 0.06264313358434263, 0.06282380567398066, 0.07010798684634958, 0.07824658475507529, 0.061504398760153796,
80, 0.009609258378565091, 0.06448518345640297, 0.0792748720878904, 0.06660821722121078, 0.07931060175573916, 0.07483620927547112, 0.07054026378373901, 0.08033814779808589, 0.06846511086918429, 0.06937932566000346, 0.06408469716308064, 0.06427184397583727, 0.06884364606370193, 0.07682453526713386, 0.0631280872711229,
81, 0.05045241996411582, 0.06235075499815673, 0.07576259996284887, 0.06374970716604714, 0.07583929852298332, 0.07191813598530426, 0.0672030256259125, 0.07670082086880335, 0.06535826353661184, 0.06610688373669509, 0.06199455589084506, 0.06216352157394884, 0.0656979598516538, 0.07356039809085825, 0.06114165425302138,
82, 0.0616584732006462, 0.06314245707005954, 0.07367965880780734, 0.06287255133368402, 0.07386072952862704, 0.07030255154136696, 0.06590062740664847, 0.07459149692598889, 0.06436579989133534, 0.06499917372308545, 0.0629438373555248, 0.06309909314222453, 0.0646717278558613, 0.07183386179114114, 0.062077960453815466,
83, 0.1272150104276649, 0.06115845122648408, 0.06729316211966835, 0.05795902886252498, 0.06741051556115468, 0.06447866425259821, 0.06049191859813843, 0.06797003536763713, 0.059140536999990084, 0.059633449900645945, 0.06089750869873642, 0.06104885997651565, 0.05941606080156547, 0.06568090758120619, 0.060205889653815674,
84, 0.4899006723527689, 0.03733431098898026, 0.03873129141666353, 0.0330044700903828, 0.03897856375616857, 0.037327581132078104, 0.03428780554425367, 0.039305955637242776, 0.03368135868938299, 0.0339389712360983, 0.03735654386699416, 0.03744337815472301, 0.033818470146261013, 0.0379750179148086, 0.0369156091024112,
85, 0.6181313382953993, 0.030640550521118855, 0.027752955987326383, 0.02401959122387112, 0.02776254106510368, 0.026718825219076488, 0.024913420925122887, 0.027923269419903304, 0.024400270582897215, 0.02453064836452074, 0.03056947977065292, 0.03064666690917577, 0.02449723251598881, 0.027146385570370107, 0.030346823660809947,
86, 0.6775766397340974, 0.02712566187358149, 0.02281881541239702, 0.019955869958333317, 0.022782602753437096, 0.02203261824518146, 0.02062979818482565, 0.02288448071322903, 0.020208315672927912, 0.020287069305491106, 0.027052075368278437, 0.027116848769336725, 0.020277365715454996, 0.022325232580371945, 0.026926605746660687,
87, 0.9546840868975147, 0.0032109609766187205, 0.0036352350588324017, 0.0028052057140260534, 0.003671644940846227, 0.003514581391415911, 0.0029147966096631597, 0.0036786616163749977, 0.0028688143542867357, 0.002861674670964288, 0.0032500379077728533, 0.003256152524058478, 0.0028761933345238873, 0.0035731496409396393, 0.0031988043937393514,
88, 0.9677691796654905, 0.0022831627991672793, 0.002513884460237749, 0.0019972691129344546, 0.002627922822950237, 0.002533961170725942, 0.0020081378932807568, 0.0026432888290588395, 0.0020329864321179396, 0.0020390130348103587, 0.002337626989897051, 0.002342759967721011, 0.0020390277508889423, 0.0025351150697082393, 0.0022966640306579743,
89, 0.9327151807868995, 0.005431970735488284, 0.004647126269916332, 0.004274243799126328, 0.004819947792682626, 0.004685497752326509, 0.0042329141714546326, 0.004809798930964455, 0.004333910908047178, 0.004324515001380509, 0.0055674401947864915, 0.005579823903310209, 0.0043474799226209115, 0.004754712709924757, 0.005475437150661424,
90, 0.9444061486813351, 0.004689402295670991, 0.0037016088260579845, 0.003503967511700685, 0.003847642116635632, 0.0037369896998169327, 0.00344580709651017, 0.0038230809149227764, 0.0035485844908928325, 0.003531161050769936, 0.004817018644171525, 0.004830187653714295, 0.0035625890506327954, 0.0038175957074084014, 0.004738216292718015,
91, 0.9210558256336813, 0.006322787373893146, 0.00541829693706218, 0.005174210683346501, 0.005592983213969928, 0.005512891890989984, 0.005077552076800484, 0.005558871227060806, 0.005184513310969854, 0.005161710909075106, 0.006405700156058821, 0.00642260811899028, 0.005204152622678074, 0.005542654070374661, 0.006365241809331225,
92, 0.9406702276833901, 0.00444749438845624, 0.0041927470471337745, 0.0039729206004381805, 0.004388262824535131, 0.00434096889991274, 0.003843596562839831, 0.004362831005043287, 0.003967025403369451, 0.00394908677136837, 0.004517020837831558, 0.004529198320269631, 0.003982054460834713, 0.004334048479879105, 0.004502516750157427,
93, 0.9302889254262672, 0.005195763295321829, 0.004981865556325614, 0.004677537793617452, 0.00517914557483371, 0.0051380612018236274, 0.004555701100448507, 0.005153282061133536, 0.004663519286516645, 0.004645674125703438, 0.005240718750354612, 0.005254077302416263, 0.004680556305588857, 0.005108447854037685, 0.005236724400141581,
94, 0.9640604544924609, 0.002399274239459128, 0.002736764310425167, 0.0024126186972974126, 0.002912676103214839, 0.0028834693915508903, 0.002316522152010721, 0.0029040212555756636, 0.0024054918339079545, 0.0023978937783133126, 0.002436764500899441, 0.0024431856546750365, 0.0024146148211611563, 0.002842005399078422, 0.002434243407094423,
95, 0.9651405610474288, 0.002309290089654347, 0.0027289527737296994, 0.002286358094839789, 0.0028950372003170304, 0.002858495213902084, 0.002219656414053935, 0.0028916391263152457, 0.002284665711800389, 0.0022802659932776967, 0.0023341896607415725, 0.0023403561708933438, 0.002293653253666965, 0.0028080193758390163, 0.0023288599090217107,
96, 0.9597580182267912, 0.0024543987213986704, 0.003311819248739332, 0.002627032163256244, 0.00352028484237625, 0.0034625043469143964, 0.0025695602132772897, 0.0035252222588714093, 0.0026387699713419015, 0.0026372496519172202, 0.002489509641700323, 0.0024946943600155083, 0.0026474532820448637, 0.003393241796929083, 0.0024702413084775896,
97, 0.9402587362152632, 0.0035237103269656145, 0.0049762929070086915, 0.0038894760584515992, 0.005312359186226808, 0.005200987270629039, 0.0038130489621243857, 0.005331778865773014, 0.003934103329798719, 0.003938119041552574, 0.0036060393656289487, 0.003610696474115949, 0.003943063727785963, 0.005113199720351493, 0.0035483885833241017,
98, 0.5832043917901635, 0.028787922387436764, 0.032742360483805695, 0.0266416892739108, 0.03345975204316908, 0.032071250123617084, 0.027073345089367457, 0.03313066044179337, 0.027410633765080527, 0.02707480726554281, 0.02953830782562647, 0.02956853539992035, 0.0274671470875979, 0.03311913227790123, 0.02871006478111037,
99, 0.4946128151878123, 0.03562734826858208, 0.03991350386529285, 0.031651487633180625, 0.04065026905032614, 0.038827000085791596, 0.032329012083449224, 0.04015503746723892, 0.03262840198728949, 0.03214062587259665, 0.0364970216993608, 0.03654827800856568, 0.03271373493094688, 0.04024898025824612, 0.03545648363757796,
100, 0.28440109722205487, 0.049402063374613864, 0.058239973329023476, 0.04457939787274057, 0.05883459915139291, 0.05625245746763832, 0.04588633779495534, 0.057938436402234596, 0.04585993984729566, 0.045015296533536406, 0.05019378311815492, 0.0502862310703834, 0.04601365323075444, 0.05817394914193054, 0.048922784480065235,
101, 0.2428719824751874, 0.05230577774364991, 0.0629102733547851, 0.04631957708597023, 0.06324514887928846, 0.0604221478841573, 0.047994043073277294, 0.06211768378495746, 0.04761757983111694, 0.04657656205642333, 0.052821929611453045, 0.05294802894904432, 0.04781753657653834, 0.06243541485707264, 0.05159631387384322,
102, 0.26663424502343497, 0.049087744398560514, 0.06310085131141437, 0.04408473580796646, 0.06334055232102326, 0.06027076293241639, 0.046004261745529205, 0.06207261723093168, 0.045469701273173645, 0.04428372142970065, 0.049548924288507906, 0.04968068050911948, 0.045679738916446735, 0.06243206003137159, 0.04830940281683291,
103, 0.16278332634929848, 0.05889871516830884, 0.06992763815395919, 0.0499242844128124, 0.07059785584495198, 0.06739383444073177, 0.0517014522016373, 0.0692831820747224, 0.0513174113880436, 0.050117409436076996, 0.05939232667559793, 0.05957263718187225, 0.05158257113465176, 0.06946746525572368, 0.05803989031712639,
104, 0.15680084595838492, 0.05964833224473212, 0.07016558321239526, 0.04987427135271027, 0.07127937334116952, 0.06799344719322377, 0.05143491555403269, 0.07000946033838482, 0.05131225085263757, 0.05014968472635213, 0.060329453096659866, 0.06051890527543972, 0.05158616527462927, 0.07002532273766074, 0.0588719888773922,
105, 0.21044286175832955, 0.05482752294675332, 0.06678334911249562, 0.046278865607310565, 0.06811310105686767, 0.06495985535344874, 0.047668958220799966, 0.06691699774871294, 0.047616155273885144, 0.046510819166178954, 0.05547286842734283, 0.05566060020745042, 0.04788566250002587, 0.0667418123830163, 0.054120570273757836,
106, 0.1620765577851154, 0.06148554729429756, 0.06750092132779181, 0.04934614733023814, 0.0696377249343085, 0.06683101917414207, 0.050040827971830786, 0.068644703807873, 0.05046012048769578, 0.04958627233080605, 0.06221691004272992, 0.06244084112219706, 0.05076192252560989, 0.06805145142351529, 0.06091903247829474,
107, 0.061483581667259306, 0.06998249120438713, 0.07282939496700369, 0.056182721423014864, 0.0763556752912882, 0.07373504267888223, 0.055936271071646095, 0.07559253779889892, 0.057195040304592396, 0.05655982639688221, 0.07114805526418054, 0.07139814482267942, 0.057530374969360074, 0.07435471582813485, 0.06971612634828733,
108, 0.05246527399316543, 0.07001156898655829, 0.0727832194077193, 0.05747938736422066, 0.07709419934627286, 0.07485143384840505, 0.05658104901072394, 0.07653892576326539, 0.05826029297731923, 0.057826830861235905, 0.07125016862705263, 0.07150352342981982, 0.05860250993655764, 0.07480566146152944, 0.06994595502213102,
109, 0.025912759959021456, 0.06911918917381658, 0.07499771710186665, 0.06039635800958229, 0.08049070328725623, 0.0785836129291365, 0.05868012685880768, 0.08020882633107251, 0.06100474774223657, 0.060808981427577166, 0.07057434918185158, 0.0708145468110295, 0.06134535561614486, 0.07774438247292663, 0.06931834313353064,
110, 0.018370070115091345, 0.06916841656230056, 0.07546170334290862, 0.06090433648391222, 0.08159204430820909, 0.0799088321082231, 0.058916187928872384, 0.08159271886429052, 0.061421028680412014, 0.06146855816893983, 0.07069201854768588, 0.07092873941393199, 0.061762418615982174, 0.0784057965820724, 0.06940713031247427,
111, 0.023325121078178246, 0.06867696735208043, 0.07481685071802624, 0.060183744742667876, 0.0817523748502312, 0.08017009706464252, 0.05789124053210495, 0.0820799110986039, 0.060720550895573246, 0.061035045947523694, 0.07046639144488778, 0.07069534320373873, 0.061052509718543355, 0.0781141868325108, 0.06901966455523693,
112, 0.0574916061462534, 0.06492214282345275, 0.07277015334741053, 0.057883160691147746, 0.08036708790341944, 0.07907894236087548, 0.0553231238244672, 0.08105952465008068, 0.058303984351749126, 0.05891238382645847, 0.06675293620633575, 0.0669671139929613, 0.058619641707473386, 0.07622157626287951, 0.06532662193950255,
113, 0.03410712815348322, 0.06951578691161056, 0.07279873403841601, 0.05899929772173014, 0.08003684192034165, 0.07859168167134399, 0.05663987824522921, 0.0806585639251367, 0.05954893592687013, 0.06010841599401408, 0.07143304978141876, 0.07166051848622505, 0.059875287787009936, 0.07617189479800761, 0.06985398467406118,
