Optimize time:17.251792642407946
Begin Prob:-13347.462676793437
End Prob:-13293.560297161155
Substitution parameters:[0.26603566005548485, 0.20033739720958652, 0.2139798993177184, 0.31964704341721034, 0.8202625460779918]
Trees:
((3:910.575331717409,(4:999.9999215812713,5:999.9999215812713):999.9999215812713):999.9999215812713,(1:999.9999215812713,2:999.9999215812713):999.9999215812713);
((4:999.9999215812713,5:999.9999215812713):999.9999215812713,(2:999.9999215812713,(1:999.9999215812713,3:999.9999215812713):999.9999215812713):999.9999215812713);
((4:999.9999215812713,3:999.9999215812713):910.575331717409,(1:999.9999215812713,(2:999.9999215812713,5:760.0811484073806):910.575331717409):916.0044617107056);
((5:693.0674802345802,(4:999.9843942789408,3:839.7319490141003):839.6364184962321):910.9812857678471,(1:999.9999215812713,2:999.9999215812713):839.7325349695025);
(1:999.9999215812713,(4:999.9999215812713,(2:999.9999215812713,(3:999.9999215812713,5:999.9999215812713):999.9999215812713):999.9999215812713):999.9999215812713);
(1:999.9999215812713,(4:999.9999215812713,(5:999.9999215812713,(3:999.9999215812713,2:999.9999215812713):999.9999215812713):999.9999215812713):999.9999215812713);
((4:999.9999215812713,3:999.9999215812713):999.9999215812713,(2:999.9999215812713,(1:999.9999215812713,5:999.9999215812713):999.9999215812713):999.9999215812713);
(1:999.9999215812713,(5:999.9999215812713,(4:679.3424767818285,(3:854.0894868541718,2:999.9999215812713):999.9999215812713):999.9999215812713):999.9999215812713);
(1:999.9999215812713,(3:999.9843942789408,(5:999.9999215812713,(4:999.9999215812713,2:999.9999215812713):999.9999215812713):999.9999215812713):999.9999215812713);
(1:999.9999215812713,(5:999.9999215812713,(3:999.9999215812713,(4:999.9999215812713,2:999.9999215812713):999.9999215812713):999.9999215812713):999.9999215812713);
((4:763.9322585681878,5:764.4001439200237):764.270884260522,(1:763.9293773743323,(3:763.9044780457762,2:763.9322585681878):764.270884260522):763.9196332746413);
(1:764.4001439200237,(3:764.270884260522,(4:790.6339533005511,(2:764.4001439200237,5:790.634034277596):763.9322585681878):763.9322585681878):763.9196332746413);
((3:763.9196332746413,5:692.5360794915038):763.9196332746413,(1:763.9196332746413,(4:763.9322585681878,2:763.9322585681878):693.0680613377286):763.9322585681878);
((4:761.6030458860464,(3:692.5360794915038,5:763.9322585681878):692.5360794915038):763.9196332746413,(1:763.9196332746413,2:763.9196332746413):692.7090905440012);
(1:763.9322585681878,(4:764.0041473121335,(3:763.9284705495322,(2:1.16719,5:0.891166):1e-06):1e-06):0.58647);

Position, Posteriors1, Posteriors2, Posteriors3, Posteriors4, Posteriors5, Posteriors6, Posteriors7, Posteriors8, Posteriors9, Posteriors10, Posteriors11, Posteriors12, Posteriors13, Posteriors14, Posteriors15,
0, 1.4841323224102035e-05, 2.9014397243476347e-05, 2.1537437694390572e-05, 2.279956694045863e-05, 0.2676645954539916, 0.009036341669294982, 2.153751860930159e-05, 0.21664727481788162, 0.08269983422191213, 0.1252346764376377, 2.901380074297287e-05, 0.282977067411107, 2.7936910146037626e-05, 2.2991665998192346e-05, 0.015550537883658537,
1, 1.2437943387178417e-05, 2.4748853506717634e-05, 1.8379244104247688e-05, 1.8883497404941005e-05, 0.2676763106632934, 0.009032217191616235, 1.8379318484470982e-05, 0.21665586914450582, 0.08270021612501002, 0.12523766550126691, 2.474826913447169e-05, 0.282989722719364, 2.452934387106857e-05, 1.908559990200392e-05, 0.0155468071026444,
2, 1.0709087116698624e-05, 2.2359437051007175e-05, 1.6645010432969424e-05, 1.582496260253751e-05, 0.2676851683894391, 0.009027975946953683, 1.6645081689332555e-05, 0.21666215091167615, 0.08269970382542431, 0.12523930798044264, 2.235885047773286e-05, 0.2829993612169476, 2.2869825907242967e-05, 1.6027692294898245e-05, 0.015542892297420069,
3, 9.855053463840619e-06, 2.019710080198404e-05, 1.5482844580841494e-05, 1.3281787455514473e-05, 0.2676929336781819, 0.009023733879931233, 1.5482911466730472e-05, 0.21666755741842655, 0.08269887219769322, 0.12524045357914954, 2.01965236701531e-05, 0.2830078448632981, 2.167171780583031e-05, 1.3493414578817002e-05, 0.015538943545769485,
4, 9.14873910546673e-06, 1.830006280862609e-05, 1.4147108858141998e-05, 1.120250359324193e-05, 0.2677003777606485, 0.009019487950709925, 1.4147172203851105e-05, 0.2166727020213568, 0.08269794360675983, 0.12524145072259904, 1.8299499226868197e-05, 0.28301598661173427, 2.043252154632035e-05, 1.1392199156850905e-05, 0.015534982036643951,
5, 8.647506630636014e-06, 1.5586293897317537e-05, 1.1637857036752532e-05, 8.31014741594497e-06, 0.2677094928919067, 0.009015333604910499, 1.1637913654936993e-05, 0.2166792049755542, 0.08269755108039338, 0.12524324602687645, 1.5585746434927757e-05, 0.283025891520651, 1.8306500001756646e-05, 8.420691781547293e-06, 0.015531147759087663,
6, 7.675481180721592e-06, 1.3881124275309912e-05, 1.0001723561060246e-05, 6.733264146387763e-06, 0.26771702359522853, 0.009011112235529457, 1.00017784879128e-05, 0.2166844178965739, 0.08269665882695229, 0.1252442914999979, 1.3880594566157428e-05, 0.28303412054894017, 1.620567338880717e-05, 6.786499097497545e-06, 0.015527209774234708,
7, 6.93108276163276e-06, 1.2011184664639258e-05, 8.58962786130299e-06, 5.4102566341193255e-06, 0.26772430610273124, 0.009006891296801978, 8.589680951993103e-06, 0.21668942879224076, 0.08269569319959555, 0.12524522348929365, 1.201068035441411e-05, 0.2830420853551416, 1.413872981451271e-05, 5.426096812451538e-06, 0.015523264939747665,
8, 6.099535675401074e-06, 1.0986104520486722e-05, 7.0727739779658185e-06, 4.441513708115419e-06, 0.2677308548658335, 0.009002606686690326, 7.07282574641509e-06, 0.21669383848637286, 0.08269448049961427, 0.12524579594441163, 1.0985620437947438e-05, 0.2830492756619019, 1.2806431964791255e-05, 4.438680396839917e-06, 0.01551924488412045,
9, 5.715690872844412e-06, 1.0326230524993962e-05, 5.760630062031518e-06, 3.6541897610197944e-06, 0.26773673829019684, 0.008998340152284585, 5.760677170853997e-06, 0.2166977182020337, 0.0826930812533595, 0.1252460716513674, 1.0325760459301474e-05, 0.2830557625875857, 1.1885918222432638e-05, 3.640271334863476e-06, 0.0155152190104567,
10, 4.93230381836529e-06, 9.92834119560818e-06, 4.93396869900019e-06, 3.23028968131036e-06, 0.2677421355236351, 0.00899405057278299, 4.9340143254235545e-06, 0.21670120063450823, 0.08269152737843334, 0.125246116352416, 9.927881894999601e-06, 0.2830617351041848, 1.0981688905481716e-05, 3.207174037344631e-06, 0.015511159285845127,
11, 4.565394757219193e-06, 9.569469436316128e-06, 4.411472984626386e-06, 2.8792318580879432e-06, 0.2677470907399868, 0.008989786037477897, 4.41151637365515e-06, 0.21670433378872495, 0.08268985519028782, 0.1252459680371543, 9.569020809192078e-06, 0.2830672407246524, 1.0363881159027409e-05, 2.8497456610126178e-06, 0.015507106263094034,
12, 4.022160055795478e-06, 9.222829027148987e-06, 3.884164396395622e-06, 2.614942456363655e-06, 0.2677520936307026, 0.008985539859949683, 3.884205263437965e-06, 0.2167075031132639, 0.08268820461227133, 0.12524584749547954, 9.222390739324017e-06, 0.283072794030584, 9.515010941918612e-06, 2.5818818274556233e-06, 0.015503070188285109,
13, 3.7718857708048402e-06, 9.002778234942565e-06, 3.4280325049029225e-06, 2.4004696584589703e-06, 0.26775678555841065, 0.008981322218433448, 3.4280699640806546e-06, 0.21671042844365299, 0.08268647541800483, 0.12524559458176363, 9.002346902700138e-06, 0.2830780186596156, 8.928918102872202e-06, 2.3656138084688966e-06, 0.015499047521191803,
14, 3.58055281328831e-06, 8.602803891573899e-06, 2.7745204792472753e-06, 2.0987694234674494e-06, 0.2677617849018629, 0.008977133304246036, 2.7745519642352705e-06, 0.21671360325746922, 0.08268485040404307, 0.1252454929529428, 8.602384637470022e-06, 0.28308356596389506, 8.011825369532433e-06, 2.06562746553982e-06, 0.015495058695078836,
15, 3.3618415302858036e-06, 8.163294454360176e-06, 2.4039041105566254e-06, 1.8727036021722454e-06, 0.26776656096200196, 0.008972900062152015, 2.403932814736134e-06, 0.21671659127313173, 0.08268313835014027, 0.12524527278038108, 8.162888413553177e-06, 0.2830888785316178, 7.423139914453537e-06, 1.8404271388371226e-06, 0.015491026424839554,
16, 3.2139225758365574e-06, 7.409550734395121e-06, 1.919793628194369e-06, 1.569569707982886e-06, 0.26777165293407695, 0.00896870214284359, 1.9198182178387648e-06, 0.2167198375215445, 0.08268153591496132, 0.12524521000555558, 7.409167600423849e-06, 0.2830945227025024, 6.524855187578793e-06, 1.5390931607651098e-06, 0.015487033523327942,
17, 3.1597018576420906e-06, 6.417047746188066e-06, 1.4379630040518101e-06, 1.1849072785063694e-06, 0.2677768571144279, 0.008964570011114989, 1.4379817008505862e-06, 0.21672318772277557, 0.08267999858841983, 0.12524522327651003, 6.416696889770657e-06, 0.2831002849196689, 5.566758493765013e-06, 1.1594759537416167e-06, 0.015483098349567381,
18, 3.140058575629292e-06, 5.515721576416528e-06, 1.0942303402621452e-06, 8.603325491932631e-07, 0.26778181470987067, 0.008960458103501268, 1.0942443311571602e-06, 0.21672634430502558, 0.08267839773785374, 0.1252451306213472, 5.515403625859965e-06, 0.2831057867947979, 4.836427414016383e-06, 8.39869185114467e-07, 0.015479171955029165,
19, 3.108888342942251e-06, 4.698834711465208e-06, 8.768721915816762e-07, 6.583223615532243e-07, 0.2677865679602726, 0.008956313809962035, 8.768833443297027e-07, 0.2167293281389538, 0.08267672001850716, 0.12524493163865696, 4.698546605057334e-06, 0.28311107204704306, 4.295602027801984e-06, 6.402834369755859e-07, 0.015475212668234846,
20, 3.051347826374068e-06, 4.139115402791293e-06, 7.237791738795157e-07, 5.433611910828785e-07, 0.26779113024732965, 0.008952138681454455, 7.237885429350427e-07, 0.2167321492514543, 0.08267497015834951, 0.12524463312887726, 4.138848664877762e-06, 0.2831161543180727, 3.7564595439375798e-06, 5.25746533092728e-07, 0.01547122228256206,
21, 2.9947600687372093e-06, 3.589800205882702e-06, 6.442176142477302e-07, 4.6922204122498784e-07, 0.26779557818871896, 0.00894794849958065, 6.442260272152809e-07, 0.21673487586819093, 0.08267317920433608, 0.1252442765913585, 3.5895543197435275e-06, 0.2831211161613426, 3.4263608423376027e-06, 4.5188857511648696e-07, 0.01546721597081487,
22, 2.952813768586551e-06, 3.303015165305498e-06, 6.053706772043842e-07, 4.1861639464916554e-07, 0.2677997922041436, 0.00894375700702635, 6.053785666328117e-07, 0.21673741988368536, 0.08267131920862908, 0.1252438126406086, 3.3027843729402316e-06, 0.28312583398318697, 3.2756049020226397e-06, 4.0151250430859854e-07, 0.015463200490904376,
23, 2.8937285216772214e-06, 2.8550286287166655e-06, 4.957745650174934e-07, 3.274750819621946e-07, 0.2678041983077935, 0.008939564842674, 4.957809531611184e-07, 0.21674011422262365, 0.0826695153992004, 0.12524343650432157, 2.854819683994683e-06, 0.28313075263828097, 2.991099959406634e-06, 3.1374342798185613e-07, 0.015459191148486685,
24, 2.8629164193571088e-06, 2.3099148889798442e-06, 4.1777823513173504e-07, 2.451092427295902e-07, 0.2678086017320774, 0.008935387266810662, 4.17783500106718e-07, 0.21674281000963555, 0.08266771752024107, 0.12524306427848333, 2.3097362603159843e-06, 0.2831356684880136, 2.759172285196848e-06, 2.3505162780130982e-07, 0.015455193756968594,
25, 2.780394668321502e-06, 1.967693927801368e-06, 3.6709739406927694e-07, 1.9750189593594166e-07, 0.2678128982742454, 0.008931181890468886, 3.671020555875057e-07, 0.21674541268324887, 0.08266587454114402, 0.12524263277923023, 1.96753545184898e-06, 0.2831404710048197, 2.5226067943083595e-06, 1.8907536606268464e-07, 0.015451170334938912,
26, 2.6781803962778104e-06, 1.7659503515470388e-06, 3.139278802556254e-07, 1.637119444758038e-07, 0.2678171284147777, 0.008926935866796168, 3.1393193556414256e-07, 0.21674795471430336, 0.08266399281543943, 0.12524215623416807, 1.7658050369799652e-06, 0.28314520378450875, 2.3590955943450633e-06, 1.567132579113935e-07, 0.015447111369624142,
27, 2.4637353496899956e-06, 1.6268186889022433e-06, 2.7526797776838665e-07, 1.4430321370751397e-07, 0.2678213642907685, 0.008922659268449035, 2.7527167458377875e-07, 0.21675049301504828, 0.0826620979675178, 0.12524167112787357, 1.626683088803124e-06, 0.28314994170467195, 2.195223172573265e-06, 1.3806176370916282e-07, 0.015443027775687335,
28, 2.0324394798810332e-06, 1.5323098593942705e-06, 2.4874270006278244e-07, 1.3448994420469784e-07, 0.26782564104999684, 0.008918361463543507, 2.487462109919935e-07, 0.21675305739069928, 0.08266020462811913, 0.1252411967973899, 1.532181364674052e-06, 0.283154721692977, 2.0317474471446413e-06, 1.2856162128009033e-07, 0.015438928273779004,
29, 1.6975025219863324e-06, 1.3460718393765613e-06, 2.0541287059686398e-07, 1.1760119266829562e-07, 0.2678299684433754, 0.008914089692221657, 2.05415986569828e-07, 0.21675566376739275, 0.0826583376790267, 0.12524075452406958, 1.3459567717121543e-06, 0.2831595529505987, 1.750758746771023e-06, 1.124517795676988e-07, 0.015434852286998008,
30, 1.498805377719611e-06, 1.2285221458502925e-06, 1.8654532977124294e-07, 1.0709094561510406e-07, 0.267834162706654, 0.008909817165613627, 1.8654823999857675e-07, 0.21675816561370898, 0.08265643147239982, 0.1252402511965254, 1.228415102485627e-06, 0.2831642451385611, 1.6176402548255891e-06, 1.0245765184371862e-07, 0.015430771196511643,
31, 1.3424304898901067e-06, 1.1665686922536607e-06, 1.7470579023150986e-07, 1.0036252775395824e-07, 0.2678383078157573, 0.008905523689100877, 1.7470854927106985e-07, 0.21676062558662415, 0.0826545012241839, 0.12523971801198047, 1.1664656830577523e-06, 0.2831688866409594, 1.5451140373034983e-06, 9.614093914328419e-08, 0.015426671049610768,
32, 1.2199976273845597e-06, 1.113151988604892e-06, 1.6036624951583097e-07, 9.545465659059646e-08, 0.2678424350848048, 0.008901238648437853, 1.6036885494277816e-07, 0.21676307010172774, 0.08265256871371277, 0.12523917902946702, 1.1130526183674446e-06, 0.28317350741290875, 1.4702690020199067e-06, 9.143482920440627e-08, 0.01542257742820858,
33, 1.0226690604881307e-06, 1.0604791194207346e-06, 1.453863181717596e-07, 9.055210625733774e-08, 0.26784661277256483, 0.008896932893155147, 1.4538881166523464e-07, 0.2167655487709571, 0.08265064095574051, 0.12523865553268407, 1.0603833645204283e-06, 0.2831781802089299, 1.349187752074657e-06, 8.6566602427555e-08, 0.015418468768183901,
34, 9.442569688872275e-07, 1.0074205532061384e-06, 1.309409060508923e-07, 8.365216951175203e-08, 0.26785070147817497, 0.008892696725990218, 1.3094322176925525e-07, 0.21676797095330377, 0.08264871946713916, 0.1252381159250851, 1.0073285064172354e-06, 0.28318275951244415, 1.2381947396897323e-06, 7.977287311222507e-08, 0.015414413943770588,
35, 8.902024035967303e-07, 9.412590414299608e-07, 1.2033016234909317e-07, 7.729077494245293e-08, 0.267854777597351, 0.00888846949145553, 1.2033234102957756e-07, 0.21677038431100748, 0.08264679816211747, 0.1252375735449084, 9.411716740841924e-07, 0.28318732510863065, 1.1419207669955765e-06, 7.35592716109938e-08, 0.015410366234418169,
36, 8.792308980686535e-07, 8.755545928811107e-07, 1.1036552978968021e-07, 6.852330452487235e-08, 0.2678587731567083, 0.008884326861113652, 1.1036751408909673e-07, 0.21677275116454903, 0.08264489284562714, 0.1252370243602724, 8.754719976122041e-07, 0.2831918061967791, 1.0563169908568752e-06, 6.505025021869275e-08, 0.01540638505021471,
37, 8.815841593609832e-07, 8.063368528142246e-07, 9.469944855211534e-08, 5.519407159323089e-08, 0.26786275683829847, 0.008880207095090938, 9.470109943820231e-08, 0.21677511337962121, 0.08264299474094038, 0.12523647783059236, 8.062591926365612e-07, 0.283196274900997, 9.625934135608985e-07, 5.227138836308485e-08, 0.015402422089603891,
38, 8.903793592375352e-07, 7.302178579444155e-07, 8.130581391583396e-08, 4.4006210875875714e-08, 0.26786673450073195, 0.008876095737829118, 8.130717331068342e-08, 0.21677746999748979, 0.08264109796932047, 0.1252359310000918, 7.301458177721544e-07, 0.28320073574773874, 8.70433091949899e-07, 4.161811085938196e-08, 0.015398466148464613,
39, 9.117049034948178e-07, 6.367952610362765e-07, 7.207864744576427e-08, 3.3740812947652015e-08, 0.2678707003785499, 0.008871997583637797, 7.207978939087451e-08, 0.21677982040362084, 0.0826392035605188, 0.12523538320382113, 6.367307235280445e-07, 0.2832051842213651, 7.95466016524415e-07, 3.1919537778977475e-08, 0.015394520646137146,
40, 9.420347472937307e-07, 5.338492950005959e-07, 6.414010946526255e-08, 2.501113856867002e-08, 0.26787466292569545, 0.008867906736852327, 6.414105953635415e-08, 0.21678216717590504, 0.08263731065200977, 0.12523483586167564, 5.337933191117255e-07, 0.283209627741588, 7.21450378019601e-07, 2.373715759158269e-08, 0.015390581262776148,
41, 9.910409642962316e-07, 4.5903418763119603e-07, 5.360314997620272e-08, 1.7383378292886578e-08, 0.2678785945153656, 0.008863828161456266, 5.3603874124252025e-08, 0.2167844901936015, 0.08263541329911582, 0.12523427787843067, 4.589843848488336e-07, 0.28321403766560427, 6.580422421956342e-07, 1.6485603822003642e-08, 0.015386650622372678,
42, 1.0286560067072952e-06, 4.1115524688999673e-07, 4.3369267111403644e-08, 1.256257596335537e-08, 0.2678825316933163, 0.0088597211075483, 4.336980265689692e-08, 0.21678681015290213, 0.08263350387589326, 0.12523371210399137, 4.1110934270967483e-07, 0.283218452535931, 6.099126345258547e-07, 1.1932322403537432e-08, 0.015382696977805048,
43, 1.0599060417061248e-06, 3.8286872989449054e-07, 3.383738429587093e-08, 9.69544602220904e-09, 0.2678864744870801, 0.008855590015775816, 3.3837769931349834e-08, 0.21678912815824652, 0.08263158436346205, 0.12523314004375088, 3.828251584767107e-07, 0.2832228723971027, 5.749219359761646e-07, 9.242008373171666e-09, 0.015378723913862686,
44, 1.0753802636723813e-06, 3.649073791912467e-07, 2.703100572539858e-08, 8.270875253904293e-09, 0.2678904344217955, 0.008851433876498125, 2.7031286965337444e-08, 0.2167914520419793, 0.0826296578362128, 0.12523256676513317, 3.64865352375915e-07, 0.28322730911720934, 5.398066358758368e-07, 7.912536823018308e-09, 0.015374731249933894,
45, 1.097021353177368e-06, 3.440279920426439e-07, 2.0882184758189895e-08, 6.9515036577617e-09, 0.2678943913260711, 0.008847282723712636, 2.0882371597164492e-08, 0.21679377216135645, 0.08262773192727046, 0.12523199334061696, 3.4398778708158644e-07, 0.283231741254602, 5.04475287594273e-07, 6.693480152502383e-09, 0.015370742858226923,
46, 1.1275861032651138e-06, 3.3230474031328e-07, 1.8589406095025575e-08, 6.27254111537252e-09, 0.267898330561639, 0.008843131554495084, 1.858954501031491e-08, 0.21679608265661313, 0.08262580118507688, 0.1252314119561655, 3.3226593386476787e-07, 0.28323615708766675, 4.905514832438204e-07, 6.0924306045369525e-09, 0.015366753259689179,
47, 1.136021940078162e-06, 3.2704722586297797e-07, 1.7313415571204762e-08, 6.4338905003682e-09, 0.2679022871634576, 0.008838961187349711, 1.7313523881425293e-08, 0.21679840090662092, 0.0826238664311681, 0.12523083170426913, 3.2700936346940213e-07, 0.2832405901090298, 4.7664268193752184e-07, 6.3043970457350466e-09, 0.015362748925006772,
48, 1.137420167968494e-06, 2.956407121992887e-07, 1.3905599104579758e-08, 4.941206889223108e-09, 0.26790627413151996, 0.00883478244219232, 1.3905672083290077e-08, 0.2168007392842234, 0.08262193677721379, 0.12523026256541323, 2.9560582386841304e-07, 0.28324505375436604, 4.4600091375029493e-07, 4.861476356228531e-09, 0.015358739276470457,
49, 1.1175739081470785e-06, 2.769855545335174e-07, 1.1872638922121588e-08, 4.258755260492037e-09, 0.2679102775725421, 0.008830580561980148, 1.1872696154663138e-08, 0.2168030848415721, 0.08262000101265593, 0.12522969269519976, 2.7695257388933024e-07, 0.2832495343690052, 4.1441751382357173e-07, 4.191690053287036e-09, 0.015354711334934885,
50, 1.082736855023876e-06, 2.5880574405336566e-07, 9.50135017921101e-09, 3.755446717241633e-09, 0.267914278337988, 0.008826395138876245, 9.501389786482175e-09, 0.21680542594941749, 0.08261807107703076, 0.1252291267827051, 2.587746046122471e-07, 0.283254009629087, 3.695534358570722e-07, 3.704214985658246e-09, 0.015350697264480916,
51, 1.0033412451542532e-06, 2.487433240570435e-07, 8.066659677561385e-09, 3.7868491445750205e-09, 0.26791830637432434, 0.008822184996341853, 8.066693506592893e-09, 0.21680778243146395, 0.08261613724815486, 0.12522856434974564, 2.4871336751291677e-07, 0.28325851318753054, 3.236276037866957e-07, 3.729545317960573e-09, 0.01534666384955001,
52, 9.66071542161757e-07, 2.2710929897857065e-07, 6.2371815951974645e-09, 3.0779687519070693e-09, 0.26792229495462083, 0.008818023741320657, 6.237202058540889e-09, 0.21681011586067367, 0.0826142143481651, 0.12522800104756596, 2.2708156406824028e-07, 0.2832629740402941, 2.679963494471275e-07, 3.03483280799331e-09, 0.015342669674357073,
53, 9.19135603050985e-07, 2.078538126724201e-07, 5.19535533338366e-09, 2.7321392952500185e-09, 0.2679263031040955, 0.00881383393352753, 5.195368300019089e-09, 0.21681245812780287, 0.08261228345419057, 0.12522743630579822, 2.0782803744204005e-07, 0.2832674549528391, 2.2713350552280015e-07, 2.6933870420203584e-09, 0.015338652867353832,
54, 8.413267211536356e-07, 1.9545740281995188e-07, 4.47554746181596e-09, 2.773757466989377e-09, 0.2679303395503365, 0.008809615142472145, 4.475556657592176e-09, 0.21681481459833524, 0.08261034671426448, 0.12522687382712908, 1.9543295848186948e-07, 0.28327196462539656, 1.859789691266697e-07, 2.7283424055751932e-09, 0.015334613405802423,
55, 7.720766547157576e-07, 1.921309143729981e-07, 3.5273393938990774e-09, 3.1099390268106754e-09, 0.2679343701767849, 0.008805388639302143, 3.5273476631688612e-09, 0.21681716498501286, 0.08260840445727681, 0.12522630576341232, 1.9210701175510502e-07, 0.28327646810089013, 1.6167292812950099e-07, 3.057525388745405e-09, 0.015330567179656196,
56, 7.313377559000526e-07, 1.8616846678609202e-07, 2.9212235917096095e-09, 3.291470989902812e-09, 0.2679383759389165, 0.008801183141323445, 2.9212304243381707e-09, 0.21681950080070764, 0.08260646472765248, 0.12522573379258292, 1.861453737796449e-07, 0.28328094560186623, 1.429965656404189e-07, 3.2423859793255627e-09, 0.015326537483823547,
57, 7.072924476304532e-07, 1.8700728167483373e-07, 2.932116774746899e-09, 3.4971540473495616e-09, 0.2679423791724381, 0.008796961937184173, 2.932122937706982e-09, 0.21682183736173488, 0.08260451797639903, 0.12522515564802356, 1.8698446444027194e-07, 0.2832854239805634, 1.3642097601952667e-07, 3.445326948307703e-09, 0.015322493922764961,
58, 6.529443617472212e-07, 1.9172519474396412e-07, 3.112360971825964e-09, 4.2839392239991435e-09, 0.2679464077004744, 0.008792717397628965, 3.112370175289443e-09, 0.21682418714183502, 0.08260256708857582, 0.125224580366622, 1.9170247768416663e-07, 0.28328992799879693, 1.2956823803432675e-07, 4.2090084762819e-09, 0.015318432158823269,
59, 5.816227536594457e-07, 1.9715694640100815e-07, 3.608635237225478e-09, 5.656376556317511e-09, 0.2679504617766371, 0.008788444834233376, 3.60865076880512e-09, 0.21682655056502842, 0.08260061024675798, 0.12522400659531888, 1.9713428602928222e-07, 0.2832944583565474, 1.2539432495955683e-07, 5.538664523836137e-09, 0.01531434841647677,
60, 5.585792390669265e-07, 1.9834940319765112e-07, 3.798183148087195e-09, 6.115619847046227e-09, 0.2679544481549061, 0.008784246681373155, 3.798198198974507e-09, 0.21682887410960638, 0.08259866803583549, 0.1252234280922355, 1.983270211852212e-07, 0.28329891671646185, 1.2014598522072257e-07, 5.9826554127961e-09, 0.015310323625286672,
61, 5.472203625482822e-07, 1.9710928642347013e-07, 4.211007816862868e-09, 6.473325258681553e-09, 0.2679584204340931, 0.008780063799684368, 4.211022348116041e-09, 0.2168311891104474, 0.08259672858726692, 0.12522284840372921, 1.9708732087749944e-07, 0.283303359887227, 1.1655450256685281e-07, 6.336650261220569e-09, 0.015306311085070022,
62, 5.49191124030955e-07, 1.96618467800047e-07, 5.0905658509125966e-09, 6.8746177039788406e-09, 0.2679623588974016, 0.008775917431120144, 5.090576947935317e-09, 0.2168334849751867, 0.08259479609568449, 0.12522226601737074, 1.965968812638716e-07, 0.2833077677788666, 1.1592357624296998e-07, 6.7374081697941835e-09, 0.015302327192469987,
63, 5.616219687691055e-07, 1.936928889452951e-07, 6.510330005387461e-09, 7.213113896810018e-09, 0.26796627929310624, 0.008771790868134236, 6.510335806290304e-09, 0.21683577139219135, 0.0825928673671951, 0.125221682240865, 1.9367189829401553e-07, 0.28331215687809275, 1.1719677491630215e-07, 7.091214778532721e-09, 0.015298358962915613,
64, 5.608994686391036e-07, 1.9466203933138693e-07, 8.58798547219718e-09, 8.583493066946091e-09, 0.2679702163038462, 0.008767645396037424, 8.587990437228009e-09, 0.21683806484028562, 0.08259093407192167, 0.1252210989854986, 1.946414446495788e-07, 0.28331656231439434, 1.1824508036940183e-07, 8.446864060069073e-09, 0.015294375944776674,
65, 5.44971813420622e-07, 1.9927307018472616e-07, 1.1430596726611317e-08, 1.1262715585751958e-08, 0.2679741789036754, 0.008763470151456983, 1.1430608894694602e-08, 0.21684037059440892, 0.0825889936430823, 0.12522051638656256, 1.9925275400941866e-07, 0.28332099383652576, 1.1894036206331583e-07, 1.1072432480302565e-08, 0.015290369362308869,
66, 5.234096118062027e-07, 2.0504864801106812e-07, 1.6014916085296345e-08, 1.5659209670008572e-08, 0.26797816215586445, 0.008759267435838505, 1.60149457974784e-08, 0.21684268620354252, 0.0825870457364156, 0.1252199329906235, 2.050285527232532e-07, 0.2833254465780771, 1.2197761838585921e-07, 1.5366492632889623e-08, 0.015286340892518334,
67, 5.10013047426848e-07, 2.062801445860023e-07, 1.7545793986150847e-08, 1.8209166249187287e-08, 0.267982125633625, 0.00875509780073767, 1.754583395753393e-08, 0.2168449889633179, 0.08258510700419679, 0.12521935208718554, 2.0626041456910663e-07, 0.2833298757751692, 1.1997422416975793e-07, 1.777562201451095e-08, 0.015282339644678984,
68, 5.063737427336125e-07, 2.0123082298515655e-07, 1.8601561827951968e-08, 1.9526366197391046e-08, 0.26798606391645524, 0.008750963893943722, 1.860160505743937e-08, 0.21684727756535246, 0.08258317746726303, 0.1252187723369169, 2.0121179830970979e-07, 0.28333427739331585, 1.1599214129334181e-07, 1.900754466301084e-08, 0.015278367395780208,
69, 4.964267113390393e-07, 1.9072026901966075e-07, 1.7963404915194674e-08, 1.9408948691814946e-08, 0.2679900167019031, 0.00874682499140944, 1.7963455169887025e-08, 0.21684957366591867, 0.0825812493353025, 0.12521819720829178, 1.9070228675534874e-07, 0.28333869222022806, 1.0232063518354201e-07, 1.876681411717182e-08, 0.015274392119794663,
70, 4.832509388150621e-07, 1.787678609742243e-07, 1.8873253391665958e-08, 2.0101134215161485e-08, 0.26799399384985556, 0.008742652831614703, 1.8873317602933594e-08, 0.21685188387744092, 0.08257931287139791, 0.12521762142815415, 1.7875101291241153e-07, 0.2833431335264774, 9.397985526394999e-08, 1.930817505344919e-08, 0.01527039022634422,
71, 4.796414811947018e-07, 1.7515948125474374e-07, 2.2265621116696593e-08, 2.1897416662298384e-08, 0.2679979526830174, 0.008738487935919567, 2.226570380929767e-08, 0.21685418457366945, 0.08257737487196927, 0.12521704000496692, 1.751431293948515e-07, 0.2833475578722913, 9.237270093335303e-08, 2.0903059621949715e-08, 0.015266392926849195,
72, 4.715269475996715e-07, 1.7231850192882564e-07, 2.263414584605856e-08, 2.248457118015908e-08, 0.2680019384203928, 0.00873429324059975, 2.263423901761988e-08, 0.21685650000173579, 0.08257543086075203, 0.1252164603542322, 1.7230258219065507e-07, 0.2833520101845038, 8.988379143950598e-08, 2.1431647018101272e-08, 0.015262372239531743,
73, 4.751432343878585e-07, 1.6227657194579378e-07, 2.257631309542129e-08, 2.173915474092576e-08, 0.2680058890015147, 0.008730147152498917, 2.2576406627459445e-08, 0.21685879580351816, 0.08257349892304042, 0.12521588170311415, 1.6226152989875356e-07, 0.2833564243599627, 8.562094174119504e-08, 2.069128238577599e-08, 0.015258390688163592,
74, 4.895828745429195e-07, 1.561437158642189e-07, 2.270220209904969e-08, 2.1355284925208837e-08, 0.2680098127563211, 0.008726028163246217, 2.270228721023788e-08, 0.21686107558461915, 0.08257157137001471, 0.12521530004771259, 1.5612933543360152e-07, 0.2833608102343863, 8.320380717441305e-08, 2.0317815976485258e-08, 0.01525443022424908,
75, 5.007943428630701e-07, 1.4916636260120846e-07, 2.4456486523586435e-08, 2.1824068718491594e-08, 0.2680137639220186, 0.008721872404491465, 2.445657470127004e-08, 0.21686337155002786, 0.08256963472031946, 0.12521471788459326, 1.4915273223959962e-07, 0.28336522585924206, 8.323373741021438e-08, 2.0767465397546516e-08, 0.015250440325671886,
76, 5.04930439984325e-07, 1.353224832980955e-07, 2.4091449340247415e-08, 2.1257043727542387e-08, 0.26801770514739076, 0.008717744706788018, 2.4091535805025482e-08, 0.21686565871373087, 0.08256770746551055, 0.12521414073314868, 1.353099817259234e-07, 0.2833696278193538, 7.681421293992344e-08, 2.019848108340237e-08, 0.015246473918005283,
77, 5.188796429866043e-07, 1.1022875310258291e-07, 2.3237016998428463e-08, 1.9475954321624905e-08, 0.268021625156438, 0.008713651332170912, 2.323709398710416e-08, 0.21686793466793483, 0.08256578970015034, 0.1252135658815734, 1.1021821166096481e-07, 0.28337400647405586, 6.822447751497341e-08, 1.8471440474780223e-08, 0.015242535335696077,
78, 5.338215745261825e-07, 9.741562936568818e-08, 2.3745824173385963e-08, 1.8835158614188077e-08, 0.26802554238682436, 0.00870954727130367, 2.3745893806220212e-08, 0.21687020955409098, 0.08256386647858772, 0.12521298611595835, 9.740631336756002e-08, 0.28337838384435976, 6.466760031028578e-08, 1.785010927797296e-08, 0.015238587381810047,
79, 5.788900515864604e-07, 8.426761320013415e-08, 2.4126697883360798e-08, 1.7257232516419297e-08, 0.26802940168613437, 0.008705507303913344, 2.4126744177166476e-08, 0.21687245207500805, 0.0825619559777079, 0.12521240231871422, 8.425954765598899e-08, 0.28338270079752625, 6.141608083072123e-08, 1.632387430911936e-08, 0.015234689694077312,
80, 6.151843407021904e-07, 6.620078538271691e-08, 1.9603202421346863e-08, 1.2619250395221084e-08, 0.2680332846252552, 0.00870145116905995, 1.960320241257499e-08, 0.2168747086622678, 0.0825600449210839, 0.12521182372552372, 6.619429393555736e-08, 0.2833870417877304, 5.435823028640078e-08, 1.200133850169981e-08, 0.015230779865025192,
81, 6.294104069706431e-07, 5.4638217052620025e-08, 1.6723343016352256e-08, 1.0106447604110115e-08, 0.26803718596982773, 0.008697372918640853, 1.6723317852865645e-08, 0.21687697380873727, 0.08255812896937574, 0.1252112458098536, 5.463278634536219e-08, 0.2833914014096579, 4.6900425161069955e-08, 9.642563534560149e-09, 0.015226852857117659,
82, 6.279597484030392e-07, 4.676005609000107e-08, 1.4855035581946452e-08, 8.96415849578655e-09, 0.2680411093188758, 0.008693269224972483, 1.4854998264620072e-08, 0.21687924913805598, 0.08255620718016608, 0.12521066871153722, 4.675540548260122e-08, 0.2833957831999396, 3.9095315110911406e-08, 8.573975282773112e-09, 0.015222905927203467,
83, 6.232228407358675e-07, 4.252540346445778e-08, 1.3023439893913655e-08, 8.723397986038006e-09, 0.2680450484056375, 0.008689143838201923, 1.3023398452517331e-08, 0.2168815310471334, 0.08255427927365613, 0.1252100907189782, 4.252121688073904e-08, 0.28340018063386263, 3.3414563687792045e-08, 8.383501426101147e-09, 0.015218941764850691,
84, 6.27251670321476e-07, 3.657957018429872e-08, 1.1957535658989548e-08, 8.416390169623004e-09, 0.26804897440176445, 0.008685032306615182, 1.1957487503690505e-08, 0.21688380583683922, 0.08255235382827214, 0.1252095115324637, 3.6576006295151884e-08, 0.28340456428684657, 2.8812720780236463e-08, 8.139518034969195e-09, 0.015214988635923543,
85, 6.37897650193804e-07, 3.400129092563693e-08, 1.2246626006589209e-08, 8.368031722122993e-09, 0.26805290674280824, 0.008680902732150367, 1.2246569217906672e-08, 0.21688608704073398, 0.0825504225843839, 0.12520892921564822, 3.399804962505446e-08, 0.28340895765039914, 2.758459494487249e-08, 8.138680918439355e-09, 0.01521102007191624,
86, 6.531021364674242e-07, 3.183082401020109e-08, 1.1872551914399571e-08, 8.508042873304267e-09, 0.26805683316706896, 0.008676781628540568, 1.1872490453831084e-08, 0.2168883621015229, 0.0825484925752021, 0.12520834654465252, 3.182786684325727e-08, 0.28341334282178693, 2.59408920025868e-08, 8.285249391165768e-09, 0.015207058441295383,
87, 6.615256379836948e-07, 2.4616875159985943e-08, 1.1293433683317021e-08, 7.817481013138584e-09, 0.26806078498793756, 0.008672635043336806, 1.1293374888082863e-08, 0.21689065196417345, 0.08254655819053847, 0.12520776654288404, 2.4614526156717364e-08, 0.2834177545903991, 2.3555249904072733e-08, 7.586200785635068e-09, 0.015203076898012828,
88, 6.740247941073224e-07, 2.1149699360493713e-08, 1.2156799875783565e-08, 7.334792913260206e-09, 0.2680647412452883, 0.00866847237267842, 1.2156741013467307e-08, 0.21689294910041457, 0.08254461882800951, 0.12520718353840615, 2.114771769564454e-08, 0.2834221749434088, 2.4077205497370716e-08, 7.08712970142527e-09, 0.015199081356149887,
89, 6.814808434018879e-07, 1.7947655800952e-08, 1.0812499255143479e-08, 5.994792389898318e-09, 0.26806872053253084, 0.008664284388728023, 1.0812444867794273e-08, 0.21689525896998543, 0.08254267442640909, 0.12520660213453325, 1.794600422569782e-08, 0.28342661925955664, 2.404688071440124e-08, 5.820055558059279e-09, 0.015195065946869929,
90, 6.793034356528354e-07, 1.4859024834683146e-08, 9.310936317564184e-09, 4.952696720758197e-09, 0.2680726911104361, 0.008660113734227842, 9.310886999181725e-09, 0.21689756095019097, 0.08254073491174782, 0.125206022525968, 1.4857676584631258e-08, 0.283431052521714, 2.2460717131920595e-08, 4.836214698484938e-09, 0.015191064874965781,
91, 6.597017077684344e-07, 1.2863744027919878e-08, 8.390835277076689e-09, 4.6293224437278276e-09, 0.2680766869741322, 0.008655916606090585, 8.390794919171012e-09, 0.21689987557572232, 0.08253879001354865, 0.12520544483817425, 1.2862619796774846e-08, 0.2834355114495285, 2.0549750947447517e-08, 4.540101026029933e-09, 0.015187043134272687,
92, 6.450124100622156e-07, 1.2496112336479129e-08, 8.618055804786245e-09, 4.8497202647161525e-09, 0.2680806776426256, 0.008651721397493756, 8.618018174578596e-09, 0.21690218649318493, 0.08253684452250837, 0.12520486542900625, 1.2495086265676711e-08, 0.28343996549797745, 2.0131007234848695e-08, 4.772465875831708e-09, 0.015183022544726591,
93, 6.093437667801637e-07, 1.2918119174005998e-08, 9.34365106459752e-09, 5.792777738238997e-09, 0.26808469249618466, 0.008647502721990242, 9.343618919212923e-09, 0.2169045097920861, 0.08253489459654148, 0.12520428840405184, 1.2917157808942464e-08, 0.28344444400862373, 1.9440150830627963e-08, 5.7101967878015876e-09, 0.015178983691787253,
94, 5.840832234857494e-07, 1.2454177441542983e-08, 7.817364288969285e-09, 5.50467514469031e-09, 0.26808870812037805, 0.008643283574008759, 7.817342708993238e-09, 0.21690683300658203, 0.08253294449400375, 0.1252037114329992, 1.2453292519280193e-08, 0.28344892267510546, 1.719723553792524e-08, 5.410547889550813e-09, 0.015174944479966217,
95, 5.482976741342787e-07, 1.1871069389530317e-08, 6.992904205293271e-09, 5.726100536684416e-09, 0.26809274977006337, 0.008639034593691914, 6.992892792265851e-09, 0.21690916970148658, 0.0825309877788367, 0.12520313558555726, 1.1870254690955718e-08, 0.2834534281812103, 1.567681387729682e-08, 5.6136286608455635e-09, 0.015170881869759205,
96, 5.333882635908971e-07, 9.183477702109228e-09, 5.787568274834695e-09, 5.118309028602844e-09, 0.26809675034319536, 0.008634834480714192, 5.787561064347569e-09, 0.21691148205079427, 0.08252904136607023, 0.1252025580137953, 9.182817075627666e-09, 0.28345788931258226, 1.3183891813647714e-08, 5.012768913790345e-09, 0.015166858310895088,
97, 4.95676359345427e-07, 7.586316534144953e-09, 5.115328601435826e-09, 5.2392450658684965e-09, 0.2681007699025928, 0.00863061753688286, 5.115327839629845e-09, 0.21691380441629438, 0.08252709233555129, 0.12520198296283078, 7.58576132040131e-09, 0.2834623698378702, 1.0402481745643303e-08, 5.1175168191773675e-09, 0.015162821692886463,
98, 4.570565509255344e-07, 7.122800021755604e-09, 4.8404829613341825e-09, 5.6775180596425675e-09, 0.26810480183519436, 0.00862638133508175, 4.84048835475362e-09, 0.21691613597681716, 0.08252513852539932, 0.12520140706799776, 7.122313153526816e-09, 0.28346686510242947, 9.169345112225088e-09, 5.544014880660771e-09, 0.015158769307526913,
99, 3.753848736145571e-07, 7.129908285630508e-09, 4.800895945603334e-09, 6.893648582905644e-09, 0.2681088688726556, 0.008622115679222919, 4.800911218445692e-09, 0.21691848761062565, 0.08252318078241941, 0.12520083648327088, 7.129470320458192e-09, 0.283471396495867, 7.628341764816296e-09, 6.7242803946528245e-09, 0.015154694108817285,
100, 2.97774269130304e-07, 7.492731608805718e-09, 5.64349824045323e-09, 8.560234568507517e-09, 0.2681129473965458, 0.008617829614863112, 5.643528765794858e-09, 0.2169208486565142, 0.082521217716469, 0.12520026440308404, 7.492347597090684e-09, 0.2834759423429335, 7.317731483641451e-09, 8.337304807644904e-09, 0.015150602133200096,
101, 2.594474127015929e-07, 6.287433746537287e-09, 6.111464446450383e-09, 9.20551188296028e-09, 0.26811697916650246, 0.00861359290072356, 6.111504684595065e-09, 0.21692318087476095, 0.08251926348852012, 0.12519968816635205, 6.287147273643707e-09, 0.2834804378046835, 6.296196071984193e-09, 8.968065641696248e-09, 0.015146549408567894,
102, 2.3749409990892483e-07, 5.753827409260477e-09, 8.060616333322784e-09, 1.0631381368284726e-08, 0.2681210007278808, 0.008609359543147479, 8.060671924053965e-09, 0.21692550805042468, 0.08251730820708146, 0.12519910862805267, 5.753597175456271e-09, 0.2834849240177561, 6.480548810024845e-09, 1.0364716281951153e-08, 0.015142498752529855,
103, 2.215808184269352e-07, 6.189415943295373e-09, 1.0860327966127175e-08, 1.268494265227135e-08, 0.2681250337899476, 0.008605105586908648, 1.0860403487966045e-08, 0.2169278430998332, 0.08251534715265721, 0.1251985272603095, 6.189207787877314e-09, 0.2834894240710919, 7.732539879492283e-09, 1.2391361663686327e-08, 0.015138431075976802,
104, 2.129630961242694e-07, 6.060629960893712e-09, 1.2927588975666796e-08, 1.3965172853920955e-08, 0.26812903248327397, 0.008600896311308231, 1.2927672789473258e-08, 0.21693015713069608, 0.08251339640445747, 0.12519794572560428, 6.060445720893291e-09, 0.2834938867662955, 8.105751457475604e-09, 1.3659041779311371e-08, 0.015134399033840472,
105, 2.095765521939047e-07, 6.158668310680122e-09, 1.5740320242258507e-08, 1.5791235063205934e-08, 0.26813300588104505, 0.008596717460583471, 1.574041039873905e-08, 0.2169324557748297, 0.08251145195757015, 0.12519736306176885, 6.158506197911014e-09, 0.28349832222492305, 8.493902518128871e-09, 1.5457464538645162e-08, 0.015130391046762818,
106, 2.1322478781882207e-07, 5.748767583426336e-09, 1.6692602502969582e-08, 1.601323671075509e-08, 0.2681369574284932, 0.008592567228012587, 1.669268296800471e-08, 0.21693474244189478, 0.08250951449458388, 0.12519678055823535, 5.748628545259305e-09, 0.2835027345000367, 8.232688199445393e-09, 1.5712142906776233e-08, 0.015126405807352774,
107, 2.1506324046065058e-07, 5.236081572354949e-09, 1.6696841934761694e-08, 1.442963498977299e-08, 0.2681409470412572, 0.008588368016742242, 1.6696918611188218e-08, 0.21693705426316343, 0.08250756634109015, 0.12519619869733495, 5.2359590177742e-09, 0.28350718942540015, 8.08460066829717e-09, 1.4179858586154932e-08, 0.015122381115244285,
108, 2.2441337030314838e-07, 4.260890803812611e-09, 1.4410843995532e-08, 1.1754625403076081e-08, 0.26814490075527325, 0.00858421697456296, 1.4410907278017903e-08, 0.21693934464186881, 0.08250562946444617, 0.12519561705206586, 4.260784649273187e-09, 0.2835116046635498, 7.0728646549113085e-09, 1.1507657316981865e-08, 0.015118394879336385,
109, 2.3659570108593542e-07, 4.070652959957765e-09, 1.388490262715184e-08, 1.0441723876717198e-08, 0.268148849831434, 0.008580067739994993, 1.3884955965628893e-08, 0.21694163173670197, 0.08250369208400223, 0.1251950338823521, 4.070540665674367e-09, 0.2835160156132048, 6.802940157541944e-09, 1.0175237103260537e-08, 0.015114409709040202,
