Optimize time:8.509963329897987
Begin Prob:-12896.184830087901
End Prob:-12887.985011742918
Substitution parameters:[0.26591024380328965, 0.2004092897145152, 0.21324587485893376, 0.3204345916232615, 0.6642759018899854]
Trees:
(3:999.9999215812713,(4:999.9999215812713,(1:999.9999215812713,(2:999.9999215812713,5:999.9999215812713):999.9999215812713):999.9999215812713):999.9999215812713);
(3:999.9999215812713,((4:999.9999215812713,2:999.9999215812713):999.9999215812713,(1:999.9999215812713,5:999.9999215812713):999.9999215812713):999.9999215812713);
(3:999.9999215812713,(4:999.9999215812713,(2:999.9999215812713,(1:999.9999215812713,5:999.9999215812713):999.9999215812713):999.9999215812713):999.9999215812713);
(3:999.9999215812713,(5:999.9999215812713,(4:999.9999215812713,(1:999.9999215812713,2:999.9999215812713):999.9999215812713):999.9999215812713):999.9999215812713);
(3:999.9999215812713,(4:999.9999215812713,(5:999.9999215812713,(1:999.9999215812713,2:999.9999215812713):999.9999215812713):999.9999215812713):999.9999215812713);
(3:999.9999215812713,((2:999.9999215812713,5:999.9999215812713):999.9999215812713,(4:999.9999215812713,1:999.9999215812713):999.9999215812713):999.9999215812713);
(3:999.9999215812713,(2:999.9999215812713,(5:999.9999215812713,(4:999.9999215812713,1:999.9999215812713):999.9999215812713):999.9999215812713):999.9999215812713);
(3:999.9999215812713,((4:999.9999215812713,5:999.9999215812713):999.9999215812713,(1:999.9999215812713,2:999.9999215812713):999.9999215812713):999.9999215812713);
(3:999.9999215812713,(2:999.9999215812713,(1:999.9999215812713,(4:999.9999215812713,5:999.9999215812713):999.9999215812713):999.9999215812713):999.9999215812713);
(3:999.9999215812713,(1:999.9999215812713,(5:999.9999215812713,(4:999.9999215812713,2:999.9999215812713):999.9999215812713):999.9999215812713):999.9999215812713);
(3:999.9999215812713,(1:999.9999215812713,(2:999.9999215812713,(4:999.9999215812713,5:999.9999215812713):999.9999215812713):999.9999215812713):999.9999215812713);
(3:999.9999215812713,(2:999.9999215812713,(4:999.9999215812713,(1:999.9999215812713,5:999.9999215812713):999.9999215812713):999.9999215812713):999.9999215812713);
(3:999.9999215812713,(5:999.9999215812713,(1:999.9999215812713,(4:999.9999215812713,2:999.9999215812713):999.9999215812713):999.9999215812713):999.9999215812713);
(3:999.9999215812713,(1:999.9999215812713,(4:999.9999215812713,(2:999.9999215812713,5:999.9999215812713):999.9999215812713):999.9999215812713):999.9999215812713);
(3:0.817222,(5:0.392601,(2:382.00160005650787,(4:381.9666292840938,1:381.9666292840938):0.0101063):0.0117639):0.817222);

Position, Posteriors1, Posteriors2, Posteriors3, Posteriors4, Posteriors5, Posteriors6, Posteriors7, Posteriors8, Posteriors9, Posteriors10, Posteriors11, Posteriors12, Posteriors13, Posteriors14, Posteriors15,
0, 0.003983773074451661, 0.00020498925121898164, 0.0001319027091063267, 0.07452876504223908, 0.0009380263931839139, 0.3072736767341678, 0.04266164450692156, 0.025061074223654483, 0.02435494474398254, 0.00021809908991443958, 0.059708302650082895, 0.0001557447028268314, 0.0002268139234226789, 0.33975530651788044, 0.12079693665938061,
1, 0.003980632719810301, 0.0002021046845082863, 0.00012901680228079342, 0.07452902484010199, 0.0009347535303015763, 0.30728492166762533, 0.04266042743593889, 0.025058990445587653, 0.02435285797706242, 0.00021517831051182576, 0.059707857130968614, 0.00015286833604827928, 0.00022389777334708033, 0.33976808291502447, 0.12079938565310186,
2, 0.003977476160575247, 0.0001990991104586242, 0.00012602397205024892, 0.0745293289256888, 0.0009314675037029484, 0.3072963351207374, 0.042659240994806565, 0.025056930827167707, 0.024350792705160565, 0.00021214284665933944, 0.05970744671213218, 0.0001498940610345632, 0.00022087056862069596, 0.3397810492589055, 0.12080190145464796,
3, 0.003974198515440413, 0.00019658673154564045, 0.00012346468224695015, 0.07452976703115798, 0.0009282568698461578, 0.30730645285749264, 0.04265814021373844, 0.02505500325192441, 0.02434887740805182, 0.00020954630440014684, 0.059707042247099884, 0.0001473919516596263, 0.00021831296883202472, 0.3397925235923965, 0.12080443559661444,
4, 0.003970938374706363, 0.00019447362791125453, 0.00012131384482402094, 0.07453024482465324, 0.0009252395256236177, 0.30731546396079246, 0.04265696905723899, 0.025053177429437707, 0.024347053948330255, 0.00020736635632121142, 0.05970675832687602, 0.0001452682420034951, 0.00021615435680551374, 0.3398028528433492, 0.12080672550474954,
5, 0.003967670490078801, 0.00019236515705190277, 0.0001191447104681183, 0.07453072885379874, 0.0009222195047414388, 0.30732446069374025, 0.04265577579975893, 0.025051355179122534, 0.024345218172499038, 0.0002052316614310457, 0.05970648417510788, 0.00014312177638462693, 0.000214039622113991, 0.33981317406063344, 0.12080901036445646,
6, 0.0039643870446157935, 0.00019014324137591143, 0.00011686667558177129, 0.07453121984700603, 0.000919160166748076, 0.3073336786889393, 0.042654601285832164, 0.025049531985973626, 0.02434338012512773, 0.00020299857332140508, 0.05970623201732488, 0.00014088030351040772, 0.000211825349977901, 0.33982375486281874, 0.12081134005378569,
7, 0.003961142563663266, 0.00018782972754011288, 0.0001145022349814665, 0.07453174484474046, 0.0009161421285927665, 0.30734301008455805, 0.0426534425590432, 0.025047718334697513, 0.02434155794390294, 0.00020065606460696063, 0.0597060232365175, 0.00013853810707163984, 0.0002094976605629563, 0.33983448719336556, 0.1208137075377713,
8, 0.003957991101627122, 0.00018560285651939476, 0.00011228508142835114, 0.07453218615729683, 0.0009132029551245986, 0.30735220286466464, 0.04265224171117286, 0.02504587208772406, 0.024339695841483596, 0.00019839660251187662, 0.05970573544668786, 0.0001363014456149209, 0.00020725796441346407, 0.3398450522126461, 0.1208159758923743,
9, 0.003954914793379933, 0.00018340524330638555, 0.00011015520386397181, 0.07453250099431323, 0.0009103136923727762, 0.30736144530446025, 0.042651022909853724, 0.025043998787639906, 0.024337823479420356, 0.00019609973521284948, 0.05970544127539634, 0.0001341340899082049, 0.0002049667867743471, 0.33985569563331575, 0.12081808229208948,
10, 0.0039518225529467065, 0.00018111454651749862, 0.00010794019263156184, 0.07453282222350158, 0.0009073911085342838, 0.30737086625174215, 0.042649820037784135, 0.02504212618744947, 0.024335950211425855, 0.00019372226454945736, 0.05970516567091925, 0.00013189202179596265, 0.00020259375563616046, 0.3398665477450395, 0.1208202254506709,
11, 0.003948761457189518, 0.0001791227186531967, 0.00010602077369254519, 0.07453314151453849, 0.0009046032146232345, 0.3073795171132762, 0.04264854822463499, 0.02504030745465703, 0.0243341223028383, 0.00019166337199183118, 0.05970496253683639, 0.0001299285702418553, 0.0002005268776376845, 0.33987660777923695, 0.12082216631128621,
12, 0.003945699406838263, 0.00017712398634640758, 0.0001041102032468639, 0.0745334559632348, 0.0009018152947028241, 0.30738817395110585, 0.042647277164574594, 0.02503849299155744, 0.024332292828327204, 0.00018960116742759118, 0.059704748991089074, 0.0001279733158625506, 0.0001984608841390844, 0.3398866687430627, 0.12082410532991367,
13, 0.00394257523721271, 0.00017427222349388695, 0.00010118985769430066, 0.07453406942499753, 0.0008989075870104681, 0.307398187068892, 0.04264610803378342, 0.025036741237797283, 0.024330482779034903, 0.00018699865531421035, 0.05970479717708276, 0.00012500415635317312, 0.00019584084970300332, 0.3398982715860265, 0.12082655434674566,
14, 0.003939524586557551, 0.00017174511848098842, 9.860510555344929e-05, 0.07453455740381648, 0.0008960485284001035, 0.3074078100671575, 0.042644842503688975, 0.02503491736656913, 0.024328586521701848, 0.00018467273319739183, 0.05970463008938484, 0.00012234141698595563, 0.00019351815843484703, 0.33990935301323144, 0.12082884760764163,
15, 0.003936482074403381, 0.00016938353810104563, 9.617637053812875e-05, 0.07453494840906294, 0.0008931719023426144, 0.3074172918353916, 0.04264352468265541, 0.0250330460394205, 0.024326638164744327, 0.00018250049132875802, 0.05970436049117093, 0.00011983690352054574, 0.00019135284179072525, 0.3399202557553974, 0.12083103072121264,
16, 0.003933481363535889, 0.00016699975776813175, 9.373758288574045e-05, 0.07453532970131294, 0.0008903315583587041, 0.3074268124600536, 0.042642203688099616, 0.025031166289828356, 0.024324690009748857, 0.00018028634548005896, 0.05970410207194454, 0.0001173060850697404, 0.0001891391410815479, 0.3399312176406803, 0.12083319652498291,
17, 0.003930484915452307, 0.00016460440792243875, 9.131327897172448e-05, 0.07453570229536666, 0.0008874954137124181, 0.30743634290873395, 0.04264088244786863, 0.025029290252468528, 0.024322738389848088, 0.0001780657522991004, 0.059703828430415454, 0.00011478648998020595, 0.00018692444604903236, 0.3399421832309301, 0.12083535756058605,
18, 0.003927471648708636, 0.00016231603411216044, 8.905264578948587e-05, 0.07453602281923477, 0.0008846440131621813, 0.3074457178031229, 0.0426395730196861, 0.02502739869912563, 0.024320798271689054, 0.00017589312204729473, 0.05970350492054566, 0.00011243683146758514, 0.0001847621074522354, 0.3399529580951792, 0.12083745018956206,
19, 0.0039244329751033005, 0.0001600611901644591, 8.682817564041514e-05, 0.07453634118156047, 0.0008817778263679049, 0.3074550264043422, 0.04263826570593975, 0.025025514902600004, 0.024318866020611257, 0.00017375448248036776, 0.05970317980016135, 0.00011012929040436603, 0.00018263577262829324, 0.33996365778930343, 0.12083952870323897,
20, 0.003921482024491882, 0.000157890615623199, 8.474205471645215e-05, 0.07453658022922369, 0.000878986499539247, 0.30746420526340756, 0.04263691845922057, 0.025023599616849065, 0.024316894961238705, 0.00017169156862685886, 0.05970277874156236, 0.00010792550294690501, 0.0001805897332970277, 0.33997420013934443, 0.1208415148102363,
21, 0.003918551152096161, 0.00015541081596686063, 8.239590077192749e-05, 0.07453681388963761, 0.0008761464026527441, 0.3074739874971716, 0.04263559173963183, 0.025021652087218238, 0.024314895296823884, 0.0001693600795547724, 0.05970244305647199, 0.00010545015152240759, 0.0001782575584398732, 0.3399854586667687, 0.12084358592589442,
22, 0.003915538023884627, 0.00015321827703881268, 8.026396592903768e-05, 0.07453687317234167, 0.0008731843231822514, 0.3074835379818541, 0.0426342125898547, 0.02501963128746144, 0.024312842208623547, 0.0001672980041835203, 0.05970203335391005, 0.00010324061194318447, 0.00017618172968300255, 0.3399964906384707, 0.12084545405228858,
23, 0.003912596468005714, 0.00015117801468445043, 7.831705149717691e-05, 0.07453686533300342, 0.0008703057297767056, 0.30749279736531476, 0.04263278902342212, 0.025017593506739915, 0.02431076647806405, 0.00016537504063946718, 0.05970157284909837, 0.0001011923914584753, 0.00017424710067677607, 0.34000719688180353, 0.1208472069856676,
24, 0.003909643050741835, 0.00014918015475109974, 7.638790534692627e-05, 0.07453686825777338, 0.0008674023260217923, 0.30750201893411505, 0.04263134865819995, 0.025015529617279632, 0.024308667152787584, 0.00016351316721859946, 0.05970105969915075, 9.917097891417635e-05, 0.00017237396531514523, 0.34001785196811796, 0.12084898438329593,
25, 0.003906781429260447, 0.00014725480008626984, 7.458113521692386e-05, 0.07453679481587447, 0.0008645802502319014, 0.30751112873470654, 0.042629870698625415, 0.02501343531238432, 0.024306528876705553, 0.0001617165028274487, 0.059700471099158554, 9.724033302260846e-05, 0.00017057156863312822, 0.34002836848254775, 0.12085067617993367,
26, 0.0039039440930412075, 0.00014535895697418365, 7.279144121023171e-05, 0.07453671675858244, 0.000861788306289842, 0.3075201797473779, 0.042628371682348926, 0.02501133570368197, 0.024304382943442393, 0.0001599492870493363, 0.059699892995858136, 9.531426600961298e-05, 0.0001687947938745604, 0.34003883760473697, 0.12085234163702432,
27, 0.003901047147987568, 0.00014376554626051844, 7.127607117107449e-05, 0.07453662651735458, 0.0008590044701256618, 0.3075286083343807, 0.04262689198662802, 0.025009264242933853, 0.024302293588959474, 0.0001584403425032379, 0.05969928643684906, 9.369399958733829e-05, 0.00016728196262043402, 0.3400486049970837, 0.12085391457259993,
28, 0.003898230469786362, 0.00014211447690973294, 6.977507046430316e-05, 0.07453650605574172, 0.0008562819610062669, 0.3075371371312404, 0.042625406692669586, 0.025007174175471547, 0.024300184117288695, 0.00015685334806176567, 0.05969864203344298, 9.20605266854263e-05, 0.00016569493693273805, 0.34005846039949683, 0.12085547882120953,
29, 0.00389540833259127, 0.0001403652936843955, 6.819152621846531e-05, 0.07453642544250845, 0.0008535607348699073, 0.30754578810305566, 0.04262394595452877, 0.02500510643643692, 0.024298096622516203, 0.00015517060474686686, 0.05969803438951519, 9.033887330836584e-05, 0.00016401286686874945, 0.3400684624951012, 0.12085709253948435,
30, 0.003892674452853801, 0.00013867968836780043, 6.670855636278727e-05, 0.07453627399912773, 0.0008509159133510238, 0.307554346172883, 0.04262245054712094, 0.025003010168753885, 0.024295972153842726, 0.00015354687883442145, 0.059697356164846324, 8.869460945883969e-05, 0.000162394423576757, 0.3400783476016152, 0.12085862888463034,
31, 0.0038900148679073283, 0.0001371168264009188, 6.5362630948501e-05, 0.07453606482403734, 0.0008483550115563477, 0.3075626603683812, 0.04262091471330002, 0.025000901297989445, 0.024293828173475814, 0.0001520410573979682, 0.05969664181080088, 8.71767171928543e-05, 0.00016089376991715076, 0.34008796514559575, 0.12086006300020302,
32, 0.0038873595041268977, 0.00013561521096997975, 6.404851546723161e-05, 0.07453574496487157, 0.0008457427186340068, 0.30757105527768197, 0.04261931352126976, 0.024998717708027092, 0.02429160129493733, 0.0001506260686613561, 0.05969588792417321, 8.569553317152661e-05, 0.00015947324127158865, 0.3400977136158314, 0.12086140511681544,
33, 0.0038847767999936333, 0.0001342242790188463, 6.285108453114875e-05, 0.07453534455033048, 0.0008431841348145062, 0.3075793354886671, 0.0426176643150563, 0.02499649002334084, 0.02428932443724855, 0.00014931100772898218, 0.059695044657723406, 8.432426018124943e-05, 0.00015815540218123915, 0.34010731115773946, 0.12086265861684002,
34, 0.0038821539654469313, 0.00013300120108611772, 6.179820768629849e-05, 0.07453489749075867, 0.0008405997889596511, 0.30758735150978944, 0.042616024800717585, 0.024994255704748593, 0.024287070104887513, 0.00014814019285540892, 0.05969416281720921, 8.312208048435003e-05, 0.00015698397716641478, 0.34011661135059174, 0.1208638270223746,
35, 0.0038795847185409582, 0.00013187570487930889, 6.0846920719734815e-05, 0.07453444326006299, 0.0008380915934482469, 0.30759513287214085, 0.04261438374496613, 0.024992031277583728, 0.024284825120790384, 0.00014704727719885922, 0.05969323599717104, 8.202241336030762e-05, 0.00015589666265021702, 0.3401256179161178, 0.12086496473421789,
36, 0.003877061519714339, 0.00013084636276534462, 5.999756101665943e-05, 0.07453391628329296, 0.0008356539535540538, 0.3076027179385911, 0.04261272913321969, 0.024989823009789622, 0.02428260798543757, 0.00014601721494585955, 0.05969234907013732, 8.103188414823724e-05, 0.00015486543761334697, 0.340134434585871, 0.12086594827446598,
37, 0.00387460369337718, 0.00012985608332773536, 5.919861405944619e-05, 0.07453334165563055, 0.0008332715737930272, 0.3076102565499615, 0.042611049548737845, 0.024987592807445835, 0.024280362647876096, 0.00014502357452688723, 0.05969141361416502, 8.008496115688265e-05, 0.00015387274152609765, 0.34014318919484293, 0.12086688295364931,
38, 0.003872132265826882, 0.00012882292242645305, 5.836712438036772e-05, 0.0745327556201602, 0.0008308613520527016, 0.30761790024671887, 0.042609374884890076, 0.024985356615784913, 0.024278109801837134, 0.00014399415307726535, 0.05969048138226086, 7.910484676206556e-05, 0.00015284360628294938, 0.3401520697649524, 0.1208678256254972,
39, 0.0038696643969936178, 0.00012778451566882303, 5.754049297822904e-05, 0.07453216218957576, 0.0008284546617343638, 0.3076255547556837, 0.04260770029786397, 0.024983124227593852, 0.024275853778608084, 0.00014296154789218961, 0.05968953552327172, 7.812899463510688e-05, 0.00015181387568625836, 0.34016095601809887, 0.12086876493645725,
40, 0.0038671774525100905, 0.00012669150621537505, 5.6675416279615476e-05, 0.07453159088204198, 0.0008260344621622454, 0.30763327672745855, 0.04260604411654316, 0.024980910925132504, 0.02427361360959451, 0.000141878410245328, 0.05968860668407122, 7.711201941223974e-05, 0.00015073537306312974, 0.34016991951679204, 0.12086973311143885,
41, 0.0038646937348392934, 0.0001255726931928823, 5.5797807323326586e-05, 0.07453103568921383, 0.0008236175395287204, 0.30764103455722547, 0.04260441139840848, 0.024978707327642357, 0.024271386264357913, 0.00014075747271784635, 0.059687652432159524, 7.608182848628296e-05, 0.0001496250193372557, 0.3401788916083283, 0.12087073484146396,
42, 0.0038621577507489376, 0.00012455191664334877, 5.4988261904979654e-05, 0.07453058187371545, 0.0008212314197462531, 0.3076483860492525, 0.04260283247264514, 0.024976590965530034, 0.024269249060800302, 0.0001397286564703004, 0.05968675996765639, 7.514006048041235e-05, 0.0001486107541792034, 0.34018740863319896, 0.12087178237117988,
43, 0.0038596676046185837, 0.00012364577566413278, 5.4280555100069435e-05, 0.07453012667857802, 0.0008189421257245873, 0.30765539544808884, 0.042601203609945265, 0.02497451549252096, 0.024267144184967535, 0.000138815908437151, 0.059685958813211114, 7.430533189781379e-05, 0.00014770363553833233, 0.34019560067915866, 0.12087269436945235,
44, 0.003857243084265166, 0.00012285444953946036, 5.365430079987297e-05, 0.07452960152766162, 0.0008166781934800343, 0.30766237747763886, 0.04259949224006306, 0.02497237760140252, 0.024264948680000644, 0.00013802382680267662, 0.05968501897434914, 7.355555513225653e-05, 0.00014692138423927405, 0.3402037043373038, 0.1208735485801675,
45, 0.0038548707598067542, 0.00012216386703001845, 5.3115007853690404e-05, 0.0745291106454355, 0.0008145308262483932, 0.30766896720762243, 0.04259772783374853, 0.02497029975812745, 0.024262801201306316, 0.00013734148010006788, 0.05968420549715809, 7.289861692408044e-05, 0.00014624139854284984, 0.3402114472486491, 0.12087427886349822,
46, 0.003852557023511394, 0.0001215231408583804, 5.262388674928017e-05, 0.07452859494023971, 0.0008124444853006461, 0.30767544191334817, 0.04259594374356032, 0.02496821854503865, 0.024260644881004437, 0.00013670723757189268, 0.05968337548511717, 7.229083825020354e-05, 0.00014560992400136492, 0.34021906081172854, 0.12087496335665103,
47, 0.0038502972303738688, 0.0001208631788651295, 5.212469227609646e-05, 0.07452805381921834, 0.0008103918010497774, 0.30768198540279895, 0.04259412470558094, 0.02496611376384448, 0.02425844786475683, 0.00013606526074394666, 0.0596825199408737, 7.166268392165609e-05, 0.00014497082118965975, 0.34022674443156703, 0.12087563461675546,
48, 0.0038480312797416756, 0.00012016971071351965, 5.160208428175214e-05, 0.07452752780512568, 0.0008083378922842731, 0.307688563270532, 0.04259231611375684, 0.02496402137667465, 0.02425626277515093, 0.00013539024372083116, 0.05968167941052037, 7.100614348333896e-05, 0.00014429905545845187, 0.34023447329879253, 0.12087631975345768,
49, 0.003845794108452181, 0.00011931809492795612, 5.0972818397015506e-05, 0.07452702142859273, 0.0008062887084569947, 0.3076954175972448, 0.042590516575992, 0.024961918430693772, 0.02425406832779796, 0.00013456292101146346, 0.059680861470287956, 7.021115526609643e-05, 0.00014347343976450663, 0.34024251328670857, 0.12087706184955577,
50, 0.0038436162323600928, 0.00011849901654542918, 5.038119324680219e-05, 0.07452647195314012, 0.0008042863983483661, 0.30770224154742404, 0.04258869481722439, 0.024959795347860903, 0.02425184753247864, 0.00013376514087041136, 0.05967999896914709, 6.945132453821673e-05, 0.00014267901003219127, 0.34025050939683527, 0.12087776233285245,
51, 0.0038413959975409574, 0.00011767731604748734, 4.9779554368395494e-05, 0.07452593097170755, 0.000802245515734048, 0.30770908456186574, 0.042586881111952406, 0.024957678475421904, 0.02424963078352762, 0.00013296877779079219, 0.05967914346614034, 6.868704011334301e-05, 0.00014188663255386522, 0.34025853175231063, 0.12087847825620938,
52, 0.00383916914005297, 0.00011690929642330786, 4.921822616196617e-05, 0.0745254316385204, 0.0008002407662349152, 0.3077156932982595, 0.04258507627405191, 0.024955610829179374, 0.024247458730631402, 0.00013222766538467445, 0.059678346764349875, 6.797334280809008e-05, 0.00014114872903098208, 0.340266315576947, 0.1208791799357147,
53, 0.003836818274677761, 0.00011621062816215643, 4.868010170855175e-05, 0.07452498309857798, 0.0007981467109896771, 0.3077221564787226, 0.042583303874435215, 0.024953574330225523, 0.024245324116563546, 0.00013155366413999286, 0.05967758806040213, 6.731092001301955e-05, 0.00014047831453160056, 0.34027394562329627, 0.12087992601753404,
54, 0.003834469004259159, 0.00011553740707898455, 4.816079593988964e-05, 0.07452448359890367, 0.000796040399365713, 0.307728609763006, 0.042581498855080765, 0.02495151274986952, 0.02424316014020502, 0.00013091569758215803, 0.05967686431101559, 6.667233268876947e-05, 0.00013983779112322376, 0.34028162572837306, 0.12088061163964992,
55, 0.0038321976008568476, 0.0001145381962908458, 4.7498689247885584e-05, 0.07452402504906874, 0.0007939743324607017, 0.3077355821999739, 0.04257976776759696, 0.024949458117573063, 0.024241023480484798, 0.00012987718547116274, 0.059676154103152704, 6.584715064158254e-05, 0.00013879796899442812, 0.3402898383069026, 0.1208814200648642,
56, 0.003829902731531117, 0.00011358771608840813, 4.6861989098935545e-05, 0.07452344936440435, 0.0007918387798975122, 0.3077426515305956, 0.04257799361637482, 0.02494733261691078, 0.024238821186305513, 0.00012890449638202725, 0.05967543030168536, 6.505959815730402e-05, 0.00013781398592171135, 0.3402982169728154, 0.12088213532758686,
57, 0.003827489059046936, 0.00011260093345344434, 4.6168172069687176e-05, 0.0745228954184768, 0.0007895739620242677, 0.3077498712128836, 0.042576225223279814, 0.024945199722457408, 0.024236608538863322, 0.0001279162799385828, 0.05967473400086876, 6.422536901418548e-05, 0.0001368121211978766, 0.34030677504656065, 0.12088290515364637,
58, 0.003825069507580247, 0.00011157410956181193, 4.544811777705224e-05, 0.07452235715689798, 0.0007873069769255625, 0.3077571371276997, 0.042574467635844916, 0.024943078088322312, 0.024234406619463942, 0.00012688786631298292, 0.05967405292758384, 6.336071344556909e-05, 0.0001357699743715283, 0.34031539103098735, 0.12088369236067087,
59, 0.003822637101533715, 0.00011041513141870623, 4.462477143977851e-05, 0.07452177591247942, 0.000784973792323325, 0.3077647322619898, 0.042572687053582234, 0.02494090462634769, 0.024232147344287535, 0.00012577124686223408, 0.05967340055210318, 6.23786995630028e-05, 0.0001346276227939359, 0.34032442918283806, 0.12088449491306037,
60, 0.003820140269147352, 0.00010941257641596104, 4.389135295038127e-05, 0.0745210493287315, 0.0007825320844555803, 0.30777231888333073, 0.042570872254496274, 0.0249386628977054, 0.024229837921730227, 0.00012480034276696019, 0.05967269632347, 6.152004971374781e-05, 0.00013362774338574834, 0.3403334813977829, 0.12088515678626945,
61, 0.003817717350436556, 0.00010844782747360548, 4.320394126748186e-05, 0.07452027225108747, 0.0007801540624285786, 0.30777986349871655, 0.042569032072532355, 0.024936398423356765, 0.024227498219147582, 0.00012386422716453093, 0.059671938686259245, 6.0700264153209294e-05, 0.00013266608999220662, 0.3403424738114702, 0.12088576948668775,
62, 0.0038153381436412176, 0.0001075655671559, 4.2590436945383186e-05, 0.07451943090707137, 0.0007778427588101873, 0.3077872394099936, 0.042567182792267344, 0.02493415210856164, 0.024225188751955447, 0.00012298200926525748, 0.0596712236809852, 5.9962089489787684e-05, 0.00013175402926832825, 0.34035130383625933, 0.12088624369147433,
63, 0.0038130052728211398, 0.00010672956414454818, 4.2013309730655876e-05, 0.07451856092370121, 0.0007755526840729199, 0.3077946556511617, 0.04256533666490778, 0.02493187933258596, 0.02422285906693018, 0.00012211776901878285, 0.05967036390226627, 5.926326636364509e-05, 0.000130873186184801, 0.3403600688710852, 0.1208867207485767,
64, 0.003810679003846743, 0.00010585333973962462, 4.140943213779037e-05, 0.07451772448818461, 0.0007732577674453173, 0.3078021451897012, 0.04256350302813928, 0.024929594622384317, 0.02422052207067733, 0.00012121446693579726, 0.059669460253199386, 5.85327991650284e-05, 0.00012995587978498123, 0.3403688803532073, 0.12088726751923161,
65, 0.0038083341370395846, 0.0001047640352858059, 4.065597014298989e-05, 0.07451692724581083, 0.0007709176667289509, 0.30781000863552643, 0.04256168510122763, 0.02492730794161729, 0.024218172312128576, 0.0001201291104041677, 0.05966859324997335, 5.762641953928317e-05, 0.00012885242386273627, 0.3403781136514616, 0.12088791231153447,
66, 0.0038060572185417262, 0.00010365002913578058, 3.991757506937638e-05, 0.07451609550137478, 0.0007686314701869326, 0.307817934601058, 0.042559856687240535, 0.024925001139166632, 0.02421580019075246, 0.00011900403375882854, 0.059667685425792934, 5.672205616251013e-05, 0.00012771137764727746, 0.34038739435982807, 0.12088853854769979,
67, 0.0038036658666293125, 0.00010263499763818346, 3.921244831930524e-05, 0.07451530893400402, 0.0007662571589035888, 0.30782566826220586, 0.04255805645846795, 0.024922724937803547, 0.02421346498623513, 0.00011797766451482091, 0.05966680951584747, 5.5883024381321343e-05, 0.0001266712027569964, 0.3403964681567473, 0.12088919659816423,
68, 0.0038012686878231127, 0.00010157889748099261, 3.848073934602945e-05, 0.07451453777525592, 0.0007638805726030149, 0.30783345030434595, 0.04255626714671809, 0.024920460100983196, 0.024211140613630035, 0.0001169096910192459, 0.05966594868621815, 5.501345799533845e-05, 0.00012558935115733604, 0.3404056022400422, 0.12088987194889887,
69, 0.003798858819925356, 0.00010046511543395407, 3.7711639360851756e-05, 0.07451374939494837, 0.0007614722240364306, 0.30784136970487924, 0.042554482317317156, 0.024918185309130036, 0.024208804897418067, 0.00011579160578013504, 0.05966509113913067, 5.410476362930756e-05, 0.00012445565640959672, 0.340414903260645, 0.12089055436413151,
70, 0.0037964481242972418, 9.934733570658851e-05, 3.6945965309695756e-05, 0.0745129568482674, 0.0007590638014994002, 0.3078492964292261, 0.042552698454918686, 0.024915914959384007, 0.024206467726920804, 0.00011467159071713271, 0.05966422402834724, 5.319975569697645e-05, 0.00012332233935373205, 0.34042420710455984, 0.12089123574902723,
71, 0.0037941089039958014, 9.826911540080757e-05, 3.622679081357243e-05, 0.07451211103375734, 0.0007567170945653802, 0.3078571828665572, 0.04255088870150005, 0.024913621010053545, 0.02420409881975728, 0.00011358954920793502, 0.05966330136012765, 5.233400319358141e-05, 0.00012223040486355167, 0.3404334545164599, 0.1208918660433101,
72, 0.0037918374354973974, 9.716644784965683e-05, 3.552197153959019e-05, 0.07451123066195844, 0.0007544243684037445, 0.3078651320146165, 0.042549068458750054, 0.024911306898599304, 0.024201707464513784, 0.00011246793676391934, 0.059662337781650136, 5.147015396616159e-05, 0.0001211012825007317, 0.34044274952831055, 0.12089247780840534,
73, 0.0037895651618645412, 9.605981889942435e-05, 3.482027656937565e-05, 0.07451034615160874, 0.0007521315546276409, 0.3078730886442423, 0.04254724919526265, 0.024908997248017175, 0.024199314650038405, 0.00011134438804129553, 0.05966136465380788, 5.060979847779894e-05, 0.00011997253245281728, 0.34045204754230596, 0.12089308859626768,
74, 0.0037873554831486748, 9.50384224683404e-05, 3.4186270818936044e-05, 0.07450942926532912, 0.0007499130932066553, 0.30788086200623677, 0.04254540221955302, 0.024906685313094104, 0.024196912534275788, 0.00011030777732623672, 0.05966037757282809, 4.981920417842943e-05, 0.0001189310913336036, 0.3404611482432449, 0.12089363171562693,
75, 0.003785128369311392, 9.396361937088299e-05, 3.352271889876118e-05, 0.07450853215931115, 0.0007476821271521939, 0.30788869752969183, 0.04254357249727695, 0.02490439188866312, 0.02419452570629356, 0.00010922076605683085, 0.05965940615413191, 4.8995265015510006e-05, 0.0001178406633283842, 0.3404703207185937, 0.12089420003021095,
76, 0.003782912333524537, 9.278582264534037e-05, 3.280663428377043e-05, 0.07450756022103851, 0.0007454136984899745, 0.3078968227950297, 0.04254172241228499, 0.024902045397590514, 0.024192089688476245, 0.0001080390176149987, 0.05965845100096647, 4.8107284135710835e-05, 0.00011664424853657697, 0.3404798639502568, 0.12089473570919747,
77, 0.0037806895238812546, 9.156597201325645e-05, 3.2062679765563106e-05, 0.07450651250665144, 0.0007430940813652531, 0.3079051364760168, 0.04253984358843003, 0.024899644157863263, 0.02418959839711058, 0.00010683559382161364, 0.059657503905783164, 4.718958702451102e-05, 0.0001154155053376267, 0.3404896762942625, 0.12089523194514666,
78, 0.003778465903152875, 9.034177028158856e-05, 3.132201796671527e-05, 0.07450546057632426, 0.000740774363805023, 0.30791345782005863, 0.04253796574356727, 0.024897247449715068, 0.024187105602189476, 0.00010563010566673916, 0.0596565471591515, 4.627559663031042e-05, 0.00011418717552832516, 0.34049949174907224, 0.1208957271814516,
79, 0.003776274247235798, 8.929928343882338e-05, 3.0695862038762445e-05, 0.07450450177139208, 0.0007385944919698381, 0.307921140644813, 0.04253605042274341, 0.02489496194318431, 0.024184711952447258, 0.00010461161130905794, 0.059655753424533914, 4.549185092929164e-05, 0.00011314147172123337, 0.34050866502084215, 0.12089610621665457,
80, 0.00377408497145654, 8.82507760682572e-05, 3.0072214545036545e-05, 0.07450353577002222, 0.0007364167020863857, 0.3079288371847833, 0.04253413529926116, 0.024892679744572637, 0.024182315121550686, 0.00010358897775625724, 0.059654947713403385, 4.4710313442932813e-05, 0.0001120939280198979, 0.3405178492311808, 0.12089648226601621,
81, 0.0037719061513630664, 8.697081038022589e-05, 2.933576998017982e-05, 0.07450260079357526, 0.0007342280615675041, 0.307936903263643, 0.042532254288904475, 0.024890402339942684, 0.02417992363818381, 0.00010233407202399129, 0.059654165912759655, 4.378671136714774e-05, 0.00011081010131533822, 0.34052743420511156, 0.12089694409295396,
82, 0.0037697207356331606, 8.564529374728219e-05, 2.857072980891536e-05, 0.07450159061696016, 0.0007319899732200638, 0.3079451587524528, 0.042530344528427064, 0.02488807108394254, 0.024177477507930718, 0.00010105621769523572, 0.059653393436221606, 4.28322736300427e-05, 0.00010949169970339528, 0.34053729076566064, 0.12089736659825888,
83, 0.003767528236380991, 8.441303620281412e-05, 2.7861214796504784e-05, 0.07450063010039505, 0.0007297982128854936, 0.3079530906050596, 0.04252844207398233, 0.02488579969473311, 0.02417508584494399, 9.987394885359424e-05, 0.05965268649815255, 4.194628800391077e-05, 0.00010827054083654178, 0.3405468087747194, 0.1208977651434533,
84, 0.0037653782318934274, 8.326179193447063e-05, 2.7213879276113814e-05, 0.07449951889776482, 0.0007276226276050199, 0.3079610594113188, 0.04252651002758691, 0.02488348639294459, 0.0241726676110047, 9.873342285108092e-05, 0.05965195509974886, 4.113315876617013e-05, 0.00010708476921201755, 0.3405563851825796, 0.12089798970852837,
85, 0.0037632987034401178, 8.215225448576191e-05, 2.6607753381596194e-05, 0.07449835481048982, 0.0007255081574738162, 0.3079689900595704, 0.04252455217407834, 0.02488114951647878, 0.02417021703572106, 9.763279377125247e-05, 0.059651166514563196, 4.0356564660120105e-05, 0.00010594373645302593, 0.34056590475553167, 0.12089816538284782,
86, 0.00376110823609415, 8.108574633218639e-05, 2.5996258731001345e-05, 0.07449719178374403, 0.0007232731476344142, 0.30797694435782696, 0.04252259757996943, 0.024878803712226085, 0.02416776063378221, 9.658084029874008e-05, 0.05965038745815595, 3.959625525074565e-05, 0.00010485150023484945, 0.3405754662933398, 0.12089835640843662,
87, 0.003758919716372055, 8.011255837148016e-05, 2.5433378208996892e-05, 0.07449611203344042, 0.0007211039542560409, 0.3079845264563474, 0.042520673148374905, 0.024876526292448038, 0.024165379986007856, 9.561021095870302e-05, 0.05964967720288558, 3.8894871133813885e-05, 0.00010384374880412896, 0.34058462620631214, 0.12089856044900965,
88, 0.003756772232829943, 7.92043125418192e-05, 2.4919177359863138e-05, 0.07449489320058007, 0.0007189497653024757, 0.3079921563793855, 0.042518721347463755, 0.024874208526288657, 0.024162973668182028, 9.467633181679999e-05, 0.05964894461065413, 3.825047967384694e-05, 0.00010286800380736105, 0.34059385548238075, 0.12089860669236627,
89, 0.0037546033321009197, 7.806579858385908e-05, 2.4271794114899332e-05, 0.07449371297668013, 0.0007167503580051593, 0.30800016817151343, 0.042516783306874466, 0.0248718913019082, 0.024160554282091712, 9.354583919662805e-05, 0.05964825472642355, 3.7443475437264794e-05, 0.00010168606569421712, 0.3406035216031535, 0.12089874717921158,
90, 0.003752494508634273, 7.707324055520873e-05, 2.3706005408597018e-05, 0.07449246336309065, 0.0007145798021581596, 0.30800810620605823, 0.04251477458768159, 0.024869507812239337, 0.02415805186144673, 9.255827675996204e-05, 0.05964741949030971, 3.6727971064487205e-05, 0.00010065888571375758, 0.34061304545154436, 0.12089883274738036,
91, 0.00375045185496818, 7.604708264397021e-05, 2.3148973013339337e-05, 0.07449117808051309, 0.0007124617851902096, 0.30801612728004923, 0.042512758615701605, 0.024867103687388422, 0.024155527641942447, 9.151970773785189e-05, 0.05964654245493353, 3.601005740546331e-05, 9.958174961331187e-05, 0.34062263857109387, 0.12089890266808047,
92, 0.0037483966536213838, 7.496586902599863e-05, 2.2561074154341782e-05, 0.07448979789984705, 0.0007102802709890067, 0.30802438283650224, 0.04251070827973939, 0.024864633344818927, 0.024152935370933694, 9.044768395149823e-05, 0.05964567863182738, 3.5258054316958626e-05, 9.845820974544187e-05, 0.34063257187893736, 0.12089892415168364,
93, 0.0037463651271202915, 7.384832324495419e-05, 2.195454481554829e-05, 0.07448842448203936, 0.0007081245911316676, 0.3080326719716081, 0.042508659031930164, 0.02486216267697589, 0.024150348706160445, 8.933171339863711e-05, 0.059644834785843814, 3.447757239721458e-05, 9.728638487820651e-05, 0.340642564405909, 0.12089894589280982,
94, 0.003744343955236347, 7.270385223094326e-05, 2.1343171048566233e-05, 0.07448702328406431, 0.000705974371803117, 0.30804102900618924, 0.042506612797835, 0.02485968924766809, 0.02414776603121523, 8.81766534706562e-05, 0.05964399766906808, 3.3690513411842185e-05, 9.60707836075669e-05, 0.3406526435336739, 0.12089893533892224,
95, 0.0037423410337318794, 7.157686916168417e-05, 2.0737453650082755e-05, 0.07448562286684741, 0.0007038472111302787, 0.3080493446309847, 0.04250454846963043, 0.024857212176392477, 0.02414517728872924, 8.704048540574128e-05, 0.05964317369158325, 3.290518209844968e-05, 9.487241199620429e-05, 0.3406626926643977, 0.12089890777403972,
96, 0.003740374012175, 7.05311937516975e-05, 2.0185167453779417e-05, 0.07448407736773742, 0.0007017299675243066, 0.30805770226359286, 0.042502451531631534, 0.024854687153431528, 0.024142555602534047, 8.595599114105267e-05, 0.059642318052075746, 3.218539041781127e-05, 9.372156064823969e-05, 0.34067280498972363, 0.12089871996645346,
97, 0.0037384701392946086, 6.945011321350702e-05, 1.9641349418033726e-05, 0.07448249584747496, 0.0006996638621638545, 0.3080661509879016, 0.042500347526177346, 0.02485214093753613, 0.024139911593143798, 8.481563148841781e-05, 0.059641421026472054, 3.1463101273513e-05, 9.251491853974237e-05, 0.34068299571523264, 0.12089851746170437,
98, 0.003736576327786655, 6.834224824225275e-05, 1.9091673078485085e-05, 0.07448088994472789, 0.0006976030922857426, 0.3080746669815994, 0.04249824598751585, 0.024849590993619955, 0.02413727046883014, 8.363624476316049e-05, 0.05964052929673498, 3.0732641805141595e-05, 9.126435010651847e-05, 0.34069327239300223, 0.12089828756716407,
99, 0.003734752921283286, 6.676388285402107e-05, 1.8399050175327974e-05, 0.07447934569009318, 0.0006955786681346895, 0.30808397031991663, 0.04249624308538604, 0.02484705678649224, 0.024134665485618503, 8.181903159778809e-05, 0.05963965743461766, 2.9801944223666172e-05, 8.934980953100301e-05, 0.34070436316842756, 0.12089823293228415,
100, 0.0037328924180414433, 6.525321860329734e-05, 1.7723505201902342e-05, 0.07447777359092837, 0.0006935132790182631, 0.30809316886186777, 0.04249422823330086, 0.024844508618489233, 0.024132048514671652, 8.010258458232923e-05, 0.059638815681828564, 2.8904937000271748e-05, 8.753002281111298e-05, 0.34071539108155036, 0.12089814566307729,
101, 0.0037310347340948156, 6.37350528015991e-05, 1.7051773384681176e-05, 0.0744761939129439, 0.0006914507967536184, 0.3081023816943798, 0.04249221360984314, 0.02484196453009021, 0.02412942814659859, 7.838100562644547e-05, 0.05963796021050127, 2.8011709658302676e-05, 8.570927739299204e-05, 0.3407264282206441, 0.12089805553573345,
102, 0.0037292189364041524, 6.24051418324138e-05, 1.6472008866396357e-05, 0.07447465168975989, 0.0006894965078364746, 0.30811105364075764, 0.042490137188038, 0.024839485828282902, 0.024126860516149172, 7.689033252973091e-05, 0.059637223064469065, 2.7227757235103687e-05, 8.411827322405216e-05, 0.34073693452676856, 0.12089782479870953,
103, 0.0037274601369267158, 6.104515959487479e-05, 1.590359249725675e-05, 0.07447307626753985, 0.0006875873036272907, 0.30811981127323007, 0.042488051539128685, 0.024836986993850677, 0.024124270248141004, 7.53456401526867e-05, 0.05963644808865077, 2.6445323651147812e-05, 8.247365385606595e-05, 0.3407475147680689, 0.12089758022222007,
104, 0.0037257277880799766, 5.987402195434474e-05, 1.541898838590049e-05, 0.07447156482541176, 0.000685778801126256, 0.30812800273255, 0.042485926053754536, 0.024834577562735563, 0.024121758131569086, 7.401781511868546e-05, 0.05963580247353869, 2.576907407883743e-05, 8.104894587663212e-05, 0.3407575140133994, 0.12089721898373068,
105, 0.0037240040005299332, 5.877862781296694e-05, 1.496438632503484e-05, 0.074470001874336, 0.0006839623951981835, 0.3081361787213464, 0.04248376861627006, 0.024832132772850627, 0.02411920418937068, 7.277739678847476e-05, 0.05963508366365961, 2.5133474381590462e-05, 7.972076138175639e-05, 0.34076747203072116, 0.12089681729958161,
106, 0.003722248533986774, 5.784090632818684e-05, 1.457349190099545e-05, 0.07446835864252335, 0.0006821055364646637, 0.30814420025963396, 0.04248161373034077, 0.024829652683236933, 0.0241166470478425, 7.170265202447898e-05, 0.059634313126961935, 2.459041518415506e-05, 7.856850152046789e-05, 0.340777256968122, 0.12089632771443423,
107, 0.0037205426561865195, 5.6938158298502774e-05, 1.4205672050038827e-05, 0.07446667459088896, 0.0006802908893863966, 0.3081521979103065, 0.04247943702218633, 0.024827151991375862, 0.024114062603407288, 7.066513961821605e-05, 0.05963349864402792, 2.4071071039150725e-05, 7.745834757124756e-05, 0.3407870034211767, 0.1208958020927111,
108, 0.003718813441127556, 5.615297580135703e-05, 1.3885235208757788e-05, 0.07446494211162143, 0.0006784507155040043, 0.3081600602798663, 0.04247726957096332, 0.024824631837448128, 0.02411148494295924, 6.974991872192877e-05, 0.05963264811021239, 2.3620575009474884e-05, 7.64787952455459e-05, 0.3407965915551148, 0.12089522014514971,
109, 0.003717078217546579, 5.533921902348603e-05, 1.3551896403162947e-05, 0.07446312564536896, 0.0006765678026764906, 0.30816809559830527, 0.04247506881756886, 0.024822053493442537, 0.024108848906449872, 6.881744879754984e-05, 0.059631802769795746, 2.315454317824922e-05, 7.547232190750983e-05, 0.3408064347217793, 0.12089458880795795,
