Optimize time:1.9053907862636779
Begin Prob:-27087.25895939577
End Prob:-26099.515426394293
Substitution parameters back:[0.2686850547445364, 0.1864309167667395, 0.21997580250514173, 0.3249082259835824, 6.180721853510198]
Substitution parameters hot:[0.16377612979272752, 0.33885231897294676, 0.34616669761076685, 0.15120485362355895, 3.820278146489801]
Transition parameters:[0.9999641200560186, 0.8999046922696774, 0.001066040854390544]
hscale parameters:2.3895711573789096
Trees:
(4:326.6363748048212,(1:482.28555594246853,(2:451.24950819645676,3:452.2592903925229):473.73008428281395):488.57599401798535);
(4:888.5229602589089,(2:888.5439314544975,(1:370.26690725650275,3:450.15546207727897):393.33774507006297):304.33463525545136);
(4:888.5439314544975,(3:380.73953287254074,(1:888.5439314544975,2:381.98428179670634):888.5439314544975):382.31385505477715);
(4:780.5208601844079,(1:1152.4556541005754,(2:1078.292809567671,3:1080.7057559786253):1132.0117457848921):1167.4871034931084);
(4:2123.188838503616,(2:2123.23895066773,(1:884.7791221120307,3:1075.6785085164413):939.9085307278808):727.2292665978572);
(4:2123.23895066773,(3:909.8042062261426,(1:2123.23895066773,2:912.7786223535071):2123.23895066773):913.5661611052365);

Position, Posteriors1, Posteriors2, Posteriors3, Posteriors4, Posteriors5, Posteriors6,
0, 0.7200518489981343, 0.1367268203546348, 0.14018809260801926, 0.0010095791517786533, 0.001011823162182141, 0.0010118356339873225,
1, 0.7216413715516815, 0.1370041131935751, 0.14047296118342711, 0.00029400343757199636, 0.00029377611977341334, 0.00029377442156777836,
2, 0.7221918023048245, 0.1370889730655038, 0.14056049658849704, 5.306658668280093e-05, 5.282892416920172e-05, 5.283243742699959e-05,
3, 0.7223000804917724, 0.13709590424675022, 0.1405680673909158, 1.2035858359373114e-05, 1.1955590943898633e-05, 1.1956329917262506e-05,
4, 0.7223455089658978, 0.13709062241425668, 0.1405631070488494, 2.554623211316809e-07, 2.529903637697645e-07, 2.530260828025202e-07,
5, 0.7223643061328806, 0.1370813556185982, 0.140554029966838, 1.0319094556854094e-07, 1.0249373604041533e-07, 1.0250636002498833e-07,
6, 0.7223809315412559, 0.13707308653334857, 0.14054594626179187, 1.1916256781037397e-08, 1.1827013990189578e-08, 1.1828106023075061e-08,
7, 0.7223955592156899, 0.13706546049251236, 0.14053849762990223, 1.6189510554483308e-07, 1.6034017366895688e-07, 1.603335366508072e-07,
8, 0.7224083899640298, 0.13705840455103374, 0.14053163333848154, 5.255352177411274e-07, 5.232603817632135e-07, 5.232580877980482e-07,
9, 0.7224219809420879, 0.13704983005598084, 0.14052324765646002, 1.6570799458062434e-06, 1.6421126846318895e-06, 1.64206332727707e-06,
10, 0.7224362310041313, 0.1370427963237584, 0.14051642232994793, 1.5239183720877358e-06, 1.513166405841266e-06, 1.5131640443100788e-06,
11, 0.7224456076585083, 0.13703532207140853, 0.14050914790497707, 3.311896503026778e-06, 3.3052732161302023e-06, 3.3051052869127862e-06,
12, 0.7224305243546164, 0.13700625093877095, 0.1404802578520604, 2.7772740381038807e-05, 2.7597685927636827e-05, 2.75963372719521e-05,
13, 0.7224160684750125, 0.13697663090870288, 0.1404508298672099, 5.2345778094307574e-05, 5.2063359297536885e-05, 5.2061516180589925e-05,
14, 0.7224259608614496, 0.13696912823634436, 0.14044358183898908, 5.394906393442069e-05, 5.3690978942211374e-05, 5.368892753168572e-05,
15, 0.722502074163233, 0.13698764304723693, 0.1404628704016209, 1.5810182865500025e-05, 1.580118748344617e-05, 1.5800923236892604e-05,
16, 0.7225299465792072, 0.1369891544940898, 0.1404647508276808, 5.3719623778255875e-06, 5.388092416580533e-06, 5.387950739818676e-06,
17, 0.7225474222597925, 0.13698592519805583, 0.14046179075786208, 1.623774580835658e-06, 1.6189845701650742e-06, 1.6189301431406666e-06,
18, 0.7225573115556339, 0.1369816504181679, 0.1404577581269297, 1.0924742950854268e-06, 1.093647859935772e-06, 1.0936819350860865e-06,
19, 0.7225636332850279, 0.1369745691800039, 0.1404509021661313, 3.610982989139334e-06, 3.6421565950256264e-06, 3.6421326446551453e-06,
20, 0.722565870589967, 0.13696197735976703, 0.1404385345738316, 1.1141709765041827e-05, 1.1237927947846063e-05, 1.123774111092401e-05,
21, 0.7225814484324793, 0.13695474766548058, 0.14043155057226123, 1.0696377592274665e-05, 1.0778463247123793e-05, 1.0778389802025857e-05,
22, 0.722602175674298, 0.13694809873187022, 0.14042516562046634, 8.171054958560235e-06, 8.194290307040244e-06, 8.194531773709422e-06,
23, 0.7226155425520627, 0.1369416999964953, 0.14041902278905471, 7.910327662518067e-06, 7.912055685193413e-06, 7.912181544361876e-06,
24, 0.7226313803875086, 0.13693589510630494, 0.14041347705842633, 6.4172220997034845e-06, 6.4150555474650884e-06, 6.415072367649083e-06,
25, 0.7226391644521594, 0.1369287693924695, 0.14040659802571953, 8.482819019328384e-06, 8.492548093847136e-06, 8.492666026711448e-06,
26, 0.7226629245702437, 0.13692490664390553, 0.1404030294652448, 3.0506972748481785e-06, 3.0441538488962992e-06, 3.0443737606659044e-06,
27, 0.7226778541765948, 0.13692120833781013, 0.14039960139709004, 4.477092232150348e-07, 4.44111167136686e-07, 4.441722603302098e-07,
28, 0.7226885427156702, 0.1369158454222244, 0.140394470082843, 3.835556500102448e-07, 3.790490960401783e-07, 3.790785785158596e-07,
29, 0.7226967956774499, 0.1369107107038591, 0.14038957890044215, 9.751065011230387e-07, 9.696967554203617e-07, 9.698204946771042e-07,
30, 0.7227064400078412, 0.13690520858219032, 0.14038431573747084, 1.3466942254110827e-06, 1.3443658657234523e-06, 1.3445190695523098e-06,
31, 0.7227154831763914, 0.13689755930653952, 0.14037690136692427, 3.358716951946851e-06, 3.348511860647333e-06, 3.348824832317322e-06,
32, 0.7227263600881391, 0.13689071996637375, 0.14037029960056155, 4.212213477708214e-06, 4.203768124068196e-06, 4.204270184741606e-06,
33, 0.7227355309085004, 0.1368804223198006, 0.1403602364244446, 7.970874869987839e-06, 7.919071681584948e-06, 7.92030725419682e-06,
34, 0.722746109000865, 0.13687447551254991, 0.14035453050205826, 8.338018091065481e-06, 8.272765674625014e-06, 8.274108401494242e-06,
35, 0.7227602539257686, 0.13687243284741968, 0.14035275788402146, 4.886847598372189e-06, 4.833761001529821e-06, 4.834642042360302e-06,
36, 0.7227665526958721, 0.1368710806394711, 0.1403516693260625, 3.594503984352926e-06, 3.5511286848696085e-06, 3.5516158277576247e-06,
37, 0.7227670525494015, 0.13686955780266902, 0.1403504073059361, 4.356168527585932e-06, 4.312865897536303e-06, 4.313218076837916e-06,
38, 0.7227598575879347, 0.13686703408105294, 0.14034815464504052, 8.348475635584933e-06, 8.302418671028674e-06, 8.302699561234866e-06,
39, 0.7227574247193348, 0.13686529563748645, 0.14034669628541052, 1.025625656091091e-05, 1.016330219555891e-05, 1.0163704498466136e-05,
40, 0.7227479670018156, 0.13686528511459256, 0.14034700447081486, 1.3311965677410822e-05, 1.32151667346173e-05, 1.321618864453117e-05,
41, 0.7227231755578825, 0.13685935224972018, 0.14034138086968784, 2.541668281979905e-05, 2.5335907678165123e-05, 2.533863948272327e-05,
42, 0.7226734458452243, 0.13684952280703838, 0.14033189427151968, 4.834540589766901e-05, 4.839380021416141e-05, 4.83977797960472e-05,
43, 0.7226151018422152, 0.13683591232762035, 0.14031861430302686, 7.650729248459205e-05, 7.693105280958205e-05, 7.693309356143191e-05,
44, 0.7225700084217107, 0.1368264855066436, 0.1403095336182915, 9.734361949759825e-05, 9.831345181652787e-05, 9.831529513350459e-05,
45, 0.7225928530885558, 0.1368428353723923, 0.1403265739391912, 7.85395379069301e-05, 7.959796808287132e-05, 7.960000777323983e-05,
46, 0.7225957857928442, 0.1368470581504604, 0.14033122542889576, 7.462710689876225e-05, 7.565028678150621e-05, 7.565315022250596e-05,
47, 0.7226031209481775, 0.1368509384569832, 0.14033552569836968, 6.951977210391799e-05, 7.04460527529102e-05, 7.044898607586568e-05,
48, 0.7226131292915029, 0.13685427690040278, 0.14033928195652745, 6.39183703451785e-05, 6.469552824433073e-05, 6.469787144634383e-05,
49, 0.722685248118563, 0.13687831835063816, 0.1403642429252472, 2.3912295204529703e-05, 2.413871354588832e-05, 2.4139510234679083e-05,
50, 0.7227119540649188, 0.13688505902937695, 0.14037145899329145, 1.0429804301263633e-05, 1.0548837980900322e-05, 1.054918159866765e-05,
51, 0.7227249924492674, 0.1368848766395249, 0.14037159326390689, 6.133616153953977e-06, 6.201855275441628e-06, 6.2020858614452265e-06,
52, 0.7227422319515925, 0.13688482670814417, 0.14037186883336183, 3.5440959032118066e-07, 3.5899549856714976e-07, 3.590111052444027e-07,
53, 0.7227505007425471, 0.13688046920449887, 0.14036774471017568, 4.265772270742957e-07, 4.2933952523332976e-07, 4.2933504599210855e-07,
54, 0.722760143528356, 0.1368750735968291, 0.1403625809475995, 7.358419979646997e-07, 7.329996156380892e-07, 7.329958227140036e-07,
55, 0.7227659128635598, 0.13686947886807038, 0.1403572259273248, 2.4688849500874257e-06, 2.456645343989583e-06, 2.456720544451127e-06,
56, 0.7227736925847258, 0.13686435604643146, 0.1403523498965462, 3.2104264623902487e-06, 3.195343665434843e-06, 3.1956136017811707e-06,
57, 0.7227830940973976, 0.13685899510968108, 0.14034723143376565, 3.5664068623783166e-06, 3.556282911625662e-06, 3.5565797863718505e-06,
58, 0.7227960768308771, 0.13685327430941682, 0.1403417489346843, 2.977413944182834e-06, 2.9610667537773856e-06, 2.961357983873392e-06,
59, 0.7228064014104914, 0.1368461968365654, 0.1403348972498602, 4.182949543193616e-06, 4.16050460819043e-06, 4.160964857509385e-06,
60, 0.7228157608912888, 0.1368416260125026, 0.1403305738792277, 4.025209931695969e-06, 4.006638919865124e-06, 4.007284013866665e-06,
61, 0.722819496220772, 0.13683677379781167, 0.14032597386521, 5.921529290093865e-06, 5.9168392453263734e-06, 5.9176631534848075e-06,
62, 0.722827521694953, 0.13683314002049254, 0.14032260871064814, 5.580155616708489e-06, 5.574235136222252e-06, 5.575095879241152e-06,
63, 0.7228353123428263, 0.13682858629421707, 0.14031832139620434, 5.941792249377602e-06, 5.9185561963803715e-06, 5.919535708740855e-06,
64, 0.7228443027945017, 0.1368271539466867, 0.14031717285698933, 3.80426778572556e-06, 3.7826974273751474e-06, 3.7833551814733114e-06,
65, 0.7228480052318589, 0.13682617239954548, 0.14031647271012038, 3.126945668279071e-06, 3.111118958663496e-06, 3.1115134723072146e-06,
66, 0.7228528665116875, 0.1368256545820943, 0.14031624030223877, 1.747282944411705e-06, 1.7455285522979854e-06, 1.745712512217297e-06,
67, 0.7228582680731618, 0.13682466643837304, 0.14031553376440767, 5.098851953071093e-07, 5.108568217932905e-07, 5.109018475108972e-07,
68, 0.7228638316079162, 0.13682249048440048, 0.14031362281006635, 1.8365770110236593e-08, 1.832469350322362e-08, 1.8326821709430928e-08,
69, 0.7228669083533724, 0.13682083839999773, 0.1403122244056413, 9.595644177730712e-09, 9.58253116436564e-09, 9.583342556252552e-09,
70, 0.7228683424681276, 0.1368197329968596, 0.1403113696814092, 1.839224866557123e-07, 1.8542731554509986e-07, 1.8542661321286346e-07,
71, 0.7228713657454683, 0.13681789437950714, 0.1403097764480291, 3.195705190575118e-07, 3.2188658729518536e-07, 3.2189236476695755e-07,
72, 0.7228757066619824, 0.1368151676313628, 0.14030728915867852, 6.114484192948191e-07, 6.124906521893906e-07, 6.125299282044817e-07,
73, 0.7228808798175677, 0.13681101923595693, 0.14030337359998954, 1.5802917292854002e-06, 1.573412069739452e-06, 1.5735650956057547e-06,
74, 0.7228798873379518, 0.1368058958003415, 0.14029848233083192, 5.258732077648189e-06, 5.237537835926772e-06, 5.238184483811832e-06,
75, 0.7228704396389655, 0.13680064495044106, 0.14029348652978993, 1.1823947805942489e-05, 1.1801890185973055e-05, 1.180296766512657e-05,
76, 0.7228067775394167, 0.13677418741540462, 0.14026726520124638, 5.049682372725891e-05, 5.06363810669881e-05, 5.063656243694448e-05,
77, 0.7228140609248552, 0.1367755043420928, 0.14026891795548274, 4.714051859582514e-05, 4.718806645625107e-05, 4.718811489702841e-05,
78, 0.7228552452818758, 0.13679002584303795, 0.1402840719031015, 2.3535470506139076e-05, 2.3560249902627022e-05, 2.3561175570205195e-05,
79, 0.7228731667283212, 0.13679970144607856, 0.1402942408452333, 1.091162570845575e-05, 1.0989559897275081e-05, 1.0989717750677814e-05,
80, 0.7228796445028857, 0.13680229571452174, 0.14029717025289523, 6.919757641047202e-06, 6.984860227254537e-06, 6.984830433948499e-06,
81, 0.7228919039558038, 0.13680600990239175, 0.14030125492295406, 2.7498868703771944e-07, 2.780751094175874e-07, 2.780761295839241e-07,
82, 0.7228956451778522, 0.13680438143137583, 0.14029987454588044, 3.279158058710499e-08, 3.298727973503657e-08, 3.298914943518064e-08,
83, 0.7229001660618781, 0.13680166091028695, 0.14029739002897187, 2.6154571950144916e-07, 2.6067621344386284e-07, 2.6069907478437377e-07,
84, 0.7229061776834338, 0.13679881993863263, 0.1402947824087309, 7.331770853480371e-08, 7.328539115832576e-08, 7.329184784421272e-08,
85, 0.7229077878863159, 0.13679544728084708, 0.1402916349009121, 1.7037324778236388e-06, 1.7130727207464252e-06, 1.7130531446093396e-06,
86, 0.722915985250908, 0.13679330895762992, 0.14028973453407986, 3.2356779193004134e-07, 3.238121258193976e-07, 3.238053161860589e-07,
87, 0.7229190041855589, 0.13679108607446133, 0.14028773119235188, 7.264610069777344e-07, 7.260169738790378e-07, 7.259951579913008e-07,
88, 0.7229231577969712, 0.1367892844103903, 0.14028615887800364, 4.644754945827235e-07, 4.671838665402407e-07, 4.671779385323505e-07,
89, 0.7229284636730925, 0.13678652029587723, 0.14028361377600262, 4.658569053427311e-07, 4.6815583586685093e-07, 4.6817092128114654e-07,
90, 0.7229346947106355, 0.1367827586538208, 0.14028006392898248, 8.266116384557226e-07, 8.279902118151408e-07, 8.280323740416602e-07,
91, 0.7229418131844566, 0.13677742001084803, 0.1402749291925688, 1.9502629986434126e-06, 1.943568577360205e-06, 1.9437131197646285e-06,
92, 0.7229495787450022, 0.1367748369788695, 0.1402725597520643, 1.012167545104237e-06, 1.006113864050407e-06, 1.0061741423411165e-06,
93, 0.7229532877313396, 0.13677316187024383, 0.14027110866389692, 8.176990885293008e-07, 8.119354484811022e-07, 8.120316291213852e-07,
94, 0.7229583075335047, 0.1367712196679555, 0.14026938307209552, 3.6527122522114176e-07, 3.621626294159853e-07, 3.622260252085873e-07,
95, 0.7229523303586317, 0.13676564678902492, 0.1402640060859139, 6.017542472708812e-06, 5.999346768024784e-06, 5.9998121305587795e-06,
96, 0.7229476390460697, 0.13676059996645717, 0.14025915873822162, 1.0872836031410794e-05, 1.0864195799424949e-05, 1.086515206358258e-05,
97, 0.7229458337879289, 0.136759852716483, 0.14025864257204615, 1.1870509695270338e-05, 1.1899806261894592e-05, 1.1900540257208268e-05,
98, 0.7229474768550428, 0.13675882808280662, 0.14025784979872608, 1.1920821806465052e-05, 1.1961925002566584e-05, 1.1962447414076723e-05,
99, 0.7229537211700938, 0.13675850165856254, 0.1402577724644867, 9.997415360168736e-06, 1.000339958896064e-05, 1.0003822444031967e-05,
100, 0.7229673037442294, 0.1367645001622775, 0.14026411737339456, 1.3635183429819378e-06, 1.3574745203073252e-06, 1.3576542419827232e-06,
101, 0.7229685627932141, 0.13676469214415543, 0.14026452515796772, 7.431968753074534e-07, 7.382658208439372e-07, 7.383722254932595e-07,
102, 0.7229657583257489, 0.13676652184786325, 0.14026659221746274, 3.7766205337098316e-07, 3.7492615132400423e-07, 3.7495190872663695e-07,
103, 0.7229625335912655, 0.1367680742466325, 0.14026838147994455, 3.3819421356295914e-07, 3.3619601091738463e-07, 3.3622504438891323e-07,
104, 0.7229566056511297, 0.1367702478763302, 0.14027080018485824, 7.832641161779282e-07, 7.814707472892192e-07, 7.814871283246621e-07,
105, 0.7229523749385782, 0.1367727853381673, 0.14027358410999358, 4.173054308407166e-07, 4.1911873627986596e-07, 4.19123818144226e-07,
106, 0.7229494070931616, 0.13677422511866003, 0.14027525510040553, 3.686060739208161e-07, 3.720090647720265e-07, 3.7200782961824794e-07,
107, 0.7229478596220322, 0.13677474899659986, 0.14027600206667104, 4.6044559170058864e-07, 4.6439956386697015e-07, 4.644037605707802e-07,
108, 0.7229471084300072, 0.1367743039590155, 0.14027577103785488, 9.341993449076645e-07, 9.411555597359047e-07, 9.411499269308231e-07,
109, 0.7229492243345594, 0.13677394160136103, 0.14027562965930548, 4.0038516611845183e-07, 4.0197445917859877e-07, 4.0197813662434784e-07,
110, 0.7229482881656007, 0.13676993240113675, 0.14027181162124, 3.332049693371433e-06, 3.3178158512308413e-06, 3.3178805385500098e-06,
111, 0.7229401338251293, 0.136766183688889, 0.14026828144512404, 8.45626020641162e-06, 8.472073355792475e-06, 8.472644024968164e-06,
112, 0.7229358395702462, 0.1367625913504579, 0.14026491203190836, 1.2203090779651676e-05, 1.2226436583011596e-05, 1.2227452996814483e-05,
113, 0.7229339704768284, 0.13675837434259192, 0.14026091209335148, 1.5578718194720718e-05, 1.5581459329403914e-05, 1.5582841463062417e-05,
114, 0.7229366967091377, 0.13675879422867332, 0.1402615800574139, 1.430015570719936e-05, 1.4313890866728177e-05, 1.4314890037848934e-05,
115, 0.722948254329744, 0.13676189107448838, 0.14026498205775692, 8.299115407737438e-06, 8.286410909506045e-06, 8.286942643689519e-06,
116, 0.7229592508482972, 0.13676739289850906, 0.14027082960021095, 8.449286433600254e-07, 8.407720342806013e-07, 8.408824929944544e-07,
117, 0.7229605418812377, 0.13676783485610924, 0.14027149969558803, 4.13987906914435e-08, 4.104507624303126e-08, 4.1053281116543836e-08,
118, 0.7229586973628093, 0.1367681913358331, 0.1402720693830994, 3.4837683259876256e-07, 3.467163263897524e-07, 3.467523520074233e-07,
119, 0.722958336874979, 0.13676854487988063, 0.14027262972712784, 1.633859836920693e-07, 1.6252025280817858e-07, 1.6253919124101079e-07,
120, 0.7229559191478024, 0.13676972301452914, 0.14027402201478734, 1.1223065885267339e-07, 1.1175298552408747e-07, 1.1176421283054677e-07,
121, 0.7229516442486165, 0.13677184749975196, 0.1402763646712205, 4.782368553679188e-08, 4.7838955066927605e-08, 4.784308286160649e-08,
122, 0.7229474368911667, 0.1367726395095212, 0.1402773606220748, 8.559987052758996e-07, 8.534217510004035e-07, 8.534828412878086e-07,
123, 0.722943094689141, 0.13677591118027405, 0.14028086561436562, 4.277027730081932e-08, 4.283514062596752e-08, 4.2838135808708355e-08,
124, 0.722939092695264, 0.13677777882140882, 0.14028294209171588, 6.199102359188713e-08, 6.216250659364969e-08, 6.216402083516339e-08,
125, 0.7229371002213548, 0.13677861407540937, 0.14028397102624107, 1.051830939885987e-07, 1.0470721591272816e-07, 1.0471504047059829e-07,
126, 0.7229333015635019, 0.1367803945403301, 0.14028595564335905, 1.1681086462084887e-07, 1.1568149568526986e-07, 1.1568551442776251e-07,
127, 0.7229231615420615, 0.1367831721014953, 0.1402889680042332, 1.5682708839439922e-06, 1.5649290558745053e-06, 1.565077383434902e-06,
128, 0.7229140551125436, 0.13678575837117563, 0.1402917810849846, 2.799272087371852e-06, 2.8029677206932765e-06, 2.8031166378277867e-06,
129, 0.7229128648867467, 0.13679011570675692, 0.14029639064998645, 2.0963130426271394e-07, 2.095134313753321e-07, 2.095389438251401e-07,
130, 0.7229050260014632, 0.13679290901837243, 0.14029939239594472, 8.894005847881872e-07, 8.915364162712122e-07, 8.915731950941298e-07,
131, 0.7229002173132831, 0.13679631870432965, 0.1403030249795118, 1.46493826513555e-07, 1.4621089224653584e-07, 1.4622727699580849e-07,
132, 0.7228951576037029, 0.13679879248609622, 0.14030570123875116, 1.1614712889691508e-07, 1.1621993633217796e-07, 1.162301461874161e-07,
133, 0.7228909656204286, 0.1368002413581909, 0.1403073395493357, 4.85689527297961e-07, 4.838322808169616e-07, 4.838762121879902e-07,
134, 0.7228882409202072, 0.1368014844663679, 0.14030876599919823, 5.036089377414027e-07, 5.024546745229177e-07, 5.02477085468793e-07,
135, 0.7228824478946931, 0.13680343766384592, 0.140310904713977, 1.0684130308249902e-06, 1.0706064041495785e-06, 1.0706369274598218e-06,
136, 0.7228797840096344, 0.1368058292299068, 0.14031349305068536, 2.9804071224546155e-07, 2.977828540948392e-07, 2.978111100791425e-07,
137, 0.7228765400297343, 0.13680710196774595, 0.14031494041244835, 4.720167811095444e-07, 4.727340689721298e-07, 4.727626941802631e-07,
138, 0.7228747845682575, 0.1368080512756215, 0.1403160653661536, 3.6715670516578047e-07, 3.6575473463989985e-07, 3.6579899681463655e-07,
139, 0.7228705339036988, 0.13681004773242209, 0.14031825406813084, 3.8924834118673814e-07, 3.8746303506243904e-07, 3.875071724567422e-07,
140, 0.72286781694892, 0.1368118534357078, 0.14032024532769055, 2.81187520493062e-08, 2.8043724452256395e-08, 2.8047278548960702e-08,
141, 0.7228625144395723, 0.1368138338296396, 0.14032240346700073, 4.142271728219304e-07, 4.169806353249162e-07, 4.1697782816167215e-07,
142, 0.7228602468812602, 0.1368152815191581, 0.140324019889583, 1.4981055634259113e-07, 1.5091046481740202e-07, 1.509124745679837e-07,
143, 0.7228586975024418, 0.13681562030223804, 0.14032451247347058, 3.88609103124038e-07, 3.905193886829362e-07, 3.905140933617636e-07,
144, 0.7228584145735327, 0.13681497926481875, 0.1403240186495887, 8.636202595556732e-07, 8.619120639316783e-07, 8.619048080861379e-07,
145, 0.7228594963798533, 0.1368147022803478, 0.14032389750745475, 6.359484195077687e-07, 6.338853890619107e-07, 6.339199773991358e-07,
146, 0.7228577736421895, 0.13681565686366876, 0.14032502554338747, 5.147782615833405e-07, 5.145390692270468e-07, 5.145556353556948e-07,
147, 0.7228568468746279, 0.13681561886628027, 0.1403251534674657, 7.952629370901598e-07, 7.927263063399512e-07, 7.927243058670666e-07,
148, 0.7228536405606685, 0.13681796267500967, 0.1403277000490466, 2.3330689244705157e-07, 2.3165241881878596e-07, 2.3167403841060893e-07,
149, 0.7228496292636768, 0.13681945261261474, 0.1403293758453176, 5.163277951802852e-07, 5.129127743553778e-07, 5.129576942130648e-07,
150, 0.7228417124444552, 0.136822760957534, 0.14033289955087136, 8.786164368446004e-07, 8.74167251792118e-07, 8.741832085850639e-07,
151, 0.7228335343769702, 0.13682473495278843, 0.1403350760323174, 2.2316940091413024e-06, 2.211461644396343e-06, 2.2114004825197652e-06,
152, 0.7228270626956015, 0.1368288694080923, 0.14033945081280325, 1.5474991986693767e-06, 1.5347600114368843e-06, 1.5347422423753603e-06,
153, 0.7228217459539755, 0.13683347269900178, 0.1403442993888693, 1.6116750927865446e-07, 1.6034946058913077e-07, 1.6035562876695113e-07,
154, 0.7228150835385548, 0.13683584504017532, 0.1403468806793554, 7.324997097503854e-07, 7.290631535006257e-07, 7.29096182610057e-07,
155, 0.7228070833252591, 0.13684027026074078, 0.14035154694432866, 3.6827737508749e-07, 3.6552465393303236e-07, 3.6558603458427813e-07,
156, 0.7227976416843195, 0.13684342656879075, 0.1403549246553246, 1.3393289769429475e-06, 1.3337424505990042e-06, 1.3339382268981465e-06,
157, 0.7227823312308271, 0.1368481138304885, 0.1403598655316237, 3.2310907163139016e-06, 3.2289563791561604e-06, 3.2292751629042e-06,
158, 0.7227743626834948, 0.13685428063096491, 0.140366304627905, 1.6896003261377252e-06, 1.681051098105623e-06, 1.6813209003723088e-06,
159, 0.7227609729371197, 0.13685962717020547, 0.14037190200597074, 2.507465183908331e-06, 2.4950251372071346e-06, 2.495314862717032e-06,
160, 0.7227483146376943, 0.13686809925223783, 0.1403806560314521, 9.801515380137803e-07, 9.748891789132363e-07, 9.749514505037087e-07,
161, 0.7227313173863034, 0.1368773283511374, 0.14039018290022562, 3.9084621975179895e-07, 3.9020084289589777e-07, 3.9023149335435897e-07,
162, 0.7227141886661596, 0.13688546643993146, 0.1403986067690226, 5.806383296289854e-07, 5.786776248230521e-07, 5.787270874866722e-07,
163, 0.7226990518961312, 0.13689372375409486, 0.14040714426716036, 2.6784989589298577e-08, 2.660795947760247e-08, 2.661151879912786e-08,
164, 0.7226812000705191, 0.13690221473550043, 0.1404159069769784, 2.266230333804443e-07, 2.2575477669672796e-07, 2.2576242824934982e-07,
165, 0.7226602333793793, 0.13691203858296572, 0.1404260153728978, 5.716987729781633e-07, 5.704277451234534e-07, 5.704636183468647e-07,
166, 0.7226344648952804, 0.13692444357366113, 0.14043875200554984, 7.787160632414701e-07, 7.803635258665055e-07, 7.803690422333984e-07,
167, 0.7226096194050535, 0.136935268667079, 0.14044988908738368, 1.7405930559956178e-06, 1.7411056503714954e-06, 1.74106214408561e-06,
168, 0.7225861514247198, 0.13694659858799058, 0.14046154470739244, 1.8969973412935856e-06, 1.9041183580435328e-06, 1.9040854449122012e-06,
169, 0.7225664639935386, 0.13695807288362577, 0.14047335321118062, 7.036871497302554e-07, 7.030698365418602e-07, 7.030768552152749e-07,
170, 0.7225428647127166, 0.1369701207893431, 0.1404857319862787, 4.285992967973608e-07, 4.268985948060163e-07, 4.269335942667811e-07,
171, 0.7225140581158083, 0.13698487911458207, 0.14050087106948503, 6.415743062236167e-08, 6.372457529013011e-08, 6.373458444785552e-08,
172, 0.7224794442598412, 0.13699989067330004, 0.1405162583220835, 1.4712329599225318e-06, 1.4676604100322606e-06, 1.4677673419183006e-06,
173, 0.7224442887448942, 0.13701862426644104, 0.14053540583687962, 5.595761503426464e-07, 5.607332129580234e-07, 5.607581931759213e-07,
174, 0.7224097000815207, 0.13703545288416802, 0.1405526231210239, 7.403777416858737e-07, 7.417195576938064e-07, 7.417333852664618e-07,
175, 0.722372826494002, 0.13704950791949755, 0.14056702535854193, 3.552449188621343e-06, 3.5438445656744966e-06, 3.543855125042801e-06,
176, 0.722338134981751, 0.13706417095947468, 0.14058204302766025, 5.220005993758781e-06, 5.2154826686608345e-06, 5.215465230425452e-06,
177, 0.7223055067461132, 0.13707938684462354, 0.14059761601281698, 5.820881106493798e-06, 5.83474622669056e-06, 5.834693947599561e-06,
178, 0.7222683644263449, 0.13709166878705062, 0.14061022187979766, 9.913995037292511e-06, 9.915380204433435e-06, 9.915458734121936e-06,
179, 0.7222348188110789, 0.13710461245881247, 0.14062349319912093, 1.2349671056924956e-05, 1.236278297122454e-05, 1.2363000062877893e-05,
180, 0.7221866042764009, 0.13711445114920517, 0.14063362665065765, 2.1713519830034026e-05, 2.180188305597697e-05, 2.1802443901867313e-05,
181, 0.7221654599082997, 0.13712975858423687, 0.14064929097179643, 1.843764050383114e-05, 1.8526029402343853e-05, 1.8526789668477518e-05,
182, 0.7221531969253098, 0.1371503969819869, 0.14067038820629924, 8.646710143029613e-06, 8.685200693657572e-06, 8.685901316966917e-06,
183, 0.7221347394228066, 0.1371626259462646, 0.1406829288367312, 6.564091299736191e-06, 6.570467691372941e-06, 6.571160716560451e-06,
184, 0.7221172446341587, 0.13718037455948182, 0.14070105708275765, 4.4296005271447633e-07, 4.4033658122938856e-07, 4.4035326206994e-07,
185, 0.7220889567994997, 0.1371946266885465, 0.140715635164521, 2.5976258762402665e-07, 2.6075562512450953e-07, 2.6075594177330816e-07,
186, 0.722063159445561, 0.1372076610012684, 0.1407289767359167, 6.723967725917736e-08, 6.77543490305635e-08, 6.775314573328466e-08,
187, 0.7220397484852138, 0.13721911270368023, 0.140740712161139, 1.418882713065243e-07, 1.4234288164430568e-07, 1.4234785258972116e-07,
188, 0.7220184234191548, 0.13722970875733384, 0.14075158387976405, 9.48629295327506e-08, 9.450075918054431e-08, 9.451050934447391e-08,
189, 0.7219979487312016, 0.13723962668213485, 0.14076176134009985, 2.2180855414926816e-07, 2.206711356004164e-07, 2.2069578384886565e-07,
190, 0.7219756532817525, 0.1372487052091844, 0.14077108534614766, 1.521483589665423e-06, 1.517261049546117e-06, 1.5173480740228944e-06,
191, 0.7219543704589343, 0.13725733479588142, 0.14077995039543942, 2.7807603280621737e-06, 2.7817738583844043e-06, 2.7817407664433763e-06,
192, 0.7219300240336175, 0.13726919244569788, 0.1407920995710519, 2.884565200446021e-06, 2.8996841993967535e-06, 2.8996266291525367e-06,
193, 0.7219096967764965, 0.13728129258537178, 0.14080450213848766, 1.4958828668169712e-06, 1.5062715291534335e-06, 1.5062712832426711e-06,
194, 0.7218904334902903, 0.13729111289785148, 0.14081459076134678, 1.2831401088898046e-06, 1.2897993302430057e-06, 1.2898381480764867e-06,
195, 0.7218711856451497, 0.1372993594295805, 0.14082308793460613, 2.1213732117789675e-06, 2.1227309829914846e-06, 2.1228134926289144e-06,
196, 0.7217166273761715, 0.1372808922801871, 0.14080466552386323, 6.584068102948406e-05, 6.598871270511605e-05, 6.598535381711837e-05,
197, 0.7216851397243691, 0.1372939295996389, 0.14081803805785575, 6.744611451305002e-05, 6.77248784774611e-05, 6.772154986205277e-05,
198, 0.7217287845605745, 0.13736421264039841, 0.14088966494760968, 5.757872229508822e-06, 5.790032952714301e-06, 5.789875324667685e-06,
199, 0.7217119061978259, 0.13737461302589712, 0.14090033548729344, 4.372663523673822e-06, 4.3863265268594646e-06, 4.386228912001226e-06,
200, 0.721692034418073, 0.13738866351556336, 0.140914717016809, 1.5216662796139546e-06, 1.5316785602084345e-06, 1.531629832110197e-06,
201, 0.7216728954150992, 0.13739971629301903, 0.14092605334476987, 4.4480830867999363e-07, 4.450418771696799e-07, 4.450197435634672e-07,
202, 0.7216504610121641, 0.13741115777216475, 0.1409377842162238, 1.9963770712431834e-07, 1.9864681340977278e-07, 1.9863902955855535e-07,
203, 0.7216187712530874, 0.13742439812586962, 0.1409513589631269, 1.82010152487061e-06, 1.8257123316635246e-06, 1.8257671815131281e-06,
204, 0.7215917074246998, 0.13743696864991195, 0.1409642473524573, 2.355457485571732e-06, 2.3604790652350396e-06, 2.360559862606656e-06,
205, 0.7215689329394471, 0.13744894784395081, 0.14097652980237418, 1.8652498244004425e-06, 1.8620099700806438e-06, 1.862078202166893e-06,
206, 0.7215442015599157, 0.13746342339465986, 0.14099135262050175, 3.4262413079959914e-07, 3.3983657561587577e-07, 3.3988753672047555e-07,
207, 0.7215081733107016, 0.1374761210412806, 0.14100436261208849, 3.794437165483818e-06, 3.774113009443973e-06, 3.774412959497615e-06,
208, 0.721475329783884, 0.13748935307372362, 0.1410179091007099, 5.819992406825165e-06, 5.793694126622073e-06, 5.794287240620225e-06,
209, 0.721442810619066, 0.13750667615368728, 0.1410355851654509, 4.983631796846336e-06, 4.971959415691124e-06, 4.972399056619444e-06,
210, 0.7214141089198752, 0.1375231337054099, 0.1410523800552591, 3.4685345427630865e-06, 3.4542333700984685e-06, 3.4544801132183383e-06,
211, 0.7213870430648386, 0.13753992990812883, 0.14106951199037063, 1.175010077172637e-06, 1.1699316905710986e-06, 1.1700246973311945e-06,
212, 0.7213532191453831, 0.1375511832003557, 0.14108101804376852, 4.880876982734142e-06, 4.849201532478497e-06, 4.849459258215792e-06,
213, 0.7213176301348411, 0.1375650927840267, 0.14109522305921285, 7.380456050909606e-06, 7.336527187110804e-06, 7.3369641512944705e-06,
214, 0.7212841517912071, 0.13758416208834842, 0.14111465808168783, 5.697018708245388e-06, 5.665401925815678e-06, 5.665545384726793e-06,
215, 0.7212482149127932, 0.13760769028381767, 0.1411386311969572, 1.8238911898220022e-06, 1.8197924892332099e-06, 1.819848708373797e-06,
216, 0.7212093360355118, 0.1376247574879241, 0.14115604301813728, 3.29831667818618e-06, 3.282442892122791e-06, 3.282626795734499e-06,
217, 0.721171048567908, 0.13764115211704941, 0.14117276996086914, 5.022326093128766e-06, 5.00346303905741e-06, 5.003494436708043e-06,
218, 0.7211417175177061, 0.13766203971440552, 0.14119406461728864, 7.25728990517753e-07, 7.261631183876562e-07, 7.261872450232101e-07,
219, 0.7211117744612814, 0.1376774485729244, 0.1412097892990988, 3.2844699192353516e-07, 3.295685985329725e-07, 3.295827364739776e-07,
220, 0.7210841026995637, 0.13769147251870478, 0.14122411302069965, 1.0355619970518963e-07, 1.0406125330446516e-07, 1.0407460394440044e-07,
221, 0.7210556176419476, 0.13770350599781886, 0.14123641683734264, 1.485035773978653e-06, 1.487096942102509e-06, 1.4873245615328006e-06,
222, 0.7209373578475821, 0.13769792661115798, 0.141230949829837, 4.4650050539142764e-05, 4.4554416653806746e-05, 4.456117945552458e-05,
223, 0.7203427089532882, 0.13761528914020413, 0.14114776767408685, 0.00029780829449169437, 0.00029819903701507506, 0.0002982268366501576,
224, 0.7202885060803965, 0.13762581818102335, 0.14115859108014198, 0.000309152170971067, 0.0003089487481749473, 0.0003089836730717483,
225, 0.7202850676360011, 0.13766305750402621, 0.14119651983812198, 0.0002854050650403518, 0.00028495404250664086, 0.0002849958500325154,
226, 0.720272540464651, 0.1376904750810618, 0.14122446098698382, 0.000271002553555743, 0.0002707399778525379, 0.00027078087081285594,
227, 0.7202747954535571, 0.1377252436043155, 0.14125988401544598, 0.0002472000174069788, 0.00024641717430568867, 0.0002464596713734363,
228, 0.7202998420216312, 0.1377893276111952, 0.14132503860419415, 0.000195839635424407, 0.0001949588937725288, 0.0001949931713930984,
229, 0.720391073776597, 0.13794172352805714, 0.141479866746342, 6.271995851393158e-05, 6.230331237375793e-05, 6.231261506299969e-05,
230, 0.7203999208263941, 0.1379962563479784, 0.14153531081766402, 2.2939022253243985e-05, 2.2784207791119744e-05, 2.2788715394384675e-05,
231, 0.7203751038903978, 0.13801763094709868, 0.14155706740598886, 1.6770424966903122e-05, 1.6712183304034917e-05, 1.6715085477941326e-05,
232, 0.7203583815713013, 0.13804472042983124, 0.14158463918639966, 4.087133571232082e-06, 4.085479192648338e-06, 4.08613435889256e-06,
233, 0.7203364954816212, 0.13806136522390236, 0.14160160090878324, 1.7986001896341785e-07, 1.7920988321706201e-07, 1.7925074472076884e-07,
234, 0.7203078831062489, 0.13807487475284572, 0.14161536335764435, 6.261143648547595e-07, 6.262763587633747e-07, 6.263278217950864e-07,
235, 0.720281037547217, 0.1380881136555077, 0.14162885882291698, 6.653108151473786e-07, 6.622627916280688e-07, 6.623352420323993e-07,
236, 0.7202562645610232, 0.13810095592809665, 0.14164194683811207, 2.7944454177639117e-07, 2.7656754884795377e-07, 2.7659653857265337e-07,
237, 0.7202299656193658, 0.13811272056236973, 0.1416539381981324, 1.1323605481881067e-06, 1.1216096026744198e-06, 1.121587570173789e-06,
238, 0.7202043571190866, 0.13812685419678564, 0.1416683432988047, 1.4941259791664324e-07, 1.479510829340756e-07, 1.4796192616312124e-07,
239, 0.7201786097290422, 0.13813971555480656, 0.14168145189479578, 7.456874156489416e-08, 7.409271068954782e-08, 7.409968933025012e-08,
240, 0.7201537311440696, 0.13815191595058693, 0.14169388513030895, 1.5629237206459312e-07, 1.5571140360119592e-07, 1.5571263455577215e-07,
241, 0.720129268907971, 0.13816419087442666, 0.1417063909813137, 4.987660662316221e-08, 4.965264080889402e-08, 4.965100597150567e-08,
242, 0.7201016581143589, 0.13817762518762383, 0.14172007453849006, 2.1433797091249694e-07, 2.1388480343419665e-07, 2.1387994913564495e-07,
243, 0.7200705817082755, 0.1381924475740227, 0.14173516839657496, 5.997815834534504e-07, 6.012389740309449e-07, 6.012472813109101e-07,
244, 0.720043894957356, 0.1382065290115083, 0.14174950597415356, 2.336678156823187e-08, 2.3317087737602628e-08, 2.3318972324164657e-08,
245, 0.720014083523725, 0.13822130607584823, 0.14176453287978327, 2.587908299740728e-08, 2.5791586280691754e-08, 2.5794489881151053e-08,
246, 0.7199799086668576, 0.1382372193027957, 0.14178069620061687, 7.253473549878161e-07, 7.251865816813459e-07, 7.252427231363379e-07,
247, 0.719946665431647, 0.13825145635857378, 0.14179516259977, 2.2454239713733738e-06, 2.2349392317820317e-06, 2.2351941022172286e-06,
248, 0.7199122622423498, 0.1382696233981522, 0.14181360492647527, 1.5090367312044016e-06, 1.5000742447813157e-06, 1.5002700181782294e-06,
249, 0.7198703475326342, 0.13829078921672572, 0.14183509072544498, 1.260560452682804e-06, 1.2559156856718601e-06, 1.255999432940914e-06,
250, 0.7198215445467766, 0.13831386834597864, 0.14185852608187127, 2.017758447054614e-06, 2.0215431214553773e-06, 2.0216724662571595e-06,
251, 0.7197721281171042, 0.13833462951093697, 0.14187961630097792, 4.546472243375511e-06, 4.539540795585414e-06, 4.540005725086866e-06,
252, 0.7197220855117776, 0.13836025356016374, 0.14190560603685862, 4.017651270079238e-06, 4.01840377728724e-06, 4.018782892029195e-06,
253, 0.7196774955313229, 0.1383853443071431, 0.14193106373701653, 2.035591385871912e-06, 2.030260590055959e-06, 2.030518626825658e-06,
254, 0.7196352210534303, 0.13840910595835035, 0.14195517045605235, 1.6749880137331662e-07, 1.6748016388311335e-07, 1.6749628993421222e-07,
255, 0.7195935258058394, 0.13842902083948766, 0.1419753773085152, 6.932854427163476e-07, 6.913575000255295e-07, 6.913468090085116e-07,
256, 0.7195486623818897, 0.13845218898107167, 0.14199889081827483, 8.572364053080875e-08, 8.601659564111737e-08, 8.601832476639128e-08,
257, 0.7195050817957885, 0.13847285653620897, 0.14201986890444743, 7.290921729753238e-07, 7.318031053705126e-07, 7.318091669108791e-07,
258, 0.7194673167015874, 0.13849233859196922, 0.1420396490199697, 2.3150860665203224e-07, 2.320540288229093e-07, 2.3206686056985225e-07,
259, 0.7194293172083148, 0.13851068960083626, 0.14205827641361005, 5.688408229572178e-07, 5.739461058726026e-07, 5.739334391563028e-07,
260, 0.7193933815081447, 0.1385275147711706, 0.1420753610244329, 1.2416974755825602e-06, 1.2504809744587032e-06, 1.2504594804050225e-06,
261, 0.719361794807811, 0.13854424504084561, 0.1420923571740884, 5.335201187925058e-07, 5.347030222624905e-07, 5.346981952766808e-07,
262, 0.7193301365297409, 0.1385603229420651, 0.14210869012056979, 2.822350999927345e-07, 2.840626441826968e-07, 2.8405626528393187e-07,
263, 0.7193011665150308, 0.138575032229794, 0.14212364194441587, 5.3003071431729756e-08, 5.312448014199039e-08, 5.312895061440871e-08,
264, 0.7192665310723719, 0.13859013992634442, 0.14213898463959565, 1.4422301331333108e-06, 1.4510245165246238e-06, 1.4510541699809726e-06,
265, 0.7192368206233946, 0.13860420428381842, 0.14215326921370397, 1.8983670657892066e-06, 1.9036827575188144e-06, 1.9037757638576191e-06,
266, 0.7192105219813488, 0.13861778235209335, 0.14216706304289653, 1.5472907299363605e-06, 1.5425829287600195e-06, 1.5426977075846477e-06,
267, 0.7191741750738796, 0.1386285519256325, 0.14217800919864795, 6.435771350396853e-06, 6.414006344348592e-06, 6.413972370316695e-06,
268, 0.7191490891317112, 0.1386492604296215, 0.14219902399063472, 8.800337532139813e-07, 8.731441080397956e-07, 8.732170578488629e-07,
269, 0.7191208231741906, 0.13866396465665873, 0.14221394601675083, 4.2504351188025276e-07, 4.205086682875513e-07, 4.205486439927271e-07,
270, 0.7190899581028523, 0.13867730299047806, 0.1422274799526321, 1.7611868586024585e-06, 1.748871088415651e-06, 1.7488472031111029e-06,
271, 0.7190506026744745, 0.13869467936647992, 0.1422451172399431, 3.200760336481061e-06, 3.1999421353602077e-06, 3.199969025587502e-06,
272, 0.7190204444161525, 0.13871423970274205, 0.14226497484896417, 1.1345198277556902e-07, 1.1376646023718195e-07, 1.1377007625179518e-07,
273, 0.7189904964802908, 0.1387292481400453, 0.14228021615229575, 1.3085117499925318e-08, 1.3049513209466486e-08, 1.305055222909813e-08,
274, 0.7189576295396696, 0.13874551874204258, 0.14229672014799527, 4.384301390995078e-08, 4.3840393045625076e-08, 4.3843245458402035e-08,
275, 0.7189253729144007, 0.1387602282617938, 0.14231164234027796, 9.220357778809652e-07, 9.17170279521342e-07, 9.172331379805724e-07,
276, 0.7188956215964044, 0.13877502651426227, 0.1423266462328416, 9.057140015685416e-07, 8.999361575487236e-07, 8.999605634841746e-07,
277, 0.7188646702569272, 0.13878935118840766, 0.1423411766567823, 1.6062511802035858e-06, 1.5977623282835626e-06, 1.5978404684177529e-06,
278, 0.7188359156836788, 0.13880343892021588, 0.14235546389381623, 1.73136862826262e-06, 1.7250459073336823e-06, 1.7250418455737349e-06,
279, 0.7188094448552257, 0.13881826704142602, 0.14237050656001476, 5.927619189596053e-07, 5.943719309799227e-07, 5.943631824836657e-07,
280, 0.7187849609397924, 0.13883119890163448, 0.14238362862574608, 7.055988006785743e-08, 7.046463305676077e-08, 7.046210185762072e-08,
281, 0.718756921144499, 0.13884518793599612, 0.14239782168836573, 2.309232513406434e-08, 2.3043862424279647e-08, 2.3045881536885926e-08,
282, 0.7187250845036471, 0.13885998614593378, 0.14241282080258544, 7.012222982414147e-07, 7.036315679613436e-07, 7.036474033723304e-07,
283, 0.7186975191189972, 0.13887405562326977, 0.1424270867223348, 4.458118559169771e-07, 4.4632479815267084e-07, 4.4635223309556567e-07,
