Optimize time:1.865363793373108
Begin Prob:-27493.864349965996
End Prob:-26718.59919735082
Substitution parameters back:[0.27533207072124893, 0.19426734348465668, 0.21105746823148508, 0.3193431175626093, 3.084837798689941]
Substitution parameters hot:[0.16112289442469319, 0.3437156903864278, 0.34355915255563146, 0.15160226263324764, 3.820362705471169]
Transition parameters:[0.6000358858748864, 0.001053034926915746, 0.001066040854390544]
hscale parameters:5.837920951297279
Trees:
(2:675.6817384394643,(1:675.6817384394643,(3:555.3166399996732,4:546.2819316050142):675.6817817947781):544.3322755863761);
(2:547.5798557533888,(4:598.3733878137062,(1:545.0167014395,3:577.0466605218182):675.6817817947781):651.096628043627);
((2:689.3653041739243,3:608.6562905282317):651.6977301314554,(1:538.6393969581045,4:675.6817384394643):646.0443098110292);
(2:3944.5765772447166,(1:3944.5765772447166,(3:3241.8946472581006,4:3189.1507338320594):3944.576830349611):3177.768796113029);
(2:3196.72791241105,(4:3493.2565374163673,(1:3181.764420140591,3:3368.752789336451):3944.576830349611):3801.0506461749014);
((2:4024.460152334374,3:3553.287310613647):3804.559832647303,(1:3144.53422069585,4:3944.5765772447166):3771.5556117121973);

Position, Posteriors1, Posteriors2, Posteriors3, Posteriors4, Posteriors5, Posteriors6,
0, 0.3330809249454944, 0.3351742601309935, 0.3277156265461784, 0.0013431178992220796, 0.001343916973749692, 0.0013421538947692888,
1, 0.3426826400435659, 0.3331393456950588, 0.32092794909771205, 0.0010836291326476349, 0.0010830244548359718, 0.0010834119679533738,
2, 0.34042359066361866, 0.3312972132255423, 0.32519580824267313, 0.0010288206767726875, 0.0010275136312523079, 0.0010270539504594089,
3, 0.3320090880133372, 0.33247827292650994, 0.3324747228069227, 0.0010120278011358998, 0.001012781474364563, 0.0010131073693022406,
4, 0.34510995818533013, 0.3285061519569082, 0.32355077602283905, 0.0009447541208413777, 0.000944182441612941, 0.0009441776640351128,
5, 0.35410292552276057, 0.32607194829677133, 0.3177310177014895, 0.0006985023044024944, 0.0006981422020940451, 0.0006974643617557028,
6, 0.3521206178613358, 0.32714836438168793, 0.31880413992580964, 0.0006419952142763679, 0.0006419295099466083, 0.0006429534942065963,
7, 0.3412851807487152, 0.3323791674542005, 0.32440226813283285, 0.000644799754597596, 0.0006450598769634015, 0.0006435244184688051,
8, 0.34595279818910807, 0.3303189320548823, 0.32189821516711375, 0.0006096436735669842, 0.0006095220938613533, 0.0006108892081379057,
9, 0.35051461387677707, 0.32653387024729613, 0.3215449608596541, 0.0004687791597799934, 0.0004692553673303288, 0.00046852087343063944,
10, 0.3466430695806879, 0.32467405252945797, 0.32767062316900647, 0.0003374140682263467, 0.0003370856915114932, 0.0003377553441308078,
11, 0.3292148642333882, 0.3241380536491792, 0.3457141401477488, 0.00031121730185519457, 0.0003112870587848571, 0.000310437992406272,
12, 0.33510945736850656, 0.3261761189200812, 0.3378639287446021, 0.0002833318339538295, 0.00028327711534039643, 0.0002838863978017432,
13, 0.3431207532794198, 0.32734674562432037, 0.3289896219958707, 0.00018087837854069595, 0.0001810835906569645, 0.00018091751187213282,
14, 0.3353500299165402, 0.3308317862505242, 0.33356448450267195, 8.464071699724169e-05, 8.453205006724483e-05, 8.45269469178638e-05,
15, 0.3350446129165629, 0.3305257954492521, 0.33436769036566505, 2.0584998866991078e-05, 2.0622141807332485e-05, 2.06945110755011e-05,
16, 0.3339873979857747, 0.33212416535658157, 0.33387677050224207, 3.897420026871964e-06, 3.887597741486291e-06, 3.881522452889089e-06,
17, 0.33975570011034856, 0.33071268965631245, 0.3295294369604811, 7.236926269422358e-07, 7.246012622523321e-07, 7.253673047647e-07,
18, 0.34924399465197936, 0.3272127322751954, 0.3235415670021558, 5.690830647234276e-07, 5.687965646893125e-07, 5.685781838582869e-07,
19, 0.3444360864595706, 0.3272574808476461, 0.3283032472568721, 1.062802133553425e-06, 1.0618938937468638e-06, 1.0611272304984319e-06,
20, 0.33297428562394604, 0.3268070528772603, 0.34021631386468915, 7.816803897577023e-07, 7.822658039295667e-07, 7.840740757241524e-07,
21, 0.3277320327813907, 0.3258267495139037, 0.34643937566105165, 6.130195526162534e-07, 6.136302461837401e-07, 6.157799930467445e-07,
22, 0.3232959778156432, 0.3237491113991923, 0.3529540803029135, 2.7689663755537274e-07, 2.7689932251010974e-07, 2.7707436709956967e-07,
23, 0.33992367417362496, 0.32605144675166153, 0.33402436617264714, 1.7116013720201828e-07, 1.7104162973295247e-07, 1.7108829832471312e-07,
24, 0.33687945305692024, 0.3305946512733872, 0.3325254920551574, 1.3465310699251035e-07, 1.3464670094907956e-07, 1.3470389163924008e-07,
25, 0.3314715544351308, 0.334217360178273, 0.33430968538378847, 4.669940155906854e-07, 4.6735764206927093e-07, 4.660395807772382e-07,
26, 0.33892249248661044, 0.33172973062107175, 0.3293470750539116, 2.3405976829780564e-07, 2.339876714478418e-07, 2.341820217403561e-07,
27, 0.34169080109836847, 0.3309673245210303, 0.32734133433534024, 1.8013188338285726e-07, 1.801248907453652e-07, 1.8017695929207096e-07,
28, 0.34301313116540344, 0.3311273276471941, 0.325858987438671, 1.847573868037275e-07, 1.8488709291146883e-07, 1.8449168159447614e-07,
29, 0.3456206766684988, 0.3291506246240437, 0.3252278945368023, 2.6802891202600933e-07, 2.681680028221119e-07, 2.6835832446359724e-07,
30, 0.3502670351837789, 0.32649702694734967, 0.32322648353806555, 3.1552467368374174e-06, 3.1508888891505114e-06, 3.148580467546119e-06,
31, 0.33949567758488086, 0.328952781613022, 0.33153375709946914, 5.922594254200824e-06, 5.927018697897553e-06, 5.934477661297946e-06,
32, 0.33444844688881326, 0.33289895422578186, 0.33262863459000835, 7.990350173448855e-06, 7.987471433753599e-06, 7.986861495337429e-06,
33, 0.32920665598420423, 0.3364682040157627, 0.33430302588796396, 7.371315560384016e-06, 7.375996441278491e-06, 7.367188226221196e-06,
34, 0.3279394679144001, 0.33580231860880816, 0.33625417344513225, 1.3479847272217605e-06, 1.3458701857428543e-06, 1.3465645818178185e-06,
35, 0.328056011000932, 0.3354498767066702, 0.3364931568371786, 3.1823409496401517e-07, 3.18555427465732e-07, 3.190518904039984e-07,
36, 0.3237581154823417, 0.33727759151221043, 0.3389633656528511, 3.093706566225593e-07, 3.094985938168779e-07, 3.0886917343252176e-07,
37, 0.32499988708528194, 0.3363698964089452, 0.3386277158519307, 8.338093210113241e-07, 8.336803941419338e-07, 8.335475540509498e-07,
38, 0.3242804120492948, 0.3366656732400398, 0.3390506229691493, 1.0982735919088608e-06, 1.096444255025023e-06, 1.0974081991304095e-06,
39, 0.3215902179678629, 0.3381055879527647, 0.3403009632775281, 1.0773966972083276e-06, 1.0783267556175148e-06, 1.0754625261931698e-06,
40, 0.32244998313426493, 0.3375844301841239, 0.33996358734228876, 6.654762920371757e-07, 6.65769604056879e-07, 6.684806531398203e-07,
41, 0.33350619392674263, 0.33936650675027485, 0.3271236839848219, 1.205533088145949e-06, 1.2059221903146948e-06, 1.20427110984204e-06,
42, 0.32756658002417344, 0.339742987214318, 0.33268742034597093, 1.0044168800810614e-06, 1.004772804446779e-06, 1.00361323956046e-06,
43, 0.324113562076599, 0.3387852067253333, 0.3370999143669475, 4.3886853989287035e-07, 4.3873874616439684e-07, 4.3961182987557157e-07,
44, 0.33045323986102043, 0.33849978668146036, 0.33104495672446, 6.725505058259491e-07, 6.73223659774651e-07, 6.71346015231314e-07,
45, 0.32962055726914385, 0.3367197500876055, 0.3336568592236495, 9.448318493643305e-07, 9.45098500011022e-07, 9.438799815653121e-07,
46, 0.3397006169549423, 0.33162116231749744, 0.32867582490651687, 7.985185810222356e-07, 7.986157803654219e-07, 7.990773644671798e-07,
47, 0.34658028061469764, 0.3280011255538546, 0.3254006465711263, 5.984762918586029e-06, 5.982076368940723e-06, 5.980813229571458e-06,
48, 0.3320821644093927, 0.3317546211721214, 0.33615971004611095, 1.1667803943545335e-06, 1.167777937075339e-06, 1.170206712108923e-06,
49, 0.33561273165925204, 0.33225758371379455, 0.3321291147554145, 1.9016968421379838e-07, 1.9004840188315134e-07, 1.9004684564343564e-07,
50, 0.33228212798156853, 0.33478726878833837, 0.3329289491146579, 5.51441976197006e-07, 5.521492823354744e-07, 5.509158720922394e-07,
51, 0.33561576186092085, 0.33341010850568414, 0.3309726210381464, 5.036537044152545e-07, 5.024853658129856e-07, 5.028458724668273e-07,
52, 0.3276093124571298, 0.33601581535634917, 0.33637367713277766, 3.984512583220462e-07, 3.990607659451773e-07, 3.9792953398537875e-07,
53, 0.32893568714923066, 0.33415420320224115, 0.33690749609304615, 8.718354659627189e-07, 8.709302552743912e-07, 8.711794261337443e-07,
54, 0.3387456396073684, 0.3303237522476086, 0.3309271358028736, 1.1569468631697847e-06, 1.1582202451784896e-06, 1.1575661872818792e-06,
55, 0.3287774320438823, 0.33127920220871726, 0.33994104050246554, 7.744213594713443e-07, 7.74552302101161e-07, 7.766631416495278e-07,
56, 0.3348589799586142, 0.3288064530040726, 0.33633010988601353, 1.4845806002654575e-06, 1.4858968862126283e-06, 1.4870667048267828e-06,
57, 0.34248947868058277, 0.32753641029508324, 0.3299690731949701, 1.682454891247959e-06, 1.6787587543942547e-06, 1.6770083378217107e-06,
58, 0.3448450651036369, 0.32517538948020897, 0.3299760813194407, 1.153909102535586e-06, 1.1545385883133638e-06, 1.1560446759566451e-06,
59, 0.33140720022865583, 0.3243539742129145, 0.344233010323452, 1.9398632895530697e-06, 1.93964697868249e-06, 1.936117852720708e-06,
60, 0.34301482963661833, 0.32597369694483314, 0.3310056304335222, 1.9489856569085563e-06, 1.946966382555984e-06, 1.9474263217045034e-06,
61, 0.33286848280903963, 0.3319814913264364, 0.3351454844811138, 1.5131877331136647e-06, 1.5138317040940588e-06, 1.514757876904776e-06,
62, 0.3323219337751201, 0.33326814901317797, 0.33439904915177204, 3.622551170501389e-06, 3.6232942644408896e-06, 3.622608212939032e-06,
63, 0.3296580199778241, 0.3345035032069379, 0.33582769259557854, 3.596485571041953e-06, 3.5942951090639433e-06, 3.5938309141046995e-06,
64, 0.32926499995628766, 0.3352349183849715, 0.33548871995973006, 3.7867933823259597e-06, 3.787156130221583e-06, 3.7881385545372113e-06,
65, 0.32416590778293813, 0.337657309744599, 0.3381693277694291, 2.485286282902376e-06, 2.4865325818346834e-06, 2.483275557585609e-06,
66, 0.32515436588598945, 0.33557036232030846, 0.33927254459992573, 9.104806470030008e-07, 9.086202727524988e-07, 9.084832828421158e-07,
67, 0.3320169209479872, 0.33246188464422105, 0.335518521574032, 8.896603137823079e-07, 8.907539118195345e-07, 8.928104887936706e-07,
68, 0.3350676386917534, 0.33271695553704356, 0.3322147164018325, 2.3007376746690518e-07, 2.2983633000986433e-07, 2.2985082640856776e-07,
69, 0.33189812708472927, 0.3334042472106561, 0.3346966616726156, 3.216097677751877e-07, 3.219976081267394e-07, 3.2081613528544845e-07,
70, 0.3228068617154262, 0.32801754617491524, 0.34917501850992977, 1.9092846862785907e-07, 1.9097386775181058e-07, 1.9209010307157804e-07,
71, 0.3383664539023719, 0.3330262753178008, 0.3286028694219039, 1.4675852038123352e-06, 1.469054900933156e-06, 1.4651067957839658e-06,
72, 0.3414916737329393, 0.3324966475816695, 0.3259935043563593, 6.056832944831883e-06, 6.057813113144691e-06, 6.0600719721203915e-06,
73, 0.3402874340821602, 0.3314987446801923, 0.3281970152009394, 5.5988577845245184e-06, 5.598790692509254e-06, 5.6087779896848635e-06,
74, 0.3454807330993101, 0.334311588385688, 0.3201944171918934, 4.422392893163853e-06, 4.426454196190656e-06, 4.412866894679838e-06,
75, 0.3446102267431285, 0.33300058424943896, 0.32238135639443527, 2.608964672050785e-06, 2.6089531952016413e-06, 2.6150842218654534e-06,
76, 0.3417825493526375, 0.3317086705393408, 0.32650823052351197, 1.8337909186555245e-07, 1.8337977877513685e-07, 1.8321809848563663e-07,
77, 0.33759128604787275, 0.332008992928403, 0.330399643429521, 2.598741782771223e-08, 2.599034350038682e-08, 2.6008700783048375e-08,
78, 0.34683209152079003, 0.3277968295434185, 0.32537098225416866, 3.240672746039032e-08, 3.233472264659391e-08, 3.232968936197679e-08,
79, 0.33826546463383506, 0.3291248259019392, 0.33260934263858094, 1.2226610910304848e-07, 1.2234201134074284e-07, 1.2260604241032137e-07,
80, 0.331497339994781, 0.33078915765824696, 0.337713101435932, 1.3354038831463388e-07, 1.336845388446287e-07, 1.3407602492870563e-07,
81, 0.3432663522617585, 0.32852705676728844, 0.3282061402843906, 1.5057884526277414e-07, 1.5024773117747284e-07, 1.5025261065124001e-07,
82, 0.3341138268469569, 0.3323648411649635, 0.33351633079653487, 1.6675456611278692e-06, 1.6674925245127593e-06, 1.666544999075107e-06,
83, 0.3246405684213172, 0.3352901175687027, 0.34006366156094475, 1.882912676514184e-06, 1.8836400294812323e-06, 1.8862882914944547e-06,
84, 0.3264108926367587, 0.3354783176213614, 0.3380611181854141, 1.6558566887095716e-05, 1.6556087431608728e-05, 1.6557293470347166e-05,
85, 0.33319190873613236, 0.3335277697666103, 0.33323670960287327, 1.4534565909968414e-05, 1.4539474115081282e-05, 1.4538247161039797e-05,
86, 0.3386600687199441, 0.33176195272159825, 0.32955260419071747, 8.464373440645327e-06, 8.456441479738141e-06, 8.453945402380691e-06,
87, 0.3323797158772001, 0.33354916956993047, 0.33406648723732424, 1.5416003730048287e-06, 1.5425168637035368e-06, 1.5435911409001595e-06,
88, 0.33480748759687184, 0.3322302106186765, 0.3329610785579607, 4.083187098350168e-07, 4.0773542093182373e-07, 4.0756481284704413e-07,
89, 0.3517846718763517, 0.3268037198590006, 0.32141086878256403, 2.465888791726444e-07, 2.4656674501517186e-07, 2.467191906632106e-07,
90, 0.3595212240752028, 0.3246447809035017, 0.3158330436741227, 3.1764484325850754e-07, 3.1714447695301845e-07, 3.169512742933311e-07,
91, 0.36050382278777354, 0.3244159385093898, 0.31507801048178763, 7.420755867408073e-07, 7.432441896794812e-07, 7.432960643724542e-07,
92, 0.36072952484968973, 0.32420169051089776, 0.3150673353502354, 4.839834188131975e-07, 4.827910052311788e-07, 4.829100614256967e-07,
93, 0.35522242145574645, 0.3267071141465879, 0.31805983599302584, 3.543134972141882e-06, 3.543497668184332e-06, 3.5421673626241995e-06,
94, 0.3367032473416218, 0.3337411344770477, 0.32954811233405884, 2.500452504222066e-06, 2.501975336061808e-06, 2.503812734451744e-06,
95, 0.33129202913512956, 0.33757390717747315, 0.3311198057196165, 4.756752483374381e-06, 4.750851543135055e-06, 4.750756533866318e-06,
96, 0.33031250053972877, 0.34329110193353063, 0.326372942692598, 7.817526781776449e-06, 7.819224061973137e-06, 7.818473878463893e-06,
97, 0.32814575771258386, 0.3387646668988985, 0.3330738674496964, 5.233967122655698e-06, 5.2335456485178306e-06, 5.240816779663552e-06,
98, 0.3312671582604261, 0.33561254519185074, 0.3330974303306266, 7.625424467255299e-06, 7.628331535502596e-06, 7.612851476230844e-06,
99, 0.31530173738152106, 0.32760215802399095, 0.35708252432586984, 4.5208133655927495e-06, 4.522147306379203e-06, 4.5376991298416936e-06,
100, 0.3198642450112354, 0.33146518515944307, 0.348667464123008, 1.0360561360161532e-06, 1.0358005507107953e-06, 1.034240642458532e-06,
101, 0.32176380277229394, 0.330549527452428, 0.34768491093723347, 5.854420375318577e-07, 5.859525967279154e-07, 5.878360061886072e-07,
102, 0.3184268471392933, 0.33243909452521064, 0.34913347361433134, 1.9481089130196509e-07, 1.949346592569269e-07, 1.9536667473108416e-07,
103, 0.321644237142144, 0.33222753361170093, 0.3461281267467834, 3.428947364781011e-08, 3.428951119152252e-08, 3.431062335859461e-08,
104, 0.3324521866578657, 0.3269469152583326, 0.34060058229150214, 1.0540530415882683e-07, 1.0537653192982287e-07, 1.0540030986830786e-07,
105, 0.31658581011218234, 0.3245728421166316, 0.3588412289574082, 3.9651153359774764e-08, 3.9691266265627765e-08, 3.9859317608502724e-08,
106, 0.3198233887611739, 0.3298670004672443, 0.35030933948196724, 9.062966954598504e-08, 9.052382644652078e-08, 9.052539857409229e-08,
107, 0.3171074345539027, 0.33030162006565, 0.3525905618927281, 1.2809740081310854e-07, 1.2793230486298943e-07, 1.278487630135026e-07,
108, 0.3128004210905426, 0.32527024119096054, 0.3619286000331465, 2.4565476336901027e-07, 2.458044058289166e-07, 2.4661730404309067e-07,
109, 0.3245382826581872, 0.3288864940731731, 0.346566873046243, 2.779117206242876e-06, 2.7823203907526583e-06, 2.789175223041074e-06,
110, 0.32576735360556425, 0.3326633735033954, 0.34155469907766073, 4.8638442316676415e-06, 4.8572859781534195e-06, 4.853074659134445e-06,
111, 0.333298278400348, 0.3328696953467273, 0.333809927090709, 7.364089080810179e-06, 7.365337039892867e-06, 7.370128027134094e-06,
112, 0.34340773740926717, 0.33257789137364735, 0.32399096747140993, 7.80079737480359e-06, 7.805160195794452e-06, 7.798179725012368e-06,
113, 0.338455302403123, 0.33915134113229256, 0.3223701460981111, 7.731160246572542e-06, 7.732446525650226e-06, 7.747153829413558e-06,
114, 0.33972753368190894, 0.3351935338505511, 0.3250587145410442, 6.754627287329983e-06, 6.738908498780168e-06, 6.724785077809221e-06,
115, 0.33247287608160786, 0.3372079975125963, 0.33029845225534143, 6.878927199902629e-06, 6.886206656148212e-06, 6.909409804545241e-06,
116, 0.33571665495925546, 0.3416933222426208, 0.3225482824741389, 1.3911951776517986e-05, 1.3917489375289374e-05, 1.391127620562447e-05,
117, 0.3427164598544914, 0.33453018674595925, 0.3227154480556969, 1.2651655020138969e-05, 1.2629017777839673e-05, 1.2625063183678672e-05,
118, 0.3478719021198651, 0.3319106950993238, 0.3201737990851419, 1.4526548985565943e-05, 1.4538435697493763e-05, 1.4539102341412758e-05,
119, 0.3402946438553725, 0.3287389852977974, 0.33094018971230643, 8.747467943788955e-06, 8.721733965609713e-06, 8.712325324165272e-06,
120, 0.3274834538354778, 0.32508859007074953, 0.3474102381682253, 5.895791356647366e-06, 5.9073984942676576e-06, 5.9151291997524635e-06,
121, 0.34039379218212107, 0.32679558445569185, 0.3327905316527407, 6.706490438042026e-06, 6.695632694214225e-06, 6.689977756800072e-06,
122, 0.3474300347930566, 0.326382026487853, 0.32616692328959307, 7.0050834582352795e-06, 7.004056944902354e-06, 7.006683049324724e-06,
123, 0.33657808970763725, 0.3308801576150114, 0.3325202998051204, 7.155031306417073e-06, 7.151444025315984e-06, 7.146792476298068e-06,
124, 0.33418113752821427, 0.33163762581181166, 0.3341706013659499, 3.5410741703774137e-06, 3.5433271273894055e-06, 3.5512910684978673e-06,
125, 0.32783087603085337, 0.33221931027246965, 0.33990947397765914, 1.3468562192469805e-05, 1.3452662008392066e-05, 1.3418894290128276e-05,
126, 0.3289775382369087, 0.32914659850643596, 0.3418278242576217, 1.5971238399717637e-05, 1.5995931809823656e-05, 1.6072229018170745e-05,
127, 0.33200835714893173, 0.32797000773879836, 0.33995701120496447, 2.1561826787460058e-05, 2.154956699354154e-05, 2.1512916605880203e-05,
128, 0.32247497314599377, 0.32543622083623375, 0.352073715387219, 5.0258474814823836e-06, 5.0288039279888e-06, 5.036382618121699e-06,
129, 0.3340740677431657, 0.3287971406067137, 0.33712734080765505, 4.83900858256262e-07, 4.835261513077497e-07, 4.838180234664648e-07,
130, 0.3409648508487821, 0.3295855028758572, 0.3294464981103688, 1.0487161438662469e-06, 1.0499805195055508e-06, 1.0498723847257045e-06,
131, 0.330622433184148, 0.33441834330208775, 0.33495636579905713, 9.534342482836536e-07, 9.523642196697179e-07, 9.523198996790063e-07,
132, 0.330557878994775, 0.3373933779221457, 0.332047221579004, 5.072171153640513e-07, 5.077794047666513e-07, 5.069124633039053e-07,
133, 0.34225794652391495, 0.3376168412857075, 0.3201225170185304, 8.990875157425005e-07, 8.982900929365128e-07, 8.981983823087454e-07,
134, 0.33635332413363495, 0.3422968347215048, 0.32134824991547584, 5.30367455581508e-07, 5.306513236955292e-07, 5.306138502191503e-07,
135, 0.3346499145151669, 0.33715026451603236, 0.32819794245781303, 6.267539027619911e-07, 6.262096953007306e-07, 6.259488675509822e-07,
136, 0.3396370247278278, 0.3338968582324112, 0.3264645938843456, 5.071023801828566e-07, 5.077842239461138e-07, 5.086701830430566e-07,
137, 0.3506500687787361, 0.33141950120000524, 0.3179248928878412, 1.8484002918952633e-06, 1.8452564315406755e-06, 1.8438778639534898e-06,
138, 0.3545102175842093, 0.3271594887163002, 0.31832280929192514, 2.4957523608608865e-06, 2.494729385000243e-06, 2.4943264740275227e-06,
139, 0.34530760229338114, 0.32916516750971725, 0.3255185045113168, 2.9121418420803284e-06, 2.906707807566238e-06, 2.907237742817097e-06,
140, 0.3325140514769893, 0.33170909774328305, 0.33576524992355034, 3.869018285782465e-06, 3.8682793629831894e-06, 3.8639596770713345e-06,
141, 0.3314748934901397, 0.33004825376251035, 0.3384713779568727, 1.8205932936899925e-06, 1.823066673160099e-06, 1.8315351513550191e-06,
142, 0.33454464368694947, 0.33105180440059034, 0.3344023055649625, 4.162157796725404e-07, 4.155928464491386e-07, 4.149432997059846e-07,
143, 0.3450002865929024, 0.32805868336511673, 0.3269404080415216, 2.0784599573021604e-07, 2.074005172010893e-07, 2.071566789467553e-07,
144, 0.3360487710905748, 0.33078647043806736, 0.3331599208424424, 1.6092213175265611e-06, 1.6109784579908418e-06, 1.6178311869305015e-06,
145, 0.327296346229515, 0.33567122313561887, 0.3370254453043652, 2.330622786408461e-06, 2.3304175682075243e-06, 2.324691169680459e-06,
146, 0.3272343261081525, 0.334566648145762, 0.3381901336988429, 2.9621301180171183e-06, 2.962774530740481e-06, 2.9675450926650645e-06,
147, 0.33458847750786286, 0.3344578189445919, 0.3309521780064366, 5.085788955138874e-07, 5.086610539097935e-07, 5.087045734400748e-07,
148, 0.3430820216234434, 0.335637100367519, 0.32127988332008306, 3.3172749677600864e-07, 3.314994702427547e-07, 3.3186708655318677e-07,
149, 0.3404061771678997, 0.33713480477694263, 0.3224574691032633, 5.165067860773418e-07, 5.172511031369706e-07, 5.155972128833177e-07,
150, 0.33951338527465047, 0.33602903966319636, 0.3244556801271974, 6.321500152077456e-07, 6.313948510388539e-07, 6.317915152997116e-07,
151, 0.3504863486718376, 0.3353899291726172, 0.3141167188897791, 2.3353703544129713e-06, 2.3338689009588384e-06, 2.3344278330196314e-06,
152, 0.3554338287059406, 0.3349653156691896, 0.30957247760401113, 9.456879155858003e-06, 9.460255134600737e-06, 9.461286547030881e-06,
153, 0.3554524381059888, 0.3346180720733236, 0.3099196088671912, 3.2992142565734656e-06, 3.291738261647824e-06, 3.2903986401078303e-06,
154, 0.3526103317658953, 0.33563264874898835, 0.3117514238144537, 1.8635592285189618e-06, 1.8673724223656294e-06, 1.8651390697046136e-06,
155, 0.3507067186968436, 0.33448483609611385, 0.314801259053948, 2.398368011373537e-06, 2.3941899019002465e-06, 2.3939943891602258e-06,
156, 0.34323681464371164, 0.3342042328173354, 0.32255190113165694, 2.349702798653492e-06, 2.3512228714468096e-06, 2.3508797315372206e-06,
157, 0.34361129280702707, 0.33474081451541565, 0.3216450663698539, 9.423747836113997e-07, 9.419236069668656e-07, 9.424048473747815e-07,
158, 0.33327501853749875, 0.33478882184132436, 0.3319335385921479, 8.740746040532731e-07, 8.738502998546456e-07, 8.735027952174111e-07,
159, 0.3356201930995501, 0.3332696464868011, 0.3311088443739571, 4.393987849110486e-07, 4.386378515580384e-07, 4.384012987451584e-07,
160, 0.3297754080836171, 0.3350367323374475, 0.3351877086107234, 5.04075182701967e-08, 5.044498559649678e-08, 5.051309849286724e-08,
161, 0.339886939902784, 0.3337449354965282, 0.3263678081379539, 1.0550282028098655e-07, 1.055606521585669e-07, 1.0579379901856888e-07,
162, 0.3426644480038729, 0.33220598785643457, 0.3251294373452676, 4.240837353622987e-08, 4.239054480359347e-08, 4.23925885005751e-08,
163, 0.348408959705246, 0.33129372689148184, 0.3202953319613327, 6.595551779421333e-07, 6.60039293642612e-07, 6.622421275484737e-07,
164, 0.3541888544808706, 0.32820140845688833, 0.3176017473377225, 2.663377422449863e-06, 2.663916540727128e-06, 2.6628252080584157e-06,
165, 0.3543369827638008, 0.32827838150459776, 0.31737231379210296, 4.1036349532927465e-06, 4.108993502661007e-06, 4.10970849615887e-06,
166, 0.34838545146156225, 0.33172941409134993, 0.3198701885659408, 4.9871986686905895e-06, 4.979837031659204e-06, 4.979241428835804e-06,
167, 0.3347780687570637, 0.33341458081003456, 0.33177346672025204, 1.1296675888125056e-05, 1.1298588610073062e-05, 1.1288843832073892e-05,
168, 0.3335602898047919, 0.3311313136467425, 0.3352867470148443, 7.206294199970447e-06, 7.208595119791698e-06, 7.235037808190967e-06,
169, 0.3377377336946322, 0.33201564373486725, 0.33022941488816937, 5.737883273619378e-06, 5.743809832894641e-06, 5.726383812134153e-06,
170, 0.32890310821622165, 0.32647370793369285, 0.3445997841703954, 7.804769997921032e-06, 7.799100279877893e-06, 7.796205902712157e-06,
171, 0.3429849763002129, 0.32542730519889873, 0.33156051829303446, 9.06598824979707e-06, 9.069154533929379e-06, 9.065461691872408e-06,
172, 0.3394565014914783, 0.3267973632749443, 0.3337313514286948, 4.921707777533117e-06, 4.923750638268198e-06, 4.938741935100714e-06,
173, 0.34664987403614844, 0.32737702349933906, 0.32596370005573444, 3.134233362286834e-06, 3.136484884781399e-06, 3.132087098204032e-06,
174, 0.34099706984889894, 0.33023841708064494, 0.32876215082292043, 7.870337878622651e-07, 7.870059672708057e-07, 7.886036674786428e-07,
175, 0.3425646710572362, 0.33059252087207147, 0.32684051838960004, 7.629864821211446e-07, 7.637384092535686e-07, 7.633544456448647e-07,
176, 0.32772843189434925, 0.33607102831109986, 0.33620036726849106, 5.762777457002816e-08, 5.7611171534470885e-08, 5.768473623823974e-08,
177, 0.3260341698373016, 0.3397382385664627, 0.334227489703249, 3.410685620416598e-08, 3.414700710902025e-08, 3.4036907330011695e-08,
178, 0.31893255081901084, 0.32890234489954734, 0.3521649903433959, 3.803072352986484e-08, 3.806612912786756e-08, 3.8238860380124436e-08,
179, 0.3333603878726016, 0.3295910830527007, 0.33704809457213847, 1.4493689673620844e-07, 1.4497891337515806e-07, 1.449850942864852e-07,
180, 0.3389366454586749, 0.3298290193989086, 0.33123362903986336, 2.35828398354337e-07, 2.3537358610210983e-07, 2.3529777366271952e-07,
181, 0.33611200219282455, 0.33083478771769464, 0.33305306711307636, 4.777092502255848e-08, 4.777593585277042e-08, 4.7824714582122646e-08,
182, 0.3303999724988407, 0.3311624007319536, 0.3384359489220619, 5.59057474174656e-07, 5.592637063023357e-07, 5.599209996230916e-07,
183, 0.3222454423146054, 0.3350012141008962, 0.34275237743071735, 3.2206250184971744e-07, 3.2210692951640586e-07, 3.2237823103757686e-07,
184, 0.32314708723487395, 0.33592059134663566, 0.34092330454184216, 3.004711990582787e-06, 3.0054549137366236e-06, 3.0071047493669793e-06,
185, 0.33652111723318934, 0.33398188931498873, 0.32948908203256294, 2.639685057119987e-06, 2.6376799819200754e-06, 2.63444706934823e-06,
186, 0.3282295848434455, 0.3329628022196489, 0.33880218566807524, 1.8059958853487414e-06, 1.8079557501537933e-06, 1.8137114232730874e-06,
187, 0.33546857161155125, 0.3300276315938282, 0.33450177850948193, 6.729923663485466e-07, 6.728027728384573e-07, 6.728842680981801e-07,
188, 0.33991762773212175, 0.3254753466368111, 0.3345910296736937, 5.33543075841935e-06, 5.332683009014888e-06, 5.328237603300575e-06,
189, 0.32188429092117615, 0.32253802927623176, 0.3555066658290948, 2.366141637433236e-05, 2.3664635854952867e-05, 2.3688314388788136e-05,
190, 0.332663954146779, 0.32780044703548084, 0.3394809113236066, 1.8232952632338706e-05, 1.823560031547545e-05, 1.8219335087093682e-05,
191, 0.3347154065209723, 0.3305438800307774, 0.3347284592779696, 4.088060772647856e-06, 4.081867739102002e-06, 4.084634784864548e-06,
192, 0.3442604978170129, 0.328845744544504, 0.3268892170118305, 1.5144427086495984e-06, 1.5138338618288714e-06, 1.5127458889530065e-06,
193, 0.35135456431488254, 0.3269772509904547, 0.3216647218287716, 1.1549621116753712e-06, 1.1539195582300932e-06, 1.1543791551366766e-06,
194, 0.3408407985611363, 0.33115463394179856, 0.3280040443790594, 1.7444566277983112e-07, 1.7451883216994912e-07, 1.7454858978908382e-07,
195, 0.3350231410488735, 0.3336540073134346, 0.3313227567931231, 3.1735056783034874e-08, 3.173519398746763e-08, 3.1767653029617065e-08,
196, 0.34074620599289845, 0.33291207859160676, 0.3263413750372239, 1.1361107594290939e-07, 1.1374866582861308e-07, 1.134107638301459e-07,
197, 0.3453794144482507, 0.3312724684675109, 0.3233479990610994, 3.9463467253940544e-08, 3.946414169575292e-08, 3.9484638766793354e-08,
198, 0.3518525287974215, 0.3308818213326362, 0.3172652605500979, 1.3002597015894287e-07, 1.298705754346797e-07, 1.298113676865313e-07,
199, 0.35370197005275733, 0.32809277864918146, 0.3182047616505368, 1.634343461620562e-07, 1.6335772031592e-07, 1.632440617877531e-07,
200, 0.34515703354719, 0.3298268650773668, 0.32501554609237876, 1.8496153748165523e-07, 1.8509678693872005e-07, 1.8561304333626346e-07,
201, 0.3337534693882577, 0.3279283955097647, 0.33831744432376337, 2.2998756743577e-07, 2.3020897080841824e-07, 2.309703994866194e-07,
202, 0.32050805514636577, 0.32554070798211376, 0.35395010109970776, 3.7880456980656296e-07, 3.787706664484696e-07, 3.7858318384931035e-07,
203, 0.326604405271019, 0.32924358001809023, 0.3441493070334343, 9.013982923429766e-07, 9.021486071887157e-07, 9.045175237046324e-07,
204, 0.32404029091622083, 0.3334336556750455, 0.34252370948358163, 7.822689564928214e-07, 7.815528984740537e-07, 7.804910989901952e-07,
205, 0.32575203466893266, 0.33500101666834775, 0.3392461138346329, 2.7802922802166844e-07, 2.781709038039205e-07, 2.790165828548331e-07,
206, 0.3313082890460131, 0.337002791410163, 0.33168794590913375, 3.2482345887321454e-07, 3.2509504924539276e-07, 3.241028889585987e-07,
207, 0.3305182181937883, 0.33633991901331495, 0.3331413785866445, 1.6154202333548676e-07, 1.6166008571503562e-07, 1.613915015514699e-07,
208, 0.33479424346292486, 0.3331643550839131, 0.3320407876241785, 2.0479987890024339e-07, 2.0463313087798281e-07, 2.0478041922750847e-07,
209, 0.3190467675456874, 0.32768237759916896, 0.35326415110743986, 2.2346900830104927e-06, 2.23512899775438e-06, 2.2343135917930683e-06,
210, 0.32455130706537166, 0.3318684180897748, 0.3435777325237275, 8.482300715719108e-07, 8.472180234102655e-07, 8.47257266426503e-07,
211, 0.33525880967096494, 0.3317744609308458, 0.33296371469225056, 1.0050779185771533e-06, 1.004981244017162e-06, 1.0050316557629167e-06,
212, 0.34216322195834575, 0.3317811769384795, 0.3260418654855237, 4.576623485876105e-06, 4.581272189705973e-06, 4.578102813956272e-06,
213, 0.3493411418732559, 0.3285733664000479, 0.32207414310542715, 3.789241681475088e-06, 3.7806922153467587e-06, 3.779067209443204e-06,
214, 0.3573154817288039, 0.3253597095800669, 0.3173179193063793, 2.2949511801056542e-06, 2.2965532385119744e-06, 2.298259011398603e-06,
215, 0.3608399027770453, 0.32430016753639157, 0.3148506280043139, 3.1039160084443443e-06, 3.100071192544426e-06, 3.0980769740013385e-06,
216, 0.35874791448157545, 0.32491013747979197, 0.31631804830461435, 7.965919077760713e-06, 7.96704691616579e-06, 7.96714754935807e-06,
217, 0.3466734913754576, 0.32854250432902216, 0.3247633011775832, 6.899200454994006e-06, 6.902738731935245e-06, 6.9015589451671846e-06,
218, 0.33890523671263656, 0.3302956866427895, 0.33078992105767496, 3.0584712814609743e-06, 3.0501095203169534e-06, 3.047385099295532e-06,
219, 0.3246981284864057, 0.3329846012658596, 0.3423146100714922, 8.855953881965402e-07, 8.868360682714425e-07, 8.881241277758042e-07,
220, 0.3208774886884668, 0.3311744925685612, 0.3479459545482799, 6.889116015723565e-07, 6.881553862768625e-07, 6.875077767992564e-07,
221, 0.3184589751596442, 0.32479668267801903, 0.35674405653794233, 9.511237285133295e-08, 9.523302777583045e-08, 9.565953457120891e-08,
222, 0.3368635288653858, 0.32617180576699945, 0.3369641494930782, 1.7213981299502491e-07, 1.7205749879856257e-07, 1.7205820209726681e-07,
223, 0.33247725353718444, 0.3298026573342713, 0.33771920632971053, 2.941987747028682e-07, 2.944435517813759e-07, 2.945360827081372e-07,
224, 0.32526033213716465, 0.3305032192391239, 0.3442318539789492, 1.5327125339146005e-06, 1.530838046191437e-06, 1.5314745671939873e-06,
225, 0.3170328790640396, 0.32679380506476496, 0.3561648007808495, 2.8391874666532105e-06, 2.8393628820924898e-06, 2.8369214193621936e-06,
226, 0.32564731156221427, 0.33152523864780936, 0.3428258633939609, 5.286175644107106e-07, 5.285827680494703e-07, 5.295779780737408e-07,
227, 0.32733151760336887, 0.334949678104222, 0.337717544973138, 4.2008286723596147e-07, 4.205237066670363e-07, 4.1909302168490944e-07,
228, 0.33129295928975994, 0.3342083607050495, 0.33449555633907424, 1.0413076752815242e-06, 1.041223003907866e-06, 1.041517807770074e-06,
229, 0.3322090222436507, 0.33425622562401885, 0.3335340845095802, 2.2261670138814355e-07, 2.2268461283371934e-07, 2.227025429830915e-07,
230, 0.3300401121704196, 0.33539444621672493, 0.33456496052909995, 1.6030117028985836e-07, 1.6036337968896296e-07, 1.6079905151899213e-07,
231, 0.3361657557626804, 0.33741014886913157, 0.32642337644160074, 2.395230482288453e-07, 2.3962465596708824e-07, 2.40161151688071e-07,
232, 0.3316609242614952, 0.3424472894240005, 0.32589011708768867, 5.566670477738448e-07, 5.568362176412128e-07, 5.561045608446909e-07,
233, 0.32719674690446326, 0.3377508514053814, 0.3350476884108481, 1.5708426314168575e-06, 1.5705731259384507e-06, 1.5722462522992576e-06,
234, 0.3197703743972132, 0.33696403513673484, 0.3432618229120811, 1.25669835103393e-06, 1.2575676842080706e-06, 1.2536703344636084e-06,
235, 0.3144858798793606, 0.33267740397540085, 0.35283515003859106, 5.216641865871077e-07, 5.218084406462366e-07, 5.230131635055922e-07,
236, 0.31108305876865716, 0.32644564779339846, 0.3624692061790397, 6.951359414590053e-07, 6.953730576568512e-07, 6.971313596000989e-07,
237, 0.3243667404224761, 0.33133728594818124, 0.3442953732620648, 2.0036736885791258e-07, 2.0057549087010277e-07, 1.9980617988128847e-07,
238, 0.3372680245835271, 0.3288116484443411, 0.33392020977779546, 3.9243835922393714e-08, 3.9152367045332356e-08, 3.918000582903079e-08,
239, 0.3239982748775509, 0.33248171839281665, 0.3435198541199865, 5.09727626450043e-08, 5.099133044271141e-08, 5.102868107448888e-08,
240, 0.32143239985433125, 0.330941545068026, 0.34762435125662944, 5.675233460737457e-07, 5.676856260276335e-07, 5.689936874223106e-07,
241, 0.31880667287771036, 0.32630823914219825, 0.35487564287415346, 3.1484870445990637e-06, 3.1491955738693457e-06, 3.1478054578918113e-06,
242, 0.3346530790947847, 0.3296109645788408, 0.33573046335557605, 1.8333369291248013e-06, 1.8303615014839708e-06, 1.8296567619399838e-06,
243, 0.3414471068977931, 0.33280417348064195, 0.32574448836644754, 1.4106436603488667e-06, 1.4104841640384663e-06, 1.4105092163396723e-06,
244, 0.3341385749199927, 0.33356294738936804, 0.3322907924327078, 2.5605387335032224e-06, 2.5610139696626096e-06, 2.564087231094467e-06,
245, 0.3301647700171221, 0.3344478683272998, 0.33538208545322346, 1.761650953351148e-06, 1.7613288886836508e-06, 1.7536046377570395e-06,
246, 0.33093016202803593, 0.33113329720193757, 0.3379262579333111, 3.4166208243319554e-06, 3.4237514170107776e-06, 3.4428464041945796e-06,
247, 0.33530422852984093, 0.3314666601675014, 0.33321055714551623, 6.199612878928095e-06, 6.184791512013755e-06, 6.170133747943192e-06,
248, 0.33001016992527604, 0.33379903380226267, 0.3361561513847299, 1.154905604317663e-05, 1.1542562950457044e-05, 1.1553649991602442e-05,
249, 0.3279404516093434, 0.3346428565380862, 0.337292043563782, 4.157606515598841e-05, 4.154812795098427e-05, 4.1524475865045865e-05,
250, 0.33349047749660377, 0.3340258831453029, 0.3323263071082498, 5.2412525519688745e-05, 5.24462691917865e-05, 5.2473835918741376e-05,
251, 0.3418285825815588, 0.33400530903626846, 0.3239914780184221, 5.826072884409392e-05, 5.8202972342414595e-05, 5.816704331195427e-05,
252, 0.3412954764344164, 0.339701568797534, 0.31885339749785185, 4.9825413300295556e-05, 4.985104109310112e-05, 4.988119486336033e-05,
253, 0.3493125746843293, 0.33180888220700144, 0.3188539897921214, 8.200056381761665e-06, 8.17871388453636e-06, 8.174927009824902e-06,
254, 0.34045852665838244, 0.33347712883587854, 0.3260451582986071, 6.390665022235561e-06, 6.397102484022199e-06, 6.3988184343790254e-06,
255, 0.32645471734518106, 0.3366655297310702, 0.336874828441733, 1.6429789706842882e-06, 1.6429571792078216e-06, 1.6389260986288988e-06,
256, 0.32048759981841085, 0.3364947831444564, 0.3430150963337811, 8.391000431799017e-07, 8.395133536506391e-07, 8.424694633383616e-07,
257, 0.32189037703635975, 0.33756242944446413, 0.3405431482686656, 1.3495097565696987e-06, 1.3498647265977274e-06, 1.3462570689532865e-06,
258, 0.320580271263993, 0.3354280931504555, 0.3439869916573095, 1.5466693021304693e-06, 1.54686307237641e-06, 1.5507750282903924e-06,
259, 0.31839355116287354, 0.3342075915965226, 0.34738429025250617, 4.854242120194199e-06, 4.856091038010498e-06, 4.857033773171835e-06,
260, 0.3253621917888812, 0.3335006421772592, 0.34112505721202335, 4.036240462211385e-06, 4.034971439663087e-06, 4.037989181393257e-06,
261, 0.3377927502199261, 0.3328277380843117, 0.3293686381264731, 3.622514926009994e-06, 3.6267161444476786e-06, 3.624716521336868e-06,
262, 0.3296167884751769, 0.339217811269923, 0.3311575372635692, 2.621629004273592e-06, 2.61918270414668e-06, 2.622560101981393e-06,
263, 0.319629184425289, 0.335013161213853, 0.34535545123519384, 7.342447613005098e-07, 7.346342382505049e-07, 7.346259016270145e-07,
264, 0.3162736041095428, 0.3279486876179079, 0.3557761157133842, 5.299061634162689e-07, 5.303658860330553e-07, 5.326678243566975e-07,
265, 0.3320536156530288, 0.3316926155834645, 0.3362427932959639, 3.6596910502993933e-06, 3.659110824713054e-06, 3.657048289042822e-06,
266, 0.3221744731816019, 0.33415344340374553, 0.34366374582825115, 2.7815125641647604e-06, 2.7782419269548172e-06, 2.7782127603486143e-06,
267, 0.3153256551662618, 0.33442354321750123, 0.3502451189941614, 1.8929460473635188e-06, 1.894451930177457e-06, 1.8956048908067812e-06,
268, 0.31479595610573724, 0.33550135565367034, 0.34970068758155104, 6.668816067395305e-07, 6.666060627234323e-07, 6.675523115086295e-07,
269, 0.3155041157473281, 0.33461149246042826, 0.3498821753269911, 7.393215886908728e-07, 7.398977569053546e-07, 7.376259442296189e-07,
270, 0.31443368476029465, 0.3282765011059175, 0.3572889146522577, 2.997576122580983e-07, 2.9980345291116954e-07, 3.0029910462792997e-07,
271, 0.3270306347738443, 0.33078413622985364, 0.34218487928463615, 1.1680001126612985e-07, 1.1665903783109674e-07, 1.166345886490719e-07,
272, 0.34024542198321445, 0.32906682122125525, 0.3306876438389195, 3.784268990571734e-08, 3.7752284446684106e-08, 3.774295854747348e-08,
273, 0.32867257130849786, 0.33408639329007517, 0.33724072554186657, 1.0334119612558683e-07, 1.0338533390668634e-07, 1.0351639258794494e-07,
274, 0.33205639309298346, 0.3352285782808897, 0.3327102729075573, 1.5851179458826577e-06, 1.5851530028149853e-06, 1.5858306062956397e-06,
275, 0.3368862805877857, 0.3379976923013979, 0.32511210160068343, 1.308799904238376e-06, 1.3092759621705996e-06, 1.307816309175627e-06,
276, 0.32830642822628403, 0.3385264844729061, 0.33316555634253053, 5.102412157916231e-07, 5.101355727000381e-07, 5.10965011187154e-07,
277, 0.3247414551994744, 0.34041190764754575, 0.33483629664190145, 3.44832018624038e-06, 3.449222224268706e-06, 3.4433506959738972e-06,
278, 0.3278018490066364, 0.34021455462758166, 0.3319753749238493, 2.7394082492940997e-06, 2.7395887996272407e-06, 2.7428250325953134e-06,
279, 0.33584730016773634, 0.34266309420240426, 0.32147243421010224, 5.7238509686520235e-06, 5.723897142476114e-06, 5.724049145897688e-06,
280, 0.3475123021711283, 0.3339697033872507, 0.3185073913085912, 3.535652466909949e-06, 3.533591658317264e-06, 3.5342664635307676e-06,
281, 0.3462285670476112, 0.3350755011472548, 0.3186826724627322, 4.4191663225514095e-06, 4.419389146729807e-06, 4.42116479116139e-06,
282, 0.332938742934661, 0.3360914714059448, 0.3309653144512323, 1.491328665476371e-06, 1.4922764015032358e-06, 1.4879795944513426e-06,
283, 0.3338504217193319, 0.3326240867950357, 0.3335221318597971, 1.119512134160329e-06, 1.1195680611612453e-06, 1.1209247074901613e-06,
